0 11.311 44.494
0.1 11.311 44.494
0.2 11.311 44.494
0.3 11.311 44.494
0.4 11.311 44.494
0.5 11.3109 44.494
0.6 11.3109 44.494
0.7 11.3109 44.494
0.8 11.3109 44.494
0.9 11.3109 44.494
1 11.3109 44.494
1.1 11.3109 44.494
1.2 11.3109 44.494
1.3 11.3109 44.494
1.4 11.3109 44.494
1.5 11.3109 44.494
1.6 11.3109 44.494
1.7 11.3109 44.494
1.8 11.3109 44.494
1.9 11.3109 44.494
2 11.3109 44.494
2.1 11.3109 44.494
2.2 11.3109 44.494
2.3 11.3109 44.494
2.4 11.3109 44.494
2.5 11.3109 44.494
2.6 11.3109 44.494
2.7 11.3109 44.494
2.8 11.3109 44.494
2.9 11.3109 44.4939
3 11.3109 44.4939
3.1 11.3109 44.4939
3.2 11.3109 44.4939
3.3 11.3109 44.4939
3.4 11.3109 44.4939
3.5 11.3109 44.4939
3.6 11.3109 44.4939
3.7 11.3109 44.4939
3.8 11.3109 44.4939
3.9 11.3109 44.4939
4 11.3109 44.4939
4.1 11.3109 44.4939
4.2 11.3109 44.4939
4.3 11.3109 44.4939
4.4 11.3109 44.4938
4.5 11.3109 44.4938
4.6 11.3109 44.4938
4.7 11.3109 44.4938
4.8 11.3109 44.4938
4.9 11.3109 44.4938
5 11.3109 44.4938
5.1 11.3109 44.4938
5.2 11.3109 44.4938
5.3 11.3109 44.4938
5.4 11.3109 44.4938
5.5 11.3109 44.4938
5.6 11.3109 44.4938
5.7 11.3109 44.4937
5.8 11.3109 44.4937
5.9 11.3109 44.4937
6 11.3109 44.4937
6.1 11.3109 44.4937
6.2 11.3109 44.4937
6.3 11.3109 44.4937
6.4 11.3109 44.4937
6.5 11.3109 44.4937
6.6 11.3109 44.4937
6.7 11.3109 44.4937
6.8 11.3109 44.4937
6.9 11.3109 44.4937
7 11.3109 44.4936
7.1 11.3109 44.4936
7.2 11.3109 44.4936
7.3 11.3109 44.4936
7.4 11.3109 44.4936
7.5 11.3109 44.4936
7.6 11.3109 44.4936
7.7 11.3109 44.4936
7.8 11.3109 44.4936
7.9 11.3109 44.4936
8 11.3109 44.4936
8.1 11.3109 44.4936
8.2 11.3109 44.4936
8.3 11.3109 44.4935
8.4 11.3109 44.4935
8.5 11.3109 44.4935
8.6 11.3109 44.4935
8.7 11.3109 44.4935
8.8 11.3109 44.4935
8.9 11.3109 44.4935
9 11.3109 44.4935
9.1 11.3109 44.4935
9.2 11.3109 44.4935
9.3 11.3109 44.4935
9.4 11.3109 44.4935
9.5 11.3109 44.4934
9.6 11.3109 44.4934
9.7 11.3109 44.4934
9.8 11.3109 44.4934
9.9 11.3109 44.4934
10 11.3109 44.4934
10.1 11.3109 44.4934
10.2 11.3109 44.4934
10.3 11.3109 44.4934
10.4 11.3109 44.4934
10.5 11.3109 44.4934
10.6 11.3109 44.4934
10.7 11.3109 44.4934
10.8 11.3109 44.4933
10.9 11.3109 44.4933
11 11.3109 44.4933
11.1 11.3109 44.4933
11.2 11.3109 44.4933
11.3 11.311 44.4933
11.4 11.311 44.4933
11.5 11.311 44.4933
11.6 11.311 44.4933
11.7 11.311 44.4933
11.8 11.311 44.4933
11.9 11.311 44.4933
12 11.311 44.4933
12.1 11.311 44.4932
12.2 11.311 44.4932
12.3 11.311 44.4932
12.4 11.311 44.4932
12.5 11.311 44.4932
12.6 11.311 44.4932
12.7 11.311 44.4932
12.8 11.311 44.4932
12.9 11.311 44.4932
13 11.311 44.4932
13.1 11.311 44.4932
13.2 11.311 44.4932
13.3 11.311 44.4932
13.4 11.311 44.4931
13.5 11.311 44.4931
13.6 11.311 44.4931
13.7 11.311 44.4931
13.8 11.311 44.4931
13.9 11.311 44.4931
14 11.311 44.4931
14.1 11.311 44.4931
14.2 11.311 44.4931
14.3 11.311 44.4931
14.4 11.311 44.4931
14.5 11.311 44.4931
14.6 11.311 44.493
14.7 11.311 44.493
14.8 11.311 44.493
14.9 11.311 44.493
15 11.311 44.493
15.1 11.311 44.493
15.2 11.311 44.493
15.3 11.311 44.493
15.4 11.311 44.493
15.5 11.311 44.493
15.6 11.311 44.493
15.7 11.311 44.493
15.8 11.311 44.493
15.9 11.311 44.4929
16 11.311 44.4929
16.1 11.311 44.4929
16.2 11.311 44.4929
16.3 11.311 44.4929
16.4 11.311 44.4929
16.5 11.311 44.4929
16.6 11.311 44.4929
16.7 11.311 44.4929
16.8 11.311 44.4929
16.9 11.311 44.4929
17 11.311 44.4929
17.1 11.311 44.4929
17.2 11.311 44.4928
17.3 11.311 44.4928
17.4 11.311 44.4928
17.5 11.311 44.4928
17.6 11.311 44.4928
17.7 11.311 44.4928
17.8 11.311 44.4928
17.9 11.311 44.4928
18 11.311 44.4928
18.1 11.311 44.4928
18.2 11.311 44.4928
18.3 11.311 44.4928
18.4 11.311 44.4927
18.5 11.311 44.4927
18.6 11.311 44.4927
18.7 11.311 44.4927
18.8 11.311 44.4927
18.9 11.311 44.4927
19 11.311 44.4927
19.1 11.311 44.4927
19.2 11.311 44.4927
19.3 11.311 44.4927
19.4 11.311 44.4927
19.5 11.311 44.4927
19.6 11.311 44.4927
19.7 11.311 44.4926
19.8 11.311 44.4926
19.9 11.311 44.4926
20 11.311 44.4926
20.1 11.311 44.4926
20.2 11.311 44.4926
20.3 11.311 44.4926
20.4 11.3111 44.4926
20.5 11.3111 44.4926
20.6 11.3111 44.4926
20.7 11.3111 44.4926
20.8 11.3111 44.4926
20.9 11.3111 44.4926
21 11.3111 44.4925
21.1 11.3111 44.4925
21.2 11.3111 44.4925
21.3 11.3111 44.4925
21.4 11.3111 44.4925
21.5 11.3111 44.4925
21.6 11.3111 44.4925
21.7 11.3111 44.4925
21.8 11.3111 44.4925
21.9 11.3111 44.4925
22 11.3111 44.4925
22.1 11.3111 44.4925
22.2 11.3111 44.4925
22.3 11.3111 44.4924
22.4 11.3111 44.4924
22.5 11.3111 44.4924
22.6 11.3111 44.4924
22.7 11.3111 44.4924
22.8 11.3111 44.4924
22.9 11.3111 44.4924
23 11.3111 44.4924
23.1 11.3111 44.4924
23.2 11.3111 44.4924
23.3 11.3111 44.4924
23.4 11.3111 44.4924
23.5 11.3111 44.4924
23.6 11.3111 44.4923
23.7 11.3111 44.4923
23.8 11.3111 44.4923
23.9 11.3111 44.4923
24 11.3111 44.4923
24.1 11.3111 44.4923
24.2 11.3111 44.4923
24.3 11.3111 44.4923
24.4 11.3111 44.4923
24.5 11.3111 44.4923
24.6 11.3111 44.4923
24.7 11.3111 44.4923
24.8 11.3111 44.4922
24.9 11.3111 44.4922
25 11.3111 44.4922
25.1 11.3111 44.4922
25.2 11.3111 44.4922
25.3 11.3111 44.4922
25.4 11.3111 44.4922
25.5 11.3111 44.4922
25.6 11.3111 44.4922
25.7 11.3111 44.4922
25.8 11.3111 44.4922
25.9 11.3111 44.4922
26 11.3111 44.4922
26.1 11.3111 44.4921
26.2 11.3111 44.4921
26.3 11.3111 44.4921
26.4 11.3111 44.4921
26.5 11.3111 44.4921
26.6 11.3111 44.4921
26.7 11.3111 44.4921
26.8 11.3111 44.4921
26.9 11.3111 44.4921
27 11.3111 44.4921
27.1 11.3111 44.4921
27.2 11.3111 44.4921
27.3 11.3111 44.4921
27.4 11.3111 44.492
27.5 11.3111 44.492
27.6 11.3111 44.492
27.7 11.3111 44.492
27.8 11.3111 44.492
27.9 11.3111 44.492
28 11.3111 44.492
28.1 11.3111 44.492
28.2 11.3111 44.492
28.3 11.3111 44.492
28.4 11.3111 44.492
28.5 11.3111 44.492
28.6 11.3111 44.492
28.7 11.3111 44.4919
28.8 11.3111 44.4919
28.9 11.3111 44.4919
29 11.3111 44.4919
29.1 11.3111 44.4919
29.2 11.3111 44.4919
29.3 11.3111 44.4919
29.4 11.3111 44.4919
29.5 11.3112 44.4919
29.6 11.3112 44.4919
29.7 11.3112 44.4919
29.8 11.3112 44.4919
29.9 11.3112 44.4918
30 11.3112 44.4918
30.1 11.3112 44.4918
30.2 11.3112 44.4918
30.3 11.3112 44.4918
30.4 11.3112 44.4918
30.5 11.3112 44.4918
30.6 11.3112 44.4918
30.7 11.3112 44.4918
30.8 11.3112 44.4918
30.9 11.3112 44.4918
31 11.3112 44.4918
31.1 11.3112 44.4918
31.2 11.3112 44.4918
31.3 11.3113 44.4918
31.4 11.3113 44.4918
31.5 11.3113 44.4918
31.6 11.3113 44.4918
31.7 11.3113 44.4918
31.8 11.3113 44.4918
31.9 11.3113 44.4918
32 11.3113 44.4918
32.1 11.3113 44.4918
32.2 11.3114 44.4918
32.3 11.3114 44.4918
32.4 11.3114 44.4918
32.5 11.3114 44.4918
32.6 11.3114 44.4918
32.7 11.3114 44.4918
32.8 11.3114 44.4918
32.9 11.3114 44.4918
33 11.3114 44.4918
33.1 11.3115 44.4918
33.2 11.3115 44.4918
33.3 11.3115 44.4918
33.4 11.3115 44.4918
33.5 11.3115 44.4918
33.6 11.3115 44.4918
33.7 11.3115 44.4918
33.8 11.3115 44.4918
33.9 11.3115 44.4918
34 11.3116 44.4918
34.1 11.3116 44.4918
34.2 11.3116 44.4918
34.3 11.3116 44.4918
34.4 11.3116 44.4918
34.5 11.3116 44.4918
34.6 11.3116 44.4918
34.7 11.3116 44.4918
34.8 11.3116 44.4918
34.9 11.3117 44.4918
35 11.3117 44.4918
35.1 11.3117 44.4918
35.2 11.3117 44.4918
35.3 11.3117 44.4918
35.4 11.3117 44.4918
35.5 11.3117 44.4918
35.6 11.3117 44.4918
35.7 11.3117 44.4918
35.8 11.3117 44.4918
35.9 11.3118 44.4918
36 11.3118 44.4918
36.1 11.3118 44.4918
36.2 11.3118 44.4918
36.3 11.3118 44.4918
36.4 11.3118 44.4918
36.5 11.3118 44.4918
36.6 11.3118 44.4918
36.7 11.3118 44.4918
36.8 11.3118 44.4918
36.9 11.3118 44.4918
37 11.3118 44.4918
37.1 11.3118 44.4918
37.2 11.3118 44.4918
37.3 11.3119 44.4918
37.4 11.3119 44.4918
37.5 11.3119 44.4918
37.6 11.3119 44.4919
37.7 11.3118 44.4919
37.8 11.3118 44.4919
37.9 11.3118 44.4919
38 11.3118 44.4919
38.1 11.3118 44.4919
38.2 11.3118 44.4919
38.3 11.3118 44.4919
38.4 11.3118 44.4919
38.5 11.3118 44.4919
38.6 11.3118 44.4919
38.7 11.3118 44.4919
38.8 11.3118 44.4919
38.9 11.3118 44.4919
39 11.3118 44.4919
39.1 11.3118 44.4919
39.2 11.3118 44.4919
39.3 11.3118 44.4919
39.4 11.3118 44.4919
39.5 11.3117 44.4919
39.6 11.3117 44.4919
39.7 11.3117 44.4919
39.8 11.3117 44.4919
39.9 11.3117 44.4919
40 11.3117 44.4919
40.1 11.3117 44.4919
40.2 11.3117 44.4918
40.3 11.3117 44.4918
40.4 11.3117 44.4918
40.5 11.3116 44.4918
40.6 11.3116 44.4918
40.7 11.3116 44.4918
40.8 11.3116 44.4918
40.9 11.3116 44.4918
41 11.3116 44.4918
41.1 11.3116 44.4918
41.2 11.3116 44.4918
41.3 11.3116 44.4918
41.4 11.3116 44.4918
41.5 11.3115 44.4918
41.6 11.3115 44.4918
41.7 11.3115 44.4918
41.8 11.3115 44.4918
41.9 11.3115 44.4918
42 11.3115 44.4918
42.1 11.3115 44.4918
42.2 11.3115 44.4918
42.3 11.3115 44.4918
42.4 11.3114 44.4918
42.5 11.3114 44.4918
42.6 11.3114 44.4918
42.7 11.3114 44.4918
42.8 11.3114 44.4918
42.9 11.3114 44.4918
43 11.3114 44.4918
43.1 11.3114 44.4918
43.2 11.3114 44.4918
43.3 11.3113 44.4918
43.4 11.3113 44.4918
43.5 11.3113 44.4918
43.6 11.3113 44.4918
43.7 11.3113 44.4918
43.8 11.3113 44.4918
43.9 11.3113 44.4918
44 11.3113 44.4918
44.1 11.3113 44.4918
44.2 11.3113 44.4918
44.3 11.3112 44.4918
44.4 11.3112 44.4918
44.5 11.3112 44.4918
44.6 11.3112 44.4918
44.7 11.3112 44.4918
44.8 11.3112 44.4918
44.9 11.3112 44.4918
45 11.3112 44.4918
45.1 11.3112 44.4918
45.2 11.3112 44.4919
45.3 11.3112 44.4919
45.4 11.3112 44.4919
45.5 11.3112 44.4919
45.6 11.3112 44.4919
45.7 11.3112 44.4919
45.8 11.3112 44.4919
45.9 11.3112 44.4919
46 11.3112 44.4919
46.1 11.3112 44.4919
46.2 11.3112 44.4919
46.3 11.3112 44.4919
46.4 11.3112 44.4919
46.5 11.3112 44.4919
46.6 11.3112 44.492
46.7 11.3112 44.492
46.8 11.3112 44.492
46.9 11.3112 44.492
47 11.3112 44.492
47.1 11.3112 44.492
47.2 11.3112 44.492
47.3 11.3112 44.492
47.4 11.3112 44.492
47.5 11.3112 44.492
47.6 11.3112 44.492
47.7 11.3112 44.492
47.8 11.3112 44.492
47.9 11.3112 44.4921
48 11.3112 44.4921
48.1 11.3112 44.4921
48.2 11.3112 44.4921
48.3 11.3112 44.4921
48.4 11.3112 44.4921
48.5 11.3112 44.4921
48.6 11.3112 44.4921
48.7 11.3112 44.4921
48.8 11.3112 44.4921
48.9 11.3112 44.4921
49 11.3112 44.4921
49.1 11.3112 44.4921
49.2 11.3112 44.4922
49.3 11.3112 44.4922
49.4 11.3111 44.4922
49.5 11.3111 44.4922
49.6 11.3111 44.4922
49.7 11.3111 44.4922
49.8 11.3111 44.4922
49.9 11.3111 44.4922
50 11.3111 44.4922
50.1 11.3111 44.4922
50.2 11.3111 44.4922
50.3 11.3111 44.4922
50.4 11.3111 44.4923
50.5 11.3111 44.4923
50.6 11.3111 44.4923
50.7 11.3111 44.4923
50.8 11.3111 44.4923
50.9 11.3111 44.4923
51 11.3111 44.4923
51.1 11.3111 44.4923
51.2 11.3111 44.4923
51.3 11.3111 44.4923
51.4 11.3111 44.4923
51.5 11.3111 44.4923
51.6 11.3111 44.4923
51.7 11.3111 44.4924
51.8 11.3111 44.4924
51.9 11.3111 44.4924
52 11.3111 44.4924
52.1 11.3111 44.4924
52.2 11.3111 44.4924
52.3 11.3111 44.4924
52.4 11.3111 44.4924
52.5 11.3111 44.4924
52.6 11.3111 44.4924
52.7 11.3111 44.4924
52.8 11.3111 44.4924
52.9 11.3111 44.4924
53 11.3111 44.4925
53.1 11.3111 44.4925
53.2 11.3111 44.4925
53.3 11.3111 44.4925
53.4 11.3111 44.4925
53.5 11.3111 44.4925
53.6 11.3111 44.4925
53.7 11.3111 44.4925
53.8 11.3111 44.4925
53.9 11.3111 44.4925
54 11.3111 44.4925
54.1 11.3111 44.4925
54.2 11.3111 44.4925
54.3 11.3111 44.4926
54.4 11.3111 44.4926
54.5 11.3111 44.4926
54.6 11.3111 44.4926
54.7 11.3111 44.4926
54.8 11.3111 44.4926
54.9 11.3111 44.4926
55 11.3111 44.4926
55.1 11.3111 44.4926
55.2 11.3111 44.4926
55.3 11.3111 44.4926
55.4 11.3111 44.4926
55.5 11.3111 44.4927
55.6 11.3111 44.4927
55.7 11.3111 44.4927
55.8 11.3111 44.4927
55.9 11.3111 44.4927
56 11.3111 44.4927
56.1 11.3111 44.4927
56.2 11.3111 44.4927
56.3 11.3111 44.4927
56.4 11.3111 44.4927
56.5 11.3111 44.4927
56.6 11.3111 44.4927
56.7 11.3111 44.4927
56.8 11.3111 44.4928
56.9 11.3111 44.4928
57 11.3111 44.4928
57.1 11.3111 44.4928
57.2 11.3111 44.4928
57.3 11.3111 44.4928
57.4 11.3111 44.4928
57.5 11.3111 44.4928
57.6 11.3111 44.4928
57.7 11.3111 44.4928
57.8 11.3111 44.4928
57.9 11.3111 44.4928
58 11.3111 44.4928
58.1 11.3111 44.4929
58.2 11.3111 44.4929
58.3 11.3111 44.4929
58.4 11.3111 44.4929
58.5 11.311 44.4929
58.6 11.311 44.4929
58.7 11.311 44.4929
58.8 11.311 44.4929
58.9 11.311 44.4929
59 11.311 44.4929
59.1 11.311 44.4929
59.2 11.311 44.4929
59.3 11.311 44.4929
59.4 11.311 44.493
59.5 11.311 44.493
59.6 11.311 44.493
59.7 11.311 44.493
59.8 11.311 44.493
59.9 11.311 44.493
60 11.311 44.493
60.1 11.311 44.493
60.2 11.311 44.493
60.3 11.311 44.493
60.4 11.311 44.493
60.5 11.311 44.493
60.6 11.311 44.493
60.7 11.311 44.4931
60.8 11.311 44.4931
60.9 11.311 44.4931
61 11.311 44.4931
61.1 11.311 44.4931
61.2 11.311 44.4931
61.3 11.311 44.4931
61.4 11.311 44.4931
61.5 11.311 44.4931
61.6 11.311 44.4931
61.7 11.311 44.4931
61.8 11.311 44.4931
61.9 11.311 44.4932
62 11.311 44.4932
62.1 11.311 44.4932
62.2 11.311 44.4932
62.3 11.311 44.4932
62.4 11.311 44.4932
62.5 11.311 44.4932
62.6 11.311 44.4932
62.7 11.311 44.4932
62.8 11.311 44.4932
62.9 11.311 44.4932
63 11.311 44.4932
63.1 11.311 44.4932
63.2 11.311 44.4933
63.3 11.311 44.4933
63.4 11.311 44.4933
63.5 11.311 44.4933
63.6 11.311 44.4933
63.7 11.311 44.4933
63.8 11.311 44.4933
63.9 11.311 44.4933
64 11.311 44.4933
64.1 11.311 44.4933
64.2 11.311 44.4933
64.3 11.311 44.4933
64.4 11.311 44.4933
64.5 11.311 44.4934
64.6 11.311 44.4934
64.7 11.311 44.4934
64.8 11.311 44.4934
64.9 11.311 44.4934
65 11.311 44.4934
65.1 11.311 44.4934
65.2 11.311 44.4934
65.3 11.311 44.4934
65.4 11.311 44.4934
65.5 11.311 44.4934
65.6 11.311 44.4934
65.7 11.311 44.4934
65.8 11.311 44.4935
65.9 11.311 44.4935
66 11.311 44.4935
66.1 11.311 44.4935
66.2 11.311 44.4935
66.3 11.311 44.4935
66.4 11.311 44.4935
66.5 11.311 44.4935
66.6 11.311 44.4935
66.7 11.311 44.4935
66.8 11.311 44.4935
66.9 11.311 44.4935
67 11.311 44.4936
67.1 11.311 44.4936
67.2 11.311 44.4936
67.3 11.311 44.4936
67.4 11.311 44.4936
67.5 11.311 44.4936
67.6 11.3109 44.4936
67.7 11.3109 44.4936
67.8 11.3109 44.4936
67.9 11.3109 44.4936
68 11.3109 44.4936
68.1 11.3109 44.4936
68.2 11.3109 44.4936
68.3 11.3109 44.4937
68.4 11.3109 44.4937
68.5 11.3109 44.4937
68.6 11.3109 44.4937
68.7 11.3109 44.4937
68.8 11.3109 44.4937
68.9 11.3109 44.4937
69 11.3109 44.4937
69.1 11.3109 44.4937
69.2 11.3109 44.4937
69.3 11.3109 44.4937
69.4 11.3109 44.4937
69.5 11.3109 44.4937
69.6 11.3109 44.4938
69.7 11.3109 44.4938
69.8 11.3109 44.4938
69.9 11.3109 44.4938
70 11.3109 44.4938
70.1 11.3109 44.4938
70.2 11.3109 44.4938
70.3 11.3109 44.4938
70.4 11.3109 44.4938
70.5 11.3109 44.4938
70.6 11.3109 44.4938
70.7 11.3109 44.4938
70.8 11.3109 44.4939
70.9 11.3109 44.4939
71 11.3109 44.4939
71.1 11.3109 44.4939
71.2 11.3109 44.4939
71.3 11.3109 44.4939
71.4 11.3109 44.4939
71.5 11.3109 44.4939
71.6 11.3109 44.4939
71.7 11.3109 44.4939
71.8 11.3109 44.4939
71.9 11.3109 44.4939
72 11.3109 44.4939
72.1 11.3109 44.494
72.2 11.3109 44.494
72.3 11.3109 44.494
72.4 11.3109 44.494
72.5 11.3109 44.494
72.6 11.3109 44.494
72.7 11.3109 44.494
72.8 11.3109 44.494
72.9 11.3109 44.494
73 11.3109 44.494
73.1 11.3109 44.494
73.2 11.3109 44.494
73.3 11.3109 44.494
73.4 11.3109 44.4941
73.5 11.3109 44.4941
73.6 11.3109 44.4941
73.7 11.3109 44.4941
73.8 11.3109 44.4941
73.9 11.3109 44.4941
74 11.3109 44.4941
74.1 11.3109 44.4941
74.2 11.3109 44.4941
74.3 11.3109 44.4941
74.4 11.3109 44.4941
74.5 11.3109 44.4941
74.6 11.3109 44.4941
74.7 11.3109 44.4942
74.8 11.3109 44.4942
74.9 11.3109 44.4942
75 11.3109 44.4942
75.1 11.3109 44.4942
75.2 11.3109 44.4942
75.3 11.3109 44.4942
75.4 11.3109 44.4942
75.5 11.3109 44.4942
75.6 11.3109 44.4942
75.7 11.3109 44.4942
75.8 11.3109 44.4942
75.9 11.3109 44.4942
76 11.3109 44.4942
76.1 11.3109 44.4942
76.2 11.3109 44.4943
76.3 11.3109 44.4943
76.4 11.3108 44.4943
76.5 11.3108 44.4943
76.6 11.3108 44.4943
76.7 11.3108 44.4943
76.8 11.3108 44.4943
76.9 11.3108 44.4943
77 11.3108 44.4943
77.1 11.3108 44.4943
77.2 11.3108 44.4943
77.3 11.3108 44.4943
77.4 11.3108 44.4943
77.5 11.3108 44.4943
77.6 11.3108 44.4943
77.7 11.3108 44.4944
77.8 11.3108 44.4944
77.9 11.3108 44.4944
78 11.3108 44.4944
78.1 11.3108 44.4944
78.2 11.3108 44.4944
78.3 11.3108 44.4944
78.4 11.3108 44.4944
78.5 11.3108 44.4944
78.6 11.3108 44.4944
78.7 11.3108 44.4944
78.8 11.3108 44.4944
78.9 11.3108 44.4944
79 11.3108 44.4944
79.1 11.3108 44.4944
79.2 11.3108 44.4945
79.3 11.3108 44.4945
79.4 11.3108 44.4945
79.5 11.3108 44.4945
79.6 11.3108 44.4945
79.7 11.3108 44.4945
79.8 11.3108 44.4945
79.9 11.3108 44.4945
80 11.3108 44.4945
80.1 11.3108 44.4945
80.2 11.3108 44.4945
80.3 11.3108 44.4945
80.4 11.3108 44.4945
80.5 11.3108 44.4945
80.6 11.3108 44.4945
80.7 11.3108 44.4946
80.8 11.3108 44.4946
80.9 11.3108 44.4946
81 11.3108 44.4946
81.1 11.3108 44.4946
81.2 11.3108 44.4946
81.3 11.3108 44.4946
81.4 11.3108 44.4946
81.5 11.3108 44.4946
81.6 11.3108 44.4946
81.7 11.3108 44.4946
81.8 11.3108 44.4946
81.9 11.3108 44.4946
82 11.3108 44.4946
82.1 11.3108 44.4946
82.2 11.3108 44.4946
82.3 11.3108 44.4947
82.4 11.3108 44.4947
82.5 11.3108 44.4947
82.6 11.3108 44.4947
82.7 11.3108 44.4947
82.8 11.3108 44.4947
82.9 11.3108 44.4947
83 11.3108 44.4947
83.1 11.3108 44.4947
83.2 11.3108 44.4947
83.3 11.3108 44.4947
83.4 11.3108 44.4947
83.5 11.3108 44.4947
83.6 11.3108 44.4947
83.7 11.3108 44.4947
83.8 11.3108 44.4947
83.9 11.3108 44.4948
84 11.3108 44.4948
84.1 11.3108 44.4948
84.2 11.3108 44.4948
84.3 11.3108 44.4948
84.4 11.3108 44.4948
84.5 11.3108 44.4948
84.6 11.3108 44.4948
84.7 11.3108 44.4948
84.8 11.3108 44.4948
84.9 11.3108 44.4948
85 11.3108 44.4948
85.1 11.3108 44.4948
85.2 11.3108 44.4948
85.3 11.3108 44.4948
85.4 11.3108 44.4948
85.5 11.3108 44.4949
85.6 11.3108 44.4949
85.7 11.3108 44.4949
85.8 11.3108 44.4949
85.9 11.3107 44.4949
86 11.3107 44.4949
86.1 11.3107 44.4949
86.2 11.3107 44.4949
86.3 11.3107 44.4949
86.4 11.3107 44.4949
86.5 11.3107 44.4949
86.6 11.3107 44.4949
86.7 11.3107 44.4949
86.8 11.3107 44.4949
86.9 11.3107 44.4949
87 11.3107 44.495
87.1 11.3107 44.495
87.2 11.3107 44.495
87.3 11.3107 44.495
87.4 11.3107 44.495
87.5 11.3107 44.495
87.6 11.3107 44.495
87.7 11.3107 44.495
87.8 11.3107 44.495
87.9 11.3107 44.495
88 11.3107 44.495
88.1 11.3107 44.495
88.2 11.3107 44.495
88.3 11.3107 44.495
88.4 11.3107 44.495
88.5 11.3107 44.495
88.6 11.3107 44.4951
88.7 11.3107 44.4951
88.8 11.3107 44.4951
88.9 11.3107 44.4951
89 11.3107 44.4951
89.1 11.3107 44.4951
89.2 11.3107 44.4951
89.3 11.3107 44.4951
89.4 11.3107 44.4951
89.5 11.3107 44.4951
89.6 11.3107 44.4951
89.7 11.3107 44.4951
89.8 11.3107 44.4951
89.9 11.3107 44.4951
