0 11.3129 44.4946
0.1 11.3129 44.4946
0.2 11.3129 44.4946
0.3 11.3129 44.4946
0.4 11.3129 44.4946
0.5 11.3129 44.4946
0.6 11.3129 44.4946
0.7 11.3129 44.4946
0.8 11.3129 44.4946
0.9 11.3129 44.4946
1 11.3129 44.4947
1.1 11.3128 44.4947
1.2 11.3128 44.4947
1.3 11.3128 44.4947
1.4 11.3128 44.4947
1.5 11.3128 44.4947
1.6 11.3128 44.4947
1.7 11.3128 44.4947
1.8 11.3128 44.4947
1.9 11.3128 44.4947
2 11.3128 44.4947
2.1 11.3128 44.4947
2.2 11.3128 44.4947
2.3 11.3128 44.4948
2.4 11.3128 44.4948
2.5 11.3128 44.4948
2.6 11.3128 44.4948
2.7 11.3128 44.4948
2.8 11.3128 44.4948
2.9 11.3128 44.4948
3 11.3128 44.4948
3.1 11.3128 44.4948
3.2 11.3128 44.4948
3.3 11.3128 44.4948
3.4 11.3128 44.4948
3.5 11.3128 44.4948
3.6 11.3128 44.4949
3.7 11.3128 44.4949
3.8 11.3128 44.4949
3.9 11.3128 44.4949
4 11.3128 44.4949
4.1 11.3128 44.4949
4.2 11.3128 44.4949
4.3 11.3128 44.4949
4.4 11.3128 44.4949
4.5 11.3128 44.4949
4.6 11.3128 44.4949
4.7 11.3128 44.4949
4.8 11.3128 44.4949
4.9 11.3128 44.495
5 11.3128 44.495
5.1 11.3128 44.495
5.2 11.3128 44.495
5.3 11.3128 44.495
5.4 11.3128 44.495
5.5 11.3128 44.495
5.6 11.3128 44.495
5.7 11.3128 44.495
5.8 11.3128 44.495
5.9 11.3128 44.495
6 11.3128 44.495
6.1 11.3128 44.495
6.2 11.3128 44.495
6.3 11.3128 44.4951
6.4 11.3128 44.4951
6.5 11.3128 44.4951
6.6 11.3128 44.4951
6.7 11.3128 44.4951
6.8 11.3128 44.4951
6.9 11.3128 44.4951
7 11.3128 44.4951
7.1 11.3128 44.4951
7.2 11.3128 44.4951
7.3 11.3128 44.4951
7.4 11.3128 44.4951
7.5 11.3128 44.4951
7.6 11.3128 44.4952
7.7 11.3128 44.4952
7.8 11.3128 44.4952
7.9 11.3128 44.4952
8 11.3128 44.4952
8.1 11.3128 44.4952
8.2 11.3128 44.4952
8.3 11.3128 44.4952
8.4 11.3128 44.4952
8.5 11.3128 44.4952
8.6 11.3128 44.4952
8.7 11.3128 44.4952
8.8 11.3128 44.4952
8.9 11.3128 44.4952
9 11.3128 44.4952
9.1 11.3128 44.4952
9.2 11.3128 44.4952
9.3 11.3128 44.4953
9.4 11.3128 44.4953
9.5 11.3128 44.4953
9.6 11.3128 44.4953
9.7 11.3128 44.4953
9.8 11.3128 44.4953
9.9 11.3128 44.4953
10 11.3129 44.4953
10.1 11.3129 44.4953
10.2 11.3129 44.4953
10.3 11.3129 44.4953
10.4 11.3129 44.4953
10.5 11.3129 44.4953
10.6 11.3129 44.4953
10.7 11.3129 44.4953
10.8 11.3129 44.4953
10.9 11.3129 44.4953
11 11.313 44.4953
11.1 11.313 44.4953
11.2 11.313 44.4953
11.3 11.313 44.4953
11.4 11.313 44.4953
11.5 11.313 44.4953
11.6 11.313 44.4953
11.7 11.313 44.4953
11.8 11.313 44.4953
11.9 11.313 44.4953
12 11.3131 44.4953
12.1 11.3131 44.4953
12.2 11.3131 44.4953
12.3 11.3131 44.4953
12.4 11.3131 44.4953
12.5 11.3131 44.4953
12.6 11.3131 44.4953
12.7 11.3131 44.4953
12.8 11.3131 44.4953
12.9 11.3132 44.4953
13 11.3132 44.4953
13.1 11.3132 44.4953
13.2 11.3132 44.4953
13.3 11.3132 44.4953
13.4 11.3132 44.4953
13.5 11.3132 44.4953
13.6 11.3132 44.4953
13.7 11.3132 44.4953
13.8 11.3132 44.4953
13.9 11.3133 44.4953
14 11.3133 44.4953
14.1 11.3133 44.4953
14.2 11.3133 44.4953
14.3 11.3133 44.4953
14.4 11.3133 44.4953
14.5 11.3133 44.4953
14.6 11.3133 44.4953
14.7 11.3133 44.4953
14.8 11.3134 44.4953
14.9 11.3134 44.4953
15 11.3134 44.4953
15.1 11.3134 44.4953
15.2 11.3134 44.4953
15.3 11.3134 44.4953
15.4 11.3134 44.4953
15.5 11.3134 44.4953
15.6 11.3134 44.4953
15.7 11.3134 44.4953
15.8 11.3135 44.4953
15.9 11.3135 44.4953
16 11.3135 44.4953
16.1 11.3135 44.4954
16.2 11.3135 44.4954
16.3 11.3135 44.4954
16.4 11.3135 44.4954
16.5 11.3135 44.4954
16.6 11.3135 44.4954
16.7 11.3135 44.4954
16.8 11.3136 44.4954
16.9 11.3136 44.4954
17 11.3136 44.4954
17.1 11.3136 44.4954
17.2 11.3136 44.4954
17.3 11.3136 44.4954
17.4 11.3136 44.4954
17.5 11.3136 44.4954
17.6 11.3136 44.4954
17.7 11.3137 44.4954
17.8 11.3137 44.4954
17.9 11.3137 44.4954
18 11.3137 44.4954
18.1 11.3137 44.4954
18.2 11.3137 44.4954
18.3 11.3137 44.4954
18.4 11.3137 44.4954
18.5 11.3137 44.4954
18.6 11.3137 44.4954
18.7 11.3138 44.4954
18.8 11.3138 44.4954
18.9 11.3138 44.4954
19 11.3138 44.4954
19.1 11.3138 44.4954
19.2 11.3138 44.4954
19.3 11.3138 44.4954
19.4 11.3138 44.4954
19.5 11.3138 44.4954
19.6 11.3139 44.4954
19.7 11.3139 44.4954
19.8 11.3139 44.4954
19.9 11.3139 44.4954
20 11.3139 44.4954
20.1 11.3139 44.4954
20.2 11.3139 44.4954
20.3 11.3139 44.4954
20.4 11.3139 44.4954
20.5 11.3139 44.4954
20.6 11.314 44.4954
20.7 11.314 44.4954
20.8 11.314 44.4954
20.9 11.314 44.4954
21 11.314 44.4954
21.1 11.314 44.4954
21.2 11.314 44.4954
21.3 11.314 44.4954
21.4 11.314 44.4954
21.5 11.314 44.4954
21.6 11.3141 44.4954
21.7 11.3141 44.4954
21.8 11.3141 44.4954
21.9 11.3141 44.4954
22 11.3141 44.4954
22.1 11.3141 44.4954
22.2 11.3141 44.4954
22.3 11.3141 44.4954
22.4 11.3141 44.4954
22.5 11.3142 44.4954
22.6 11.3142 44.4954
22.7 11.3142 44.4954
22.8 11.3142 44.4954
22.9 11.3142 44.4954
23 11.3142 44.4954
23.1 11.3142 44.4955
23.2 11.3142 44.4955
23.3 11.3142 44.4955
23.4 11.3142 44.4955
23.5 11.3143 44.4955
23.6 11.3143 44.4955
23.7 11.3143 44.4955
23.8 11.3143 44.4955
23.9 11.3143 44.4955
24 11.3143 44.4955
24.1 11.3143 44.4955
24.2 11.3143 44.4955
24.3 11.3143 44.4955
24.4 11.3143 44.4955
24.5 11.3144 44.4955
24.6 11.3144 44.4955
24.7 11.3144 44.4955
24.8 11.3144 44.4955
24.9 11.3144 44.4955
25 11.3144 44.4955
25.1 11.3144 44.4955
25.2 11.3144 44.4955
25.3 11.3144 44.4955
25.4 11.3145 44.4955
25.5 11.3145 44.4955
25.6 11.3145 44.4955
25.7 11.3145 44.4955
25.8 11.3145 44.4955
25.9 11.3145 44.4955
26 11.3145 44.4955
26.1 11.3145 44.4955
26.2 11.3145 44.4955
26.3 11.3145 44.4955
26.4 11.3146 44.4955
26.5 11.3146 44.4955
26.6 11.3146 44.4955
26.7 11.3146 44.4955
26.8 11.3146 44.4955
26.9 11.3146 44.4955
27 11.3146 44.4955
27.1 11.3146 44.4955
27.2 11.3146 44.4955
27.3 11.3146 44.4955
27.4 11.3147 44.4955
27.5 11.3147 44.4955
27.6 11.3147 44.4955
27.7 11.3147 44.4955
27.8 11.3147 44.4955
27.9 11.3147 44.4955
28 11.3147 44.4955
28.1 11.3147 44.4955
28.2 11.3147 44.4955
28.3 11.3147 44.4955
28.4 11.3147 44.4955
28.5 11.3148 44.4955
28.6 11.3148 44.4955
28.7 11.3148 44.4955
28.8 11.3148 44.4955
28.9 11.3148 44.4955
29 11.3148 44.4955
29.1 11.3148 44.4955
29.2 11.3148 44.4955
29.3 11.3148 44.4955
29.4 11.3148 44.4955
29.5 11.3148 44.4955
29.6 11.3148 44.4955
29.7 11.3148 44.4955
29.8 11.3148 44.4955
29.9 11.3148 44.4955
30 11.3148 44.4955
30.1 11.3148 44.4955
30.2 11.3148 44.4955
30.3 11.3148 44.4955
30.4 11.3148 44.4955
30.5 11.3148 44.4955
30.6 11.3148 44.4955
30.7 11.3148 44.4955
30.8 11.3148 44.4955
30.9 11.3148 44.4955
31 11.3148 44.4955
31.1 11.3148 44.4955
31.2 11.3148 44.4955
31.3 11.3148 44.4955
31.4 11.3148 44.4955
31.5 11.3148 44.4955
31.6 11.3148 44.4955
31.7 11.3148 44.4955
31.8 11.3148 44.4955
31.9 11.3148 44.4955
32 11.3148 44.4955
32.1 11.3148 44.4955
32.2 11.3148 44.4955
32.3 11.3148 44.4955
32.4 11.3148 44.4955
32.5 11.3148 44.4955
32.6 11.3148 44.4955
32.7 11.3148 44.4955
32.8 11.3148 44.4955
32.9 11.3148 44.4955
33 11.3148 44.4955
33.1 11.3148 44.4955
33.2 11.3148 44.4955
33.3 11.3148 44.4955
33.4 11.3148 44.4955
33.5 11.3148 44.4955
33.6 11.3148 44.4955
33.7 11.3148 44.4955
33.8 11.3148 44.4955
33.9 11.3148 44.4955
34 11.3148 44.4955
34.1 11.3148 44.4955
34.2 11.3148 44.4955
34.3 11.3148 44.4955
34.4 11.3148 44.4955
34.5 11.3148 44.4955
34.6 11.3148 44.4955
34.7 11.3148 44.4955
34.8 11.3148 44.4955
34.9 11.3148 44.4955
35 11.3148 44.4955
35.1 11.3148 44.4955
35.2 11.3149 44.4955
35.3 11.3149 44.4956
35.4 11.3149 44.4956
35.5 11.3149 44.4956
35.6 11.3149 44.4956
35.7 11.3149 44.4956
35.8 11.3149 44.4956
35.9 11.3149 44.4956
36 11.3149 44.4956
36.1 11.3149 44.4956
36.2 11.3149 44.4956
36.3 11.3149 44.4956
36.4 11.3149 44.4956
36.5 11.3149 44.4956
36.6 11.3149 44.4956
36.7 11.3149 44.4956
36.8 11.3149 44.4956
36.9 11.315 44.4956
37 11.315 44.4956
37.1 11.315 44.4956
37.2 11.315 44.4956
37.3 11.315 44.4956
37.4 11.315 44.4956
37.5 11.315 44.4956
37.6 11.315 44.4957
37.7 11.315 44.4957
37.8 11.315 44.4957
37.9 11.315 44.4957
38 11.315 44.4957
38.1 11.315 44.4957
38.2 11.315 44.4957
38.3 11.315 44.4957
38.4 11.315 44.4957
38.5 11.315 44.4957
38.6 11.315 44.4957
38.7 11.315 44.4957
38.8 11.315 44.4957
38.9 11.315 44.4957
39 11.315 44.4957
39.1 11.315 44.4957
39.2 11.3151 44.4958
39.3 11.3151 44.4958
39.4 11.3151 44.4958
39.5 11.3151 44.4958
39.6 11.3151 44.4958
39.7 11.3151 44.4958
39.8 11.3151 44.4958
39.9 11.315 44.4958
40 11.315 44.4958
40.1 11.315 44.4958
40.2 11.315 44.4958
40.3 11.315 44.4958
40.4 11.315 44.4958
40.5 11.315 44.4958
40.6 11.315 44.4958
40.7 11.315 44.4958
40.8 11.315 44.4958
40.9 11.315 44.4958
41 11.315 44.4958
41.1 11.315 44.4958
41.2 11.315 44.4958
41.3 11.315 44.4957
41.4 11.315 44.4957
41.5 11.315 44.4957
41.6 11.315 44.4957
41.7 11.315 44.4957
41.8 11.315 44.4957
41.9 11.315 44.4957
42 11.315 44.4957
42.1 11.315 44.4957
42.2 11.315 44.4957
42.3 11.315 44.4957
42.4 11.315 44.4957
42.5 11.315 44.4957
42.6 11.315 44.4957
42.7 11.315 44.4957
42.8 11.315 44.4957
42.9 11.3149 44.4957
43 11.3149 44.4957
43.1 11.3149 44.4956
43.2 11.3149 44.4956
43.3 11.3149 44.4956
43.4 11.3149 44.4956
43.5 11.3149 44.4956
43.6 11.3149 44.4956
43.7 11.3149 44.4956
43.8 11.3149 44.4956
43.9 11.3149 44.4956
44 11.3149 44.4956
44.1 11.3149 44.4956
44.2 11.3149 44.4956
44.3 11.3149 44.4956
44.4 11.3149 44.4955
44.5 11.3149 44.4955
44.6 11.3149 44.4955
44.7 11.3149 44.4955
44.8 11.3148 44.4955
44.9 11.3148 44.4955
45 11.3148 44.4955
45.1 11.3148 44.4955
45.2 11.3148 44.4955
45.3 11.3148 44.4955
45.4 11.3148 44.4954
45.5 11.3148 44.4954
45.6 11.3148 44.4954
45.7 11.3148 44.4954
45.8 11.3148 44.4954
45.9 11.3148 44.4954
46 11.3148 44.4954
46.1 11.3148 44.4954
46.2 11.3147 44.4954
46.3 11.3147 44.4953
46.4 11.3147 44.4953
46.5 11.3147 44.4953
46.6 11.3147 44.4953
46.7 11.3147 44.4953
46.8 11.3147 44.4953
46.9 11.3147 44.4953
47 11.3147 44.4953
47.1 11.3147 44.4952
47.2 11.3147 44.4952
47.3 11.3147 44.4952
47.4 11.3146 44.4952
47.5 11.3146 44.4952
47.6 11.3146 44.4952
47.7 11.3146 44.4952
47.8 11.3146 44.4951
47.9 11.3146 44.4951
48 11.3146 44.4951
48.1 11.3146 44.4951
48.2 11.3146 44.4951
48.3 11.3146 44.4951
48.4 11.3145 44.4951
48.5 11.3145 44.495
48.6 11.3145 44.495
48.7 11.3145 44.495
48.8 11.3145 44.495
48.9 11.3145 44.495
49 11.3145 44.495
49.1 11.3145 44.495
49.2 11.3145 44.495
49.3 11.3145 44.495
49.4 11.3145 44.4949
49.5 11.3145 44.4949
49.6 11.3144 44.4949
49.7 11.3144 44.4949
49.8 11.3144 44.4949
49.9 11.3144 44.4949
50 11.3144 44.4949
50.1 11.3144 44.4949
50.2 11.3144 44.4949
50.3 11.3144 44.4949
50.4 11.3144 44.4949
50.5 11.3144 44.4949
50.6 11.3144 44.4949
50.7 11.3144 44.4949
50.8 11.3143 44.4948
50.9 11.3143 44.4948
51 11.3143 44.4948
51.1 11.3143 44.4948
51.2 11.3143 44.4948
51.3 11.3143 44.4948
51.4 11.3143 44.4948
51.5 11.3143 44.4948
51.6 11.3143 44.4948
51.7 11.3143 44.4948
51.8 11.3143 44.4948
51.9 11.3143 44.4948
52 11.3143 44.4948
52.1 11.3142 44.4948
52.2 11.3142 44.4948
52.3 11.3142 44.4948
52.4 11.3142 44.4948
52.5 11.3142 44.4948
52.6 11.3142 44.4948
52.7 11.3142 44.4948
52.8 11.3142 44.4948
52.9 11.3142 44.4948
53 11.3142 44.4948
53.1 11.3142 44.4948
53.2 11.3142 44.4948
53.3 11.3142 44.4948
53.4 11.3142 44.4948
53.5 11.3142 44.4948
53.6 11.3142 44.4949
53.7 11.3142 44.4949
53.8 11.3142 44.4949
53.9 11.3142 44.4949
54 11.3142 44.4949
54.1 11.3142 44.4949
54.2 11.3142 44.4949
54.3 11.3142 44.4949
54.4 11.3142 44.4949
54.5 11.3142 44.4949
54.6 11.3142 44.4949
54.7 11.3142 44.4949
54.8 11.3142 44.4949
54.9 11.3142 44.4949
55 11.3142 44.4949
55.1 11.3142 44.4949
55.2 11.3142 44.495
55.3 11.3142 44.495
55.4 11.3142 44.495
55.5 11.3142 44.495
55.6 11.3142 44.495
55.7 11.3142 44.495
55.8 11.3142 44.495
55.9 11.3142 44.495
56 11.3142 44.495
56.1 11.3142 44.495
56.2 11.3142 44.495
56.3 11.3142 44.4951
56.4 11.3142 44.4951
56.5 11.3142 44.4951
56.6 11.3142 44.4951
56.7 11.3142 44.4951
56.8 11.3142 44.4951
56.9 11.3142 44.4951
57 11.3142 44.4951
57.1 11.3142 44.4951
57.2 11.3142 44.4952
57.3 11.3142 44.4952
57.4 11.3142 44.4952
57.5 11.3142 44.4952
57.6 11.3142 44.4952
57.7 11.3142 44.4952
57.8 11.3142 44.4952
57.9 11.3142 44.4952
58 11.3142 44.4952
58.1 11.3142 44.4953
58.2 11.3142 44.4953
58.3 11.3142 44.4953
58.4 11.3142 44.4953
58.5 11.3142 44.4953
58.6 11.3142 44.4953
58.7 11.3142 44.4953
58.8 11.3142 44.4953
58.9 11.3142 44.4953
59 11.3142 44.4953
59.1 11.3142 44.4953
59.2 11.3142 44.4954
59.3 11.3142 44.4954
59.4 11.3142 44.4954
59.5 11.3142 44.4954
59.6 11.3142 44.4954
59.7 11.3142 44.4954
59.8 11.3142 44.4954
59.9 11.3142 44.4954
60 11.3142 44.4954
60.1 11.3142 44.4954
60.2 11.3142 44.4954
60.3 11.3142 44.4954
60.4 11.3142 44.4954
60.5 11.3143 44.4954
60.6 11.3143 44.4954
60.7 11.3143 44.4954
60.8 11.3143 44.4954
60.9 11.3143 44.4955
61 11.3143 44.4955
61.1 11.3143 44.4955
61.2 11.3143 44.4955
61.3 11.3143 44.4955
61.4 11.3143 44.4955
61.5 11.3143 44.4955
61.6 11.3143 44.4955
61.7 11.3143 44.4955
61.8 11.3143 44.4955
61.9 11.3144 44.4955
62 11.3144 44.4955
62.1 11.3144 44.4955
62.2 11.3144 44.4955
62.3 11.3144 44.4955
62.4 11.3144 44.4955
62.5 11.3144 44.4955
62.6 11.3144 44.4955
62.7 11.3144 44.4955
62.8 11.3145 44.4955
62.9 11.3145 44.4955
63 11.3145 44.4955
63.1 11.3145 44.4955
63.2 11.3145 44.4955
63.3 11.3145 44.4955
63.4 11.3145 44.4955
63.5 11.3145 44.4955
63.6 11.3145 44.4955
63.7 11.3145 44.4955
63.8 11.3146 44.4955
63.9 11.3146 44.4955
64 11.3146 44.4955
64.1 11.3146 44.4955
64.2 11.3146 44.4955
64.3 11.3146 44.4955
64.4 11.3146 44.4955
64.5 11.3146 44.4955
64.6 11.3146 44.4955
64.7 11.3146 44.4955
64.8 11.3147 44.4955
64.9 11.3147 44.4955
65 11.3147 44.4955
65.1 11.3147 44.4955
65.2 11.3147 44.4955
65.3 11.3147 44.4955
65.4 11.3147 44.4955
65.5 11.3147 44.4955
65.6 11.3147 44.4955
65.7 11.3147 44.4955
65.8 11.3148 44.4955
65.9 11.3148 44.4955
66 11.3148 44.4955
66.1 11.3148 44.4955
66.2 11.3148 44.4955
66.3 11.3148 44.4955
66.4 11.3148 44.4955
66.5 11.3148 44.4955
66.6 11.3148 44.4955
66.7 11.3148 44.4955
66.8 11.3148 44.4955
66.9 11.3148 44.4955
67 11.3148 44.4955
67.1 11.3148 44.4955
67.2 11.3148 44.4955
67.3 11.3148 44.4955
67.4 11.3149 44.4955
67.5 11.3148 44.4955
67.6 11.3148 44.4955
67.7 11.3148 44.4955
67.8 11.3148 44.4955
67.9 11.3148 44.4955
68 11.3148 44.4955
68.1 11.3148 44.4955
68.2 11.3148 44.4955
68.3 11.3148 44.4955
68.4 11.3148 44.4955
68.5 11.3148 44.4955
68.6 11.3148 44.4955
68.7 11.3148 44.4955
68.8 11.3148 44.4954
68.9 11.3148 44.4954
69 11.3148 44.4954
69.1 11.3148 44.4954
69.2 11.3148 44.4954
69.3 11.3148 44.4954
69.4 11.3148 44.4954
69.5 11.3148 44.4954
69.6 11.3148 44.4954
69.7 11.3148 44.4954
69.8 11.3148 44.4954
69.9 11.3148 44.4954
70 11.3148 44.4954
70.1 11.3147 44.4954
70.2 11.3147 44.4953
70.3 11.3147 44.4953
70.4 11.3147 44.4953
70.5 11.3147 44.4953
70.6 11.3147 44.4953
70.7 11.3147 44.4953
70.8 11.3147 44.4953
70.9 11.3147 44.4953
71 11.3147 44.4953
71.1 11.3147 44.4953
71.2 11.3147 44.4953
71.3 11.3147 44.4952
71.4 11.3147 44.4952
71.5 11.3147 44.4952
71.6 11.3147 44.4952
71.7 11.3147 44.4952
71.8 11.3146 44.4952
71.9 11.3146 44.4952
72 11.3146 44.4952
72.1 11.3146 44.4952
72.2 11.3146 44.4952
72.3 11.3146 44.4951
72.4 11.3146 44.4951
72.5 11.3146 44.4951
72.6 11.3146 44.4951
72.7 11.3146 44.4951
72.8 11.3146 44.4951
72.9 11.3146 44.4951
73 11.3146 44.4951
73.1 11.3145 44.495
73.2 11.3145 44.495
73.3 11.3145 44.495
73.4 11.3145 44.495
73.5 11.3145 44.495
73.6 11.3145 44.495
73.7 11.3145 44.495
73.8 11.3145 44.495
73.9 11.3145 44.495
74 11.3145 44.4949
74.1 11.3145 44.4949
74.2 11.3144 44.4949
74.3 11.3144 44.4949
74.4 11.3144 44.4949
74.5 11.3144 44.4949
74.6 11.3144 44.4949
74.7 11.3144 44.4949
74.8 11.3144 44.4949
74.9 11.3144 44.4949
75 11.3144 44.4949
75.1 11.3144 44.4949
75.2 11.3144 44.4949
75.3 11.3144 44.4949
75.4 11.3144 44.4949
75.5 11.3143 44.4948
75.6 11.3143 44.4948
75.7 11.3143 44.4948
75.8 11.3143 44.4948
75.9 11.3143 44.4948
76 11.3143 44.4948
76.1 11.3143 44.4948
76.2 11.3143 44.4948
76.3 11.3143 44.4948
76.4 11.3142 44.4948
76.5 11.3142 44.4948
76.6 11.3142 44.4948
76.7 11.3142 44.4948
76.8 11.3142 44.4948
76.9 11.3142 44.4948
77 11.3142 44.4948
77.1 11.3142 44.4948
77.2 11.3141 44.4947
77.3 11.3141 44.4947
77.4 11.3141 44.4947
77.5 11.3141 44.4947
77.6 11.3141 44.4947
77.7 11.3141 44.4947
77.8 11.3141 44.4947
77.9 11.3141 44.4947
78 11.3141 44.4947
78.1 11.3141 44.4947
78.2 11.3141 44.4947
78.3 11.314 44.4947
78.4 11.314 44.4946
78.5 11.314 44.4946
78.6 11.314 44.4946
78.7 11.314 44.4946
78.8 11.314 44.4946
78.9 11.314 44.4946
79 11.314 44.4946
79.1 11.3139 44.4946
79.2 11.3139 44.4946
79.3 11.3139 44.4946
79.4 11.3139 44.4946
79.5 11.3139 44.4946
79.6 11.3139 44.4946
79.7 11.3139 44.4946
79.8 11.3138 44.4946
79.9 11.3138 44.4946
80 11.3138 44.4946
80.1 11.3138 44.4946
80.2 11.3138 44.4946
80.3 11.3138 44.4946
80.4 11.3137 44.4946
80.5 11.3137 44.4945
80.6 11.3137 44.4945
80.7 11.3137 44.4945
80.8 11.3137 44.4945
80.9 11.3137 44.4945
81 11.3136 44.4945
81.1 11.3136 44.4945
81.2 11.3136 44.4945
81.3 11.3136 44.4945
81.4 11.3136 44.4945
81.5 11.3135 44.4945
81.6 11.3135 44.4945
81.7 11.3135 44.4945
81.8 11.3135 44.4945
81.9 11.3135 44.4945
82 11.3134 44.4945
82.1 11.3134 44.4945
82.2 11.3134 44.4945
82.3 11.3134 44.4945
82.4 11.3134 44.4945
82.5 11.3133 44.4944
82.6 11.3133 44.4944
82.7 11.3133 44.4944
82.8 11.3133 44.4944
82.9 11.3132 44.4944
83 11.3132 44.4944
83.1 11.3132 44.4944
83.2 11.3132 44.4944
83.3 11.3131 44.4944
83.4 11.3131 44.4944
83.5 11.3131 44.4944
83.6 11.3131 44.4944
83.7 11.313 44.4944
83.8 11.313 44.4944
83.9 11.313 44.4944
84 11.313 44.4944
84.1 11.3129 44.4944
84.2 11.3129 44.4943
84.3 11.3129 44.4943
84.4 11.3129 44.4943
84.5 11.3128 44.4943
84.6 11.3128 44.4943
84.7 11.3128 44.4943
84.8 11.3128 44.4943
84.9 11.3127 44.4943
85 11.3127 44.4943
85.1 11.3127 44.4943
85.2 11.3126 44.4943
85.3 11.3126 44.4943
85.4 11.3126 44.4943
85.5 11.3126 44.4942
85.6 11.3125 44.4942
85.7 11.3125 44.4942
85.8 11.3125 44.4942
85.9 11.3124 44.4942
86 11.3124 44.4942
86.1 11.3124 44.4942
86.2 11.3123 44.4942
86.3 11.3123 44.4942
86.4 11.3123 44.4942
86.5 11.3122 44.4942
86.6 11.3122 44.4942
86.7 11.3122 44.4942
86.8 11.3121 44.4942
86.9 11.3121 44.4942
87 11.3121 44.4942
87.1 11.312 44.4942
87.2 11.312 44.4942
87.3 11.312 44.4942
87.4 11.312 44.4941
87.5 11.3119 44.4941
87.6 11.3119 44.4941
87.7 11.3119 44.4941
87.8 11.3118 44.4941
87.9 11.3118 44.4941
88 11.3118 44.4941
88.1 11.3118 44.4941
88.2 11.3117 44.4941
88.3 11.3117 44.4941
88.4 11.3117 44.4941
88.5 11.3117 44.4941
88.6 11.3116 44.4941
88.7 11.3116 44.4941
88.8 11.3116 44.4941
88.9 11.3116 44.4941
89 11.3116 44.4941
89.1 11.3115 44.4941
89.2 11.3115 44.4941
89.3 11.3115 44.4941
89.4 11.3115 44.4941
89.5 11.3115 44.4941
89.6 11.3114 44.4941
89.7 11.3114 44.4941
89.8 11.3114 44.4941
89.9 11.3114 44.4941
