0 11.3187 44.4935
0.1 11.3187 44.4935
0.2 11.3187 44.4935
0.3 11.3187 44.4935
0.4 11.3187 44.4935
0.5 11.3187 44.4935
0.6 11.3187 44.4935
0.7 11.3187 44.4935
0.8 11.3187 44.4935
0.9 11.3187 44.4935
1 11.3187 44.4935
1.1 11.3188 44.4935
1.2 11.3188 44.4935
1.3 11.3188 44.4935
1.4 11.3188 44.4935
1.5 11.3188 44.4935
1.6 11.3188 44.4935
1.7 11.3188 44.4935
1.8 11.3188 44.4935
1.9 11.3188 44.4935
2 11.3188 44.4935
2.1 11.3188 44.4935
2.2 11.3188 44.4935
2.3 11.3188 44.4936
2.4 11.3188 44.4936
2.5 11.3188 44.4936
2.6 11.3188 44.4936
2.7 11.3188 44.4936
2.8 11.3188 44.4936
2.9 11.3188 44.4936
3 11.3188 44.4936
3.1 11.3188 44.4936
3.2 11.3188 44.4936
3.3 11.3188 44.4936
3.4 11.3188 44.4936
3.5 11.3188 44.4936
3.6 11.3188 44.4936
3.7 11.3188 44.4936
3.8 11.3189 44.4936
3.9 11.3189 44.4937
4 11.3189 44.4937
4.1 11.3189 44.4937
4.2 11.3189 44.4937
4.3 11.3189 44.4937
4.4 11.3189 44.4937
4.5 11.3189 44.4937
4.6 11.3189 44.4937
4.7 11.3189 44.4937
4.8 11.3189 44.4937
4.9 11.3189 44.4937
5 11.3189 44.4937
5.1 11.3189 44.4937
5.2 11.3189 44.4938
5.3 11.3189 44.4938
5.4 11.3189 44.4938
5.5 11.3189 44.4938
5.6 11.3189 44.4938
5.7 11.3189 44.4938
5.8 11.3189 44.4938
5.9 11.3189 44.4938
6 11.3189 44.4938
6.1 11.3189 44.4938
6.2 11.3189 44.4938
6.3 11.3189 44.4938
6.4 11.3189 44.4938
6.5 11.3189 44.4938
6.6 11.319 44.4938
6.7 11.319 44.4939
6.8 11.319 44.4939
6.9 11.319 44.4939
7 11.319 44.4939
7.1 11.319 44.4939
7.2 11.319 44.4939
7.3 11.319 44.4939
7.4 11.319 44.4939
7.5 11.319 44.4939
7.6 11.319 44.4939
7.7 11.319 44.4939
7.8 11.319 44.4939
7.9 11.319 44.4939
8 11.319 44.4939
8.1 11.319 44.494
8.2 11.319 44.494
8.3 11.319 44.494
8.4 11.319 44.494
8.5 11.319 44.494
8.6 11.319 44.494
8.7 11.319 44.494
8.8 11.319 44.494
8.9 11.319 44.494
9 11.319 44.494
9.1 11.319 44.494
9.2 11.319 44.494
9.3 11.319 44.494
9.4 11.3191 44.494
9.5 11.3191 44.4941
9.6 11.3191 44.4941
9.7 11.3191 44.4941
9.8 11.3191 44.4941
9.9 11.3191 44.4941
10 11.3191 44.4941
10.1 11.3191 44.4941
10.2 11.3191 44.4941
10.3 11.3191 44.4941
10.4 11.3191 44.4941
10.5 11.3191 44.4941
10.6 11.3191 44.4941
10.7 11.3191 44.4941
10.8 11.3191 44.4942
10.9 11.3191 44.4942
11 11.3191 44.4942
11.1 11.3191 44.4942
11.2 11.3191 44.4942
11.3 11.3191 44.4942
11.4 11.3191 44.4942
11.5 11.3191 44.4942
11.6 11.3191 44.4942
11.7 11.3191 44.4942
11.8 11.3191 44.4942
11.9 11.3191 44.4942
12 11.3191 44.4942
12.1 11.3191 44.4942
12.2 11.3191 44.4943
12.3 11.3192 44.4943
12.4 11.3192 44.4943
12.5 11.3192 44.4943
12.6 11.3192 44.4943
12.7 11.3192 44.4943
12.8 11.3192 44.4943
12.9 11.3192 44.4943
13 11.3192 44.4943
13.1 11.3192 44.4943
13.2 11.3192 44.4943
13.3 11.3192 44.4943
13.4 11.3192 44.4943
13.5 11.3192 44.4943
13.6 11.3192 44.4944
13.7 11.3192 44.4944
13.8 11.3192 44.4944
13.9 11.3192 44.4944
14 11.3192 44.4944
14.1 11.3192 44.4944
14.2 11.3192 44.4944
14.3 11.3192 44.4944
14.4 11.3192 44.4944
14.5 11.3192 44.4944
14.6 11.3192 44.4944
14.7 11.3192 44.4944
14.8 11.3192 44.4944
14.9 11.3192 44.4944
15 11.3192 44.4945
15.1 11.3193 44.4945
15.2 11.3193 44.4945
15.3 11.3193 44.4945
15.4 11.3193 44.4945
15.5 11.3193 44.4945
15.6 11.3193 44.4945
15.7 11.3193 44.4945
15.8 11.3193 44.4945
15.9 11.3193 44.4945
16 11.3193 44.4945
16.1 11.3193 44.4945
16.2 11.3193 44.4945
16.3 11.3193 44.4945
16.4 11.3193 44.4946
16.5 11.3193 44.4946
16.6 11.3193 44.4946
16.7 11.3193 44.4946
16.8 11.3193 44.4946
16.9 11.3193 44.4946
17 11.3193 44.4946
17.1 11.3193 44.4946
17.2 11.3193 44.4946
17.3 11.3193 44.4946
17.4 11.3193 44.4946
17.5 11.3193 44.4946
17.6 11.3193 44.4946
17.7 11.3193 44.4946
17.8 11.3193 44.4947
17.9 11.3194 44.4947
18 11.3194 44.4947
18.1 11.3194 44.4947
18.2 11.3194 44.4947
18.3 11.3194 44.4947
18.4 11.3194 44.4947
18.5 11.3194 44.4947
18.6 11.3194 44.4947
18.7 11.3194 44.4947
18.8 11.3194 44.4947
18.9 11.3194 44.4947
19 11.3194 44.4947
19.1 11.3194 44.4947
19.2 11.3194 44.4948
19.3 11.3194 44.4948
19.4 11.3194 44.4948
19.5 11.3194 44.4948
19.6 11.3194 44.4948
19.7 11.3194 44.4948
19.8 11.3194 44.4948
19.9 11.3194 44.4948
20 11.3194 44.4948
20.1 11.3194 44.4948
20.2 11.3194 44.4948
20.3 11.3194 44.4948
20.4 11.3194 44.4948
20.5 11.3194 44.4948
20.6 11.3194 44.4949
20.7 11.3195 44.4949
20.8 11.3195 44.4949
20.9 11.3195 44.4949
21 11.3195 44.4949
21.1 11.3195 44.4949
21.2 11.3195 44.4949
21.3 11.3195 44.4949
21.4 11.3195 44.4949
21.5 11.3195 44.4949
21.6 11.3195 44.4949
21.7 11.3195 44.4949
21.8 11.3195 44.4949
21.9 11.3195 44.4949
22 11.3195 44.495
22.1 11.3195 44.495
22.2 11.3195 44.495
22.3 11.3195 44.495
22.4 11.3195 44.495
22.5 11.3195 44.495
22.6 11.3195 44.495
22.7 11.3195 44.495
22.8 11.3195 44.495
22.9 11.3195 44.495
23 11.3195 44.495
23.1 11.3195 44.495
23.2 11.3195 44.495
23.3 11.3195 44.495
23.4 11.3195 44.4951
23.5 11.3195 44.4951
23.6 11.3196 44.4951
23.7 11.3196 44.4951
23.8 11.3196 44.4951
23.9 11.3196 44.4951
24 11.3196 44.4951
24.1 11.3196 44.4951
24.2 11.3196 44.4951
24.3 11.3196 44.4951
24.4 11.3196 44.4951
24.5 11.3196 44.4951
24.6 11.3196 44.4951
24.7 11.3196 44.4951
24.8 11.3196 44.4952
24.9 11.3196 44.4952
25 11.3196 44.4952
25.1 11.3196 44.4952
25.2 11.3196 44.4952
25.3 11.3196 44.4952
25.4 11.3196 44.4952
25.5 11.3196 44.4952
25.6 11.3196 44.4952
25.7 11.3196 44.4952
25.8 11.3196 44.4952
25.9 11.3196 44.4952
26 11.3196 44.4952
26.1 11.3196 44.4952
26.2 11.3196 44.4953
26.3 11.3196 44.4953
26.4 11.3197 44.4953
26.5 11.3197 44.4953
26.6 11.3197 44.4953
26.7 11.3197 44.4953
26.8 11.3197 44.4953
26.9 11.3197 44.4953
27 11.3197 44.4953
27.1 11.3197 44.4953
27.2 11.3197 44.4953
27.3 11.3197 44.4953
27.4 11.3197 44.4953
27.5 11.3197 44.4953
27.6 11.3197 44.4953
27.7 11.3198 44.4953
27.8 11.3198 44.4953
27.9 11.3198 44.4953
28 11.3198 44.4953
28.1 11.3198 44.4953
28.2 11.3198 44.4953
28.3 11.3198 44.4953
28.4 11.3198 44.4953
28.5 11.3198 44.4953
28.6 11.3199 44.4953
28.7 11.3199 44.4953
28.8 11.3199 44.4953
28.9 11.3199 44.4953
29 11.3199 44.4953
29.1 11.3199 44.4953
29.2 11.3199 44.4953
29.3 11.3199 44.4953
29.4 11.32 44.4953
29.5 11.32 44.4953
29.6 11.32 44.4953
29.7 11.32 44.4953
29.8 11.32 44.4953
29.9 11.32 44.4953
30 11.3201 44.4954
30.1 11.3201 44.4954
30.2 11.3201 44.4954
30.3 11.3201 44.4954
30.4 11.3201 44.4954
30.5 11.3201 44.4954
30.6 11.3201 44.4954
30.7 11.3202 44.4954
30.8 11.3202 44.4954
30.9 11.3202 44.4954
31 11.3202 44.4954
31.1 11.3202 44.4954
31.2 11.3203 44.4954
31.3 11.3203 44.4954
31.4 11.3203 44.4954
31.5 11.3203 44.4954
31.6 11.3203 44.4954
31.7 11.3203 44.4954
31.8 11.3204 44.4954
31.9 11.3204 44.4954
32 11.3204 44.4954
32.1 11.3204 44.4954
32.2 11.3204 44.4954
32.3 11.3205 44.4954
32.4 11.3205 44.4954
32.5 11.3205 44.4954
32.6 11.3205 44.4954
32.7 11.3206 44.4954
32.8 11.3206 44.4954
32.9 11.3206 44.4954
33 11.3206 44.4954
33.1 11.3206 44.4954
33.2 11.3206 44.4954
33.3 11.3207 44.4954
33.4 11.3207 44.4954
33.5 11.3207 44.4954
33.6 11.3207 44.4954
33.7 11.3207 44.4954
33.8 11.3208 44.4954
33.9 11.3208 44.4954
34 11.3208 44.4954
34.1 11.3208 44.4954
34.2 11.3208 44.4954
34.3 11.3208 44.4954
34.4 11.3209 44.4954
34.5 11.3209 44.4954
34.6 11.3209 44.4954
34.7 11.3209 44.4954
34.8 11.3209 44.4955
34.9 11.3209 44.4955
35 11.3209 44.4955
35.1 11.321 44.4955
35.2 11.321 44.4955
35.3 11.321 44.4955
35.4 11.321 44.4955
35.5 11.321 44.4955
35.6 11.321 44.4955
35.7 11.321 44.4955
35.8 11.3211 44.4955
35.9 11.3211 44.4955
36 11.3211 44.4955
36.1 11.3211 44.4955
36.2 11.3211 44.4955
36.3 11.3211 44.4955
36.4 11.3211 44.4955
36.5 11.3211 44.4955
36.6 11.3211 44.4955
36.7 11.3211 44.4955
36.8 11.3212 44.4955
36.9 11.3212 44.4955
37 11.3212 44.4955
37.1 11.3212 44.4955
37.2 11.3212 44.4954
37.3 11.3212 44.4954
37.4 11.3212 44.4954
37.5 11.3212 44.4954
37.6 11.3212 44.4954
37.7 11.3212 44.4954
37.8 11.3212 44.4954
37.9 11.3212 44.4954
38 11.3212 44.4954
38.1 11.3212 44.4954
38.2 11.3212 44.4954
38.3 11.3212 44.4954
38.4 11.3212 44.4954
38.5 11.3212 44.4954
38.6 11.3212 44.4954
38.7 11.3212 44.4954
38.8 11.3212 44.4953
38.9 11.3212 44.4953
39 11.3212 44.4953
39.1 11.3212 44.4953
39.2 11.3212 44.4953
39.3 11.3212 44.4953
39.4 11.3211 44.4953
39.5 11.3211 44.4953
39.6 11.3211 44.4953
39.7 11.3211 44.4953
39.8 11.3211 44.4953
39.9 11.3211 44.4953
40 11.3211 44.4953
40.1 11.3211 44.4953
40.2 11.3211 44.4952
40.3 11.3211 44.4952
40.4 11.3211 44.4952
40.5 11.3211 44.4952
40.6 11.3211 44.4952
40.7 11.3211 44.4952
40.8 11.3211 44.4952
40.9 11.3211 44.4952
41 11.3211 44.4952
41.1 11.3211 44.4952
41.2 11.3211 44.4952
41.3 11.3211 44.4952
41.4 11.3211 44.4952
41.5 11.3211 44.4952
41.6 11.3211 44.4951
41.7 11.3211 44.4951
41.8 11.3211 44.4951
41.9 11.3211 44.4951
42 11.3211 44.4951
42.1 11.3211 44.4951
42.2 11.3211 44.4951
42.3 11.3211 44.4951
42.4 11.3211 44.4951
42.5 11.321 44.4951
42.6 11.321 44.4951
42.7 11.321 44.4951
42.8 11.321 44.4951
42.9 11.321 44.4951
43 11.321 44.495
43.1 11.321 44.495
43.2 11.321 44.495
43.3 11.321 44.495
43.4 11.321 44.495
43.5 11.321 44.495
43.6 11.321 44.495
43.7 11.321 44.495
43.8 11.321 44.495
43.9 11.321 44.495
44 11.321 44.495
44.1 11.321 44.495
44.2 11.321 44.495
44.3 11.321 44.495
44.4 11.321 44.4949
44.5 11.321 44.4949
44.6 11.321 44.4949
44.7 11.321 44.4949
44.8 11.321 44.4949
44.9 11.321 44.4949
45 11.321 44.4949
45.1 11.321 44.4949
45.2 11.321 44.4949
45.3 11.321 44.4949
45.4 11.321 44.4949
45.5 11.321 44.4949
45.6 11.3209 44.4949
45.7 11.3209 44.4949
45.8 11.3209 44.4948
45.9 11.3209 44.4948
46 11.3209 44.4948
46.1 11.3209 44.4948
46.2 11.3209 44.4948
46.3 11.3209 44.4948
46.4 11.3209 44.4948
46.5 11.3209 44.4948
46.6 11.3209 44.4948
46.7 11.3209 44.4948
46.8 11.3209 44.4948
46.9 11.3209 44.4948
47 11.3209 44.4948
47.1 11.3209 44.4948
47.2 11.3209 44.4947
47.3 11.3209 44.4947
47.4 11.3209 44.4947
47.5 11.3209 44.4947
47.6 11.3209 44.4947
47.7 11.3209 44.4947
47.8 11.3209 44.4947
47.9 11.3209 44.4947
48 11.3209 44.4947
48.1 11.3209 44.4947
48.2 11.3209 44.4947
48.3 11.3209 44.4947
48.4 11.3209 44.4947
48.5 11.3209 44.4947
48.6 11.3209 44.4947
48.7 11.3209 44.4946
48.8 11.3209 44.4946
48.9 11.3208 44.4946
49 11.3208 44.4946
49.1 11.3208 44.4946
49.2 11.3208 44.4946
49.3 11.3208 44.4946
49.4 11.3208 44.4946
49.5 11.3208 44.4946
49.6 11.3208 44.4946
49.7 11.3208 44.4946
49.8 11.3208 44.4946
49.9 11.3208 44.4946
50 11.3208 44.4946
50.1 11.3208 44.4946
50.2 11.3208 44.4946
50.3 11.3208 44.4945
50.4 11.3208 44.4945
50.5 11.3208 44.4945
50.6 11.3208 44.4945
50.7 11.3208 44.4945
50.8 11.3208 44.4945
50.9 11.3208 44.4945
51 11.3208 44.4945
51.1 11.3208 44.4945
51.2 11.3208 44.4945
51.3 11.3208 44.4945
51.4 11.3208 44.4945
51.5 11.3208 44.4945
51.6 11.3208 44.4945
51.7 11.3208 44.4945
51.8 11.3208 44.4945
51.9 11.3208 44.4944
52 11.3208 44.4944
52.1 11.3208 44.4944
52.2 11.3208 44.4944
52.3 11.3208 44.4944
52.4 11.3207 44.4944
52.5 11.3207 44.4944
52.6 11.3207 44.4944
52.7 11.3207 44.4944
52.8 11.3207 44.4944
52.9 11.3207 44.4944
53 11.3207 44.4944
53.1 11.3207 44.4944
53.2 11.3207 44.4944
53.3 11.3207 44.4944
53.4 11.3207 44.4944
53.5 11.3207 44.4943
53.6 11.3207 44.4943
53.7 11.3207 44.4943
53.8 11.3207 44.4943
53.9 11.3207 44.4943
54 11.3207 44.4943
54.1 11.3207 44.4943
54.2 11.3207 44.4943
54.3 11.3207 44.4943
54.4 11.3207 44.4943
54.5 11.3207 44.4943
54.6 11.3207 44.4943
54.7 11.3207 44.4943
54.8 11.3207 44.4943
54.9 11.3207 44.4943
55 11.3207 44.4943
55.1 11.3207 44.4942
55.2 11.3207 44.4942
55.3 11.3207 44.4942
55.4 11.3206 44.4942
55.5 11.3206 44.4942
55.6 11.3206 44.4942
55.7 11.3206 44.4942
55.8 11.3206 44.4942
55.9 11.3206 44.4942
56 11.3206 44.4942
56.1 11.3206 44.4942
56.2 11.3206 44.4942
56.3 11.3206 44.4942
56.4 11.3206 44.4942
56.5 11.3206 44.4942
56.6 11.3206 44.4942
56.7 11.3206 44.4942
56.8 11.3206 44.4941
56.9 11.3206 44.4941
57 11.3206 44.4941
57.1 11.3206 44.4941
57.2 11.3206 44.4941
57.3 11.3206 44.4941
57.4 11.3206 44.4941
57.5 11.3206 44.4941
57.6 11.3206 44.4941
57.7 11.3205 44.4941
57.8 11.3205 44.4941
57.9 11.3205 44.4941
58 11.3205 44.4941
58.1 11.3205 44.4941
58.2 11.3205 44.4941
58.3 11.3205 44.4941
58.4 11.3205 44.4941
58.5 11.3205 44.4941
58.6 11.3205 44.4941
58.7 11.3205 44.4941
58.8 11.3205 44.494
58.9 11.3205 44.494
59 11.3205 44.494
59.1 11.3205 44.494
59.2 11.3205 44.494
59.3 11.3205 44.494
59.4 11.3205 44.494
59.5 11.3205 44.494
59.6 11.3204 44.494
59.7 11.3204 44.494
59.8 11.3204 44.494
59.9 11.3204 44.494
60 11.3204 44.494
60.1 11.3204 44.494
60.2 11.3204 44.494
60.3 11.3204 44.494
60.4 11.3204 44.494
60.5 11.3204 44.4939
60.6 11.3204 44.4939
60.7 11.3204 44.4939
60.8 11.3204 44.4939
60.9 11.3204 44.4939
61 11.3204 44.4939
61.1 11.3204 44.4939
61.2 11.3204 44.4939
61.3 11.3204 44.4939
61.4 11.3204 44.4939
61.5 11.3204 44.4939
61.6 11.3204 44.4939
61.7 11.3204 44.4939
61.8 11.3204 44.4939
61.9 11.3204 44.4939
62 11.3204 44.4939
62.1 11.3203 44.4939
62.2 11.3203 44.4939
62.3 11.3203 44.4938
62.4 11.3203 44.4938
62.5 11.3203 44.4938
62.6 11.3203 44.4938
62.7 11.3203 44.4938
62.8 11.3203 44.4938
62.9 11.3203 44.4938
63 11.3203 44.4938
63.1 11.3203 44.4938
63.2 11.3203 44.4938
63.3 11.3203 44.4938
63.4 11.3203 44.4938
63.5 11.3203 44.4938
63.6 11.3203 44.4938
63.7 11.3203 44.4938
63.8 11.3203 44.4938
63.9 11.3203 44.4937
64 11.3203 44.4937
64.1 11.3203 44.4937
64.2 11.3203 44.4937
64.3 11.3203 44.4937
64.4 11.3203 44.4937
64.5 11.3203 44.4937
64.6 11.3203 44.4937
64.7 11.3203 44.4937
64.8 11.3203 44.4937
64.9 11.3203 44.4937
65 11.3203 44.4937
65.1 11.3202 44.4937
65.2 11.3202 44.4937
65.3 11.3202 44.4937
65.4 11.3202 44.4937
65.5 11.3202 44.4937
65.6 11.3202 44.4936
65.7 11.3202 44.4936
65.8 11.3202 44.4936
65.9 11.3202 44.4936
66 11.3202 44.4936
66.1 11.3202 44.4936
66.2 11.3202 44.4936
66.3 11.3202 44.4936
66.4 11.3202 44.4936
66.5 11.3202 44.4936
66.6 11.3202 44.4936
66.7 11.3202 44.4936
66.8 11.3202 44.4936
66.9 11.3202 44.4936
67 11.3202 44.4936
67.1 11.3202 44.4936
67.2 11.3202 44.4935
67.3 11.3202 44.4935
67.4 11.3202 44.4935
67.5 11.3202 44.4935
67.6 11.3202 44.4935
67.7 11.3202 44.4935
67.8 11.3202 44.4935
67.9 11.3202 44.4935
68 11.3202 44.4935
68.1 11.3202 44.4935
68.2 11.3201 44.4935
68.3 11.3201 44.4935
68.4 11.3201 44.4935
68.5 11.3201 44.4935
68.6 11.3201 44.4935
68.7 11.3201 44.4935
68.8 11.3201 44.4935
68.9 11.3201 44.4934
69 11.3201 44.4934
69.1 11.3201 44.4934
69.2 11.3201 44.4934
69.3 11.3201 44.4934
69.4 11.3201 44.4934
69.5 11.3201 44.4934
69.6 11.3201 44.4934
69.7 11.3201 44.4934
69.8 11.3201 44.4934
69.9 11.3201 44.4934
70 11.3201 44.4934
70.1 11.3201 44.4934
70.2 11.3201 44.4934
70.3 11.3201 44.4934
70.4 11.3201 44.4934
70.5 11.3201 44.4933
70.6 11.3201 44.4933
70.7 11.3201 44.4933
70.8 11.3201 44.4933
70.9 11.3201 44.4933
71 11.3201 44.4933
71.1 11.3201 44.4933
71.2 11.3201 44.4933
71.3 11.32 44.4933
71.4 11.32 44.4933
71.5 11.32 44.4933
71.6 11.32 44.4933
71.7 11.32 44.4933
71.8 11.32 44.4933
71.9 11.32 44.4933
72 11.32 44.4933
72.1 11.32 44.4933
72.2 11.32 44.4932
72.3 11.32 44.4932
72.4 11.32 44.4932
72.5 11.32 44.4932
72.6 11.32 44.4932
72.7 11.32 44.4932
72.8 11.32 44.4932
72.9 11.32 44.4932
73 11.32 44.4932
73.1 11.32 44.4932
73.2 11.32 44.4932
73.3 11.32 44.4932
73.4 11.32 44.4932
73.5 11.32 44.4932
73.6 11.32 44.4932
73.7 11.32 44.4932
73.8 11.32 44.4931
73.9 11.32 44.4931
74 11.32 44.4931
74.1 11.32 44.4931
74.2 11.32 44.4931
74.3 11.32 44.4931
74.4 11.3199 44.4931
74.5 11.3199 44.4931
74.6 11.3199 44.4931
74.7 11.3199 44.4931
74.8 11.3199 44.4931
74.9 11.3199 44.4931
75 11.3199 44.4931
75.1 11.3199 44.4931
75.2 11.3199 44.4931
75.3 11.3199 44.4931
75.4 11.3199 44.4931
75.5 11.3199 44.493
75.6 11.3199 44.493
75.7 11.3199 44.493
75.8 11.3199 44.493
75.9 11.3199 44.493
76 11.3199 44.493
76.1 11.3199 44.493
76.2 11.3199 44.493
76.3 11.3199 44.493
76.4 11.3199 44.493
76.5 11.3199 44.493
76.6 11.3199 44.493
76.7 11.3199 44.493
76.8 11.3199 44.493
76.9 11.3199 44.493
77 11.3199 44.493
77.1 11.3199 44.4929
77.2 11.3199 44.4929
77.3 11.3199 44.4929
77.4 11.3199 44.4929
77.5 11.3198 44.4929
77.6 11.3198 44.4929
77.7 11.3198 44.4929
77.8 11.3198 44.4929
77.9 11.3198 44.4929
78 11.3198 44.4929
78.1 11.3198 44.4929
78.2 11.3198 44.4929
78.3 11.3198 44.4929
78.4 11.3198 44.4929
78.5 11.3198 44.4929
78.6 11.3198 44.4929
78.7 11.3198 44.4929
78.8 11.3198 44.4928
78.9 11.3198 44.4928
79 11.3198 44.4928
79.1 11.3198 44.4928
79.2 11.3198 44.4928
79.3 11.3198 44.4928
79.4 11.3198 44.4928
79.5 11.3198 44.4928
79.6 11.3198 44.4928
79.7 11.3198 44.4928
79.8 11.3198 44.4928
79.9 11.3198 44.4928
80 11.3198 44.4928
80.1 11.3198 44.4928
80.2 11.3198 44.4928
80.3 11.3198 44.4928
80.4 11.3198 44.4927
80.5 11.3198 44.4927
80.6 11.3197 44.4927
80.7 11.3197 44.4927
80.8 11.3197 44.4927
80.9 11.3197 44.4927
81 11.3197 44.4927
81.1 11.3197 44.4927
81.2 11.3197 44.4927
81.3 11.3197 44.4927
81.4 11.3197 44.4927
81.5 11.3197 44.4927
81.6 11.3197 44.4927
81.7 11.3197 44.4927
81.8 11.3197 44.4927
81.9 11.3197 44.4927
82 11.3197 44.4927
82.1 11.3197 44.4926
82.2 11.3197 44.4926
82.3 11.3197 44.4926
82.4 11.3197 44.4926
82.5 11.3197 44.4926
82.6 11.3197 44.4926
82.7 11.3197 44.4926
82.8 11.3197 44.4926
82.9 11.3197 44.4926
83 11.3197 44.4926
83.1 11.3197 44.4926
83.2 11.3197 44.4926
83.3 11.3197 44.4926
83.4 11.3197 44.4926
83.5 11.3197 44.4926
83.6 11.3197 44.4926
83.7 11.3197 44.4925
83.8 11.3196 44.4925
83.9 11.3196 44.4925
84 11.3196 44.4925
84.1 11.3196 44.4925
84.2 11.3196 44.4925
84.3 11.3196 44.4925
84.4 11.3196 44.4925
84.5 11.3196 44.4925
84.6 11.3196 44.4925
84.7 11.3196 44.4925
84.8 11.3196 44.4925
84.9 11.3196 44.4925
85 11.3196 44.4925
85.1 11.3196 44.4925
85.2 11.3196 44.4925
85.3 11.3196 44.4925
85.4 11.3196 44.4924
85.5 11.3196 44.4924
85.6 11.3196 44.4924
85.7 11.3196 44.4924
85.8 11.3196 44.4924
85.9 11.3196 44.4924
86 11.3196 44.4924
86.1 11.3196 44.4924
86.2 11.3196 44.4924
86.3 11.3196 44.4924
86.4 11.3196 44.4924
86.5 11.3196 44.4924
86.6 11.3196 44.4924
86.7 11.3196 44.4924
86.8 11.3196 44.4924
86.9 11.3196 44.4924
87 11.3196 44.4924
87.1 11.3196 44.4924
87.2 11.3196 44.4924
87.3 11.3196 44.4924
87.4 11.3196 44.4924
87.5 11.3196 44.4924
87.6 11.3196 44.4924
87.7 11.3195 44.4924
87.8 11.3195 44.4923
87.9 11.3195 44.4923
88 11.3195 44.4923
88.1 11.3195 44.4923
88.2 11.3195 44.4923
88.3 11.3195 44.4923
88.4 11.3195 44.4923
88.5 11.3195 44.4923
88.6 11.3195 44.4923
88.7 11.3195 44.4923
88.8 11.3195 44.4923
88.9 11.3195 44.4923
89 11.3195 44.4923
89.1 11.3195 44.4923
89.2 11.3195 44.4923
89.3 11.3195 44.4923
89.4 11.3195 44.4923
89.5 11.3195 44.4923
89.6 11.3195 44.4923
89.7 11.3195 44.4923
89.8 11.3195 44.4923
89.9 11.3195 44.4923
