0 11.3127 44.4943
0.1 11.3127 44.4943
0.2 11.3127 44.4943
0.3 11.3127 44.4943
0.4 11.3127 44.4943
0.5 11.3127 44.4943
0.6 11.3127 44.4943
0.7 11.3127 44.4943
0.8 11.3126 44.4943
0.9 11.3126 44.4943
1 11.3126 44.4943
1.1 11.3126 44.4943
1.2 11.3126 44.4943
1.3 11.3126 44.4943
1.4 11.3125 44.4942
1.5 11.3125 44.4942
1.6 11.3125 44.4942
1.7 11.3125 44.4942
1.8 11.3125 44.4942
1.9 11.3125 44.4942
2 11.3124 44.4942
2.1 11.3124 44.4942
2.2 11.3124 44.4942
2.3 11.3124 44.4942
2.4 11.3124 44.4942
2.5 11.3124 44.4942
2.6 11.3123 44.4942
2.7 11.3123 44.4942
2.8 11.3123 44.4942
2.9 11.3123 44.4942
3 11.3123 44.4942
3.1 11.3122 44.4942
3.2 11.3122 44.4942
3.3 11.3122 44.4942
3.4 11.3122 44.4942
3.5 11.3121 44.4942
3.6 11.3121 44.4942
3.7 11.3121 44.4942
3.8 11.3121 44.4942
3.9 11.3121 44.4942
4 11.312 44.4942
4.1 11.312 44.4942
4.2 11.312 44.4942
4.3 11.312 44.4941
4.4 11.3119 44.4941
4.5 11.3119 44.4941
4.6 11.3119 44.4941
4.7 11.3119 44.4941
4.8 11.3118 44.4941
4.9 11.3118 44.4941
5 11.3118 44.4941
5.1 11.3118 44.4941
5.2 11.3117 44.4941
5.3 11.3117 44.4941
5.4 11.3117 44.4941
5.5 11.3117 44.4941
5.6 11.3116 44.4941
5.7 11.3116 44.4941
5.8 11.3116 44.4941
5.9 11.3115 44.4941
6 11.3115 44.4941
6.1 11.3115 44.4941
6.2 11.3115 44.4941
6.3 11.3114 44.4941
6.4 11.3114 44.4941
6.5 11.3114 44.4941
6.6 11.3114 44.4941
6.7 11.3114 44.4941
6.8 11.3113 44.4941
6.9 11.3113 44.4941
7 11.3113 44.4941
7.1 11.3113 44.4941
7.2 11.3113 44.4941
7.3 11.3112 44.4941
7.4 11.3112 44.4941
7.5 11.3112 44.4941
7.6 11.3112 44.4941
7.7 11.3112 44.4941
7.8 11.3111 44.494
7.9 11.3111 44.494
8 11.3111 44.494
8.1 11.3111 44.494
8.2 11.3111 44.494
8.3 11.3111 44.494
8.4 11.3111 44.494
8.5 11.3111 44.494
8.6 11.311 44.494
8.7 11.311 44.494
8.8 11.311 44.494
8.9 11.311 44.494
9 11.311 44.494
9.1 11.311 44.494
9.2 11.311 44.494
9.3 11.311 44.494
9.4 11.311 44.494
9.5 11.311 44.494
9.6 11.311 44.494
9.7 11.3109 44.494
9.8 11.3109 44.494
9.9 11.3109 44.494
10 11.3109 44.494
10.1 11.3109 44.494
10.2 11.3109 44.494
10.3 11.3109 44.494
10.4 11.3109 44.494
10.5 11.3109 44.494
10.6 11.3109 44.494
10.7 11.3109 44.494
10.8 11.3109 44.494
10.9 11.3109 44.494
11 11.3109 44.494
11.1 11.3109 44.494
11.2 11.3109 44.494
11.3 11.3109 44.4941
11.4 11.3109 44.4941
11.5 11.3109 44.4941
11.6 11.3109 44.4941
11.7 11.3109 44.4941
11.8 11.3109 44.4941
11.9 11.3109 44.4941
12 11.3109 44.4941
12.1 11.3109 44.4941
12.2 11.3109 44.4941
12.3 11.3109 44.4941
12.4 11.3109 44.4941
12.5 11.3109 44.4941
12.6 11.3109 44.4941
12.7 11.3109 44.4941
12.8 11.3109 44.4941
12.9 11.3109 44.4942
13 11.3109 44.4942
13.1 11.3109 44.4942
13.2 11.3109 44.4942
13.3 11.3109 44.4942
13.4 11.3109 44.4942
13.5 11.3109 44.4942
13.6 11.3109 44.4942
13.7 11.3109 44.4942
13.8 11.3109 44.4942
13.9 11.3109 44.4942
14 11.3109 44.4942
14.1 11.3109 44.4942
14.2 11.3109 44.4942
14.3 11.3109 44.4942
14.4 11.3109 44.4943
14.5 11.3108 44.4943
14.6 11.3108 44.4943
14.7 11.3108 44.4943
14.8 11.3108 44.4943
14.9 11.3108 44.4943
15 11.3108 44.4943
15.1 11.3108 44.4943
15.2 11.3108 44.4943
15.3 11.3108 44.4943
15.4 11.3108 44.4943
15.5 11.3108 44.4943
15.6 11.3108 44.4943
15.7 11.3108 44.4943
15.8 11.3108 44.4943
15.9 11.3108 44.4944
16 11.3108 44.4944
16.1 11.3108 44.4944
16.2 11.3108 44.4944
16.3 11.3108 44.4944
16.4 11.3108 44.4944
16.5 11.3108 44.4944
16.6 11.3108 44.4944
16.7 11.3108 44.4944
16.8 11.3108 44.4944
16.9 11.3108 44.4944
17 11.3108 44.4944
17.1 11.3108 44.4944
17.2 11.3108 44.4944
17.3 11.3108 44.4944
17.4 11.3108 44.4945
17.5 11.3108 44.4945
17.6 11.3108 44.4945
17.7 11.3108 44.4945
17.8 11.3108 44.4945
17.9 11.3108 44.4945
18 11.3108 44.4945
18.1 11.3108 44.4945
18.2 11.3108 44.4945
18.3 11.3108 44.4945
18.4 11.3108 44.4945
18.5 11.3108 44.4945
18.6 11.3108 44.4945
18.7 11.3108 44.4945
18.8 11.3108 44.4945
18.9 11.3108 44.4946
19 11.3108 44.4946
19.1 11.3108 44.4946
19.2 11.3108 44.4946
19.3 11.3108 44.4946
19.4 11.3108 44.4946
19.5 11.3108 44.4946
19.6 11.3108 44.4946
19.7 11.3108 44.4946
19.8 11.3108 44.4946
19.9 11.3108 44.4946
20 11.3108 44.4946
20.1 11.3108 44.4946
20.2 11.3108 44.4946
20.3 11.3108 44.4946
20.4 11.3108 44.4947
20.5 11.3108 44.4947
20.6 11.3108 44.4947
20.7 11.3108 44.4947
20.8 11.3108 44.4947
20.9 11.3108 44.4947
21 11.3108 44.4947
21.1 11.3108 44.4947
21.2 11.3108 44.4947
21.3 11.3108 44.4947
21.4 11.3108 44.4947
21.5 11.3108 44.4947
21.6 11.3108 44.4947
21.7 11.3108 44.4947
21.8 11.3108 44.4947
21.9 11.3108 44.4948
22 11.3108 44.4948
22.1 11.3108 44.4948
22.2 11.3108 44.4948
22.3 11.3108 44.4948
22.4 11.3108 44.4948
22.5 11.3108 44.4948
22.6 11.3108 44.4948
22.7 11.3108 44.4948
22.8 11.3108 44.4948
22.9 11.3108 44.4948
23 11.3108 44.4948
23.1 11.3108 44.4948
23.2 11.3108 44.4948
23.3 11.3108 44.4948
23.4 11.3108 44.4949
23.5 11.3108 44.4949
23.6 11.3108 44.4949
23.7 11.3107 44.4949
23.8 11.3107 44.4949
23.9 11.3107 44.4949
24 11.3107 44.4949
24.1 11.3107 44.4949
24.2 11.3107 44.4949
24.3 11.3107 44.4949
24.4 11.3107 44.4949
24.5 11.3107 44.4949
24.6 11.3107 44.4949
24.7 11.3107 44.4949
24.8 11.3107 44.4949
24.9 11.3107 44.495
25 11.3107 44.495
25.1 11.3107 44.495
25.2 11.3107 44.495
25.3 11.3107 44.495
25.4 11.3107 44.495
25.5 11.3107 44.495
25.6 11.3107 44.495
25.7 11.3107 44.495
25.8 11.3107 44.495
25.9 11.3107 44.495
26 11.3107 44.495
26.1 11.3107 44.495
26.2 11.3107 44.495
26.3 11.3107 44.495
26.4 11.3107 44.4951
26.5 11.3107 44.4951
26.6 11.3107 44.4951
26.7 11.3107 44.4951
26.8 11.3107 44.4951
26.9 11.3107 44.4951
27 11.3107 44.4951
27.1 11.3107 44.4951
27.2 11.3107 44.4951
27.3 11.3107 44.4951
27.4 11.3107 44.4951
27.5 11.3107 44.4951
27.6 11.3107 44.4951
27.7 11.3107 44.4951
27.8 11.3107 44.4951
27.9 11.3107 44.4952
28 11.3107 44.4952
28.1 11.3107 44.4952
28.2 11.3107 44.4952
28.3 11.3107 44.4952
28.4 11.3107 44.4952
28.5 11.3107 44.4952
28.6 11.3107 44.4952
28.7 11.3107 44.4952
28.8 11.3107 44.4952
28.9 11.3107 44.4952
29 11.3107 44.4952
29.1 11.3107 44.4952
29.2 11.3107 44.4952
29.3 11.3107 44.4952
29.4 11.3107 44.4953
29.5 11.3107 44.4953
29.6 11.3107 44.4953
29.7 11.3107 44.4953
29.8 11.3107 44.4953
29.9 11.3107 44.4953
30 11.3107 44.4953
30.1 11.3107 44.4953
30.2 11.3107 44.4953
30.3 11.3107 44.4953
30.4 11.3107 44.4953
30.5 11.3107 44.4953
30.6 11.3107 44.4953
30.7 11.3107 44.4953
30.8 11.3107 44.4953
30.9 11.3107 44.4954
31 11.3107 44.4954
31.1 11.3107 44.4954
31.2 11.3107 44.4954
31.3 11.3107 44.4954
31.4 11.3107 44.4954
31.5 11.3107 44.4954
31.6 11.3107 44.4954
31.7 11.3107 44.4954
31.8 11.3107 44.4954
31.9 11.3107 44.4954
32 11.3107 44.4954
32.1 11.3107 44.4954
32.2 11.3107 44.4954
32.3 11.3107 44.4954
32.4 11.3107 44.4955
32.5 11.3107 44.4955
32.6 11.3107 44.4955
32.7 11.3107 44.4955
32.8 11.3107 44.4955
32.9 11.3107 44.4955
33 11.3106 44.4955
33.1 11.3106 44.4955
33.2 11.3106 44.4955
33.3 11.3106 44.4955
33.4 11.3106 44.4955
33.5 11.3106 44.4955
33.6 11.3106 44.4955
33.7 11.3106 44.4955
33.8 11.3106 44.4955
33.9 11.3106 44.4956
34 11.3106 44.4956
34.1 11.3106 44.4956
34.2 11.3106 44.4956
34.3 11.3106 44.4956
34.4 11.3106 44.4956
34.5 11.3106 44.4956
34.6 11.3106 44.4956
34.7 11.3106 44.4956
34.8 11.3106 44.4956
34.9 11.3106 44.4956
35 11.3106 44.4956
35.1 11.3106 44.4956
35.2 11.3106 44.4956
35.3 11.3106 44.4956
35.4 11.3106 44.4957
35.5 11.3106 44.4957
35.6 11.3106 44.4957
35.7 11.3106 44.4957
35.8 11.3106 44.4957
35.9 11.3106 44.4957
36 11.3106 44.4957
36.1 11.3106 44.4957
36.2 11.3106 44.4957
36.3 11.3106 44.4957
36.4 11.3106 44.4957
36.5 11.3106 44.4957
36.6 11.3106 44.4957
36.7 11.3106 44.4957
36.8 11.3106 44.4957
36.9 11.3106 44.4958
37 11.3106 44.4958
37.1 11.3106 44.4958
37.2 11.3106 44.4958
37.3 11.3106 44.4958
37.4 11.3106 44.4958
37.5 11.3106 44.4958
37.6 11.3107 44.4958
37.7 11.3107 44.4958
37.8 11.3107 44.4958
37.9 11.3107 44.4958
38 11.3107 44.4958
38.1 11.3107 44.4958
38.2 11.3107 44.4958
38.3 11.3107 44.4958
38.4 11.3107 44.4958
38.5 11.3107 44.4958
38.6 11.3107 44.4958
38.7 11.3107 44.4958
38.8 11.3107 44.4958
38.9 11.3108 44.4958
39 11.3108 44.4958
39.1 11.3108 44.4958
39.2 11.3108 44.4958
39.3 11.3108 44.4959
39.4 11.3108 44.4959
39.5 11.3108 44.4959
39.6 11.3108 44.4959
39.7 11.3108 44.4959
39.8 11.3108 44.4959
39.9 11.3108 44.4959
40 11.3108 44.4959
40.1 11.3109 44.4959
40.2 11.3109 44.4959
40.3 11.3109 44.4959
40.4 11.3109 44.4959
40.5 11.3109 44.4959
40.6 11.3109 44.4959
40.7 11.3109 44.4959
40.8 11.3109 44.4959
40.9 11.3109 44.4959
41 11.3109 44.4959
41.1 11.3109 44.4959
41.2 11.3109 44.4959
41.3 11.3109 44.4959
41.4 11.3109 44.4959
41.5 11.3109 44.4959
41.6 11.311 44.4959
41.7 11.311 44.4959
41.8 11.311 44.4959
41.9 11.311 44.496
42 11.311 44.496
42.1 11.311 44.496
42.2 11.311 44.496
42.3 11.311 44.496
42.4 11.311 44.496
42.5 11.311 44.496
42.6 11.311 44.496
42.7 11.311 44.496
42.8 11.311 44.496
42.9 11.311 44.496
43 11.311 44.496
43.1 11.311 44.496
43.2 11.311 44.496
43.3 11.311 44.496
43.4 11.311 44.4961
43.5 11.311 44.4961
43.6 11.311 44.4961
43.7 11.311 44.4961
43.8 11.311 44.4961
43.9 11.311 44.4961
44 11.311 44.4961
44.1 11.311 44.4961
44.2 11.311 44.4961
44.3 11.311 44.4961
44.4 11.311 44.4961
44.5 11.311 44.4961
44.6 11.311 44.4961
44.7 11.311 44.4961
44.8 11.311 44.4961
44.9 11.311 44.4961
45 11.311 44.4962
45.1 11.311 44.4962
45.2 11.311 44.4962
45.3 11.311 44.4962
45.4 11.311 44.4962
45.5 11.3111 44.4962
45.6 11.3111 44.4962
45.7 11.3111 44.4962
45.8 11.3111 44.4962
45.9 11.3111 44.4962
46 11.3111 44.4962
46.1 11.3111 44.4962
46.2 11.3111 44.4962
46.3 11.3111 44.4962
46.4 11.3111 44.4962
46.5 11.3111 44.4963
46.6 11.3111 44.4963
46.7 11.3111 44.4963
46.8 11.3111 44.4963
46.9 11.3111 44.4963
47 11.3111 44.4963
47.1 11.3111 44.4963
47.2 11.3111 44.4963
47.3 11.3111 44.4963
47.4 11.3111 44.4963
47.5 11.3111 44.4963
47.6 11.3111 44.4963
47.7 11.3111 44.4963
47.8 11.3111 44.4963
47.9 11.3111 44.4963
48 11.3111 44.4963
48.1 11.3111 44.4964
48.2 11.3111 44.4964
48.3 11.3111 44.4964
48.4 11.3111 44.4964
48.5 11.3111 44.4964
48.6 11.3111 44.4964
48.7 11.3111 44.4964
48.8 11.3111 44.4964
48.9 11.3111 44.4964
49 11.3111 44.4964
49.1 11.3111 44.4964
49.2 11.3111 44.4964
49.3 11.3111 44.4964
49.4 11.3111 44.4964
49.5 11.3112 44.4964
49.6 11.3112 44.4965
49.7 11.3112 44.4965
49.8 11.3112 44.4965
49.9 11.3112 44.4965
50 11.3112 44.4965
50.1 11.3112 44.4965
50.2 11.3112 44.4965
50.3 11.3112 44.4965
50.4 11.3112 44.4965
50.5 11.3112 44.4965
50.6 11.3112 44.4965
50.7 11.3112 44.4965
50.8 11.3112 44.4965
50.9 11.3112 44.4965
51 11.3112 44.4965
51.1 11.3112 44.4965
51.2 11.3112 44.4966
51.3 11.3112 44.4966
51.4 11.3112 44.4966
51.5 11.3112 44.4966
51.6 11.3112 44.4966
51.7 11.3112 44.4966
51.8 11.3112 44.4966
51.9 11.3112 44.4966
52 11.3112 44.4966
52.1 11.3112 44.4966
52.2 11.3112 44.4966
52.3 11.3112 44.4966
52.4 11.3112 44.4966
52.5 11.3112 44.4966
52.6 11.3112 44.4966
52.7 11.3112 44.4967
52.8 11.3112 44.4967
52.9 11.3112 44.4967
53 11.3112 44.4967
53.1 11.3112 44.4967
53.2 11.3112 44.4967
53.3 11.3112 44.4967
53.4 11.3112 44.4967
53.5 11.3113 44.4967
53.6 11.3113 44.4967
53.7 11.3113 44.4967
53.8 11.3113 44.4967
53.9 11.3113 44.4967
54 11.3113 44.4967
54.1 11.3113 44.4967
54.2 11.3113 44.4967
54.3 11.3113 44.4968
54.4 11.3113 44.4968
54.5 11.3113 44.4968
54.6 11.3113 44.4968
54.7 11.3113 44.4968
54.8 11.3113 44.4968
54.9 11.3113 44.4968
55 11.3113 44.4968
55.1 11.3113 44.4968
55.2 11.3113 44.4968
55.3 11.3113 44.4968
55.4 11.3113 44.4968
55.5 11.3113 44.4968
55.6 11.3113 44.4968
55.7 11.3113 44.4968
55.8 11.3113 44.4968
55.9 11.3113 44.4969
56 11.3113 44.4969
56.1 11.3113 44.4969
56.2 11.3113 44.4969
56.3 11.3113 44.4969
56.4 11.3113 44.4969
56.5 11.3113 44.4969
56.6 11.3113 44.4969
56.7 11.3113 44.4969
56.8 11.3113 44.4969
56.9 11.3113 44.4969
57 11.3113 44.4969
57.1 11.3113 44.4969
57.2 11.3113 44.4969
57.3 11.3114 44.4969
57.4 11.3114 44.4969
57.5 11.3114 44.4969
57.6 11.3114 44.4969
57.7 11.3114 44.4969
57.8 11.3114 44.4969
57.9 11.3114 44.4969
58 11.3114 44.4969
58.1 11.3114 44.4969
58.2 11.3114 44.4969
58.3 11.3114 44.4969
58.4 11.3114 44.4969
58.5 11.3114 44.4969
58.6 11.3114 44.4969
58.7 11.3115 44.4969
58.8 11.3115 44.4969
58.9 11.3115 44.4969
59 11.3115 44.4969
59.1 11.3115 44.4969
59.2 11.3115 44.4969
59.3 11.3115 44.4969
59.4 11.3115 44.4969
59.5 11.3115 44.4969
59.6 11.3115 44.4969
59.7 11.3116 44.4969
59.8 11.3116 44.4969
59.9 11.3116 44.4969
60 11.3116 44.4969
60.1 11.3116 44.4969
60.2 11.3116 44.4969
60.3 11.3116 44.4969
60.4 11.3116 44.4969
60.5 11.3116 44.4969
60.6 11.3117 44.4969
60.7 11.3117 44.4969
60.8 11.3117 44.4969
60.9 11.3117 44.4969
61 11.3117 44.4969
61.1 11.3117 44.4969
61.2 11.3117 44.4969
61.3 11.3118 44.4969
61.4 11.3118 44.4969
61.5 11.3118 44.4969
61.6 11.3118 44.4969
61.7 11.3118 44.4969
61.8 11.3118 44.4969
61.9 11.3119 44.4969
62 11.3119 44.4969
62.1 11.3119 44.4969
62.2 11.3119 44.4969
62.3 11.3119 44.4969
62.4 11.3119 44.4969
62.5 11.3119 44.4969
62.6 11.312 44.4969
62.7 11.312 44.4969
62.8 11.312 44.4969
62.9 11.312 44.4969
63 11.312 44.4969
63.1 11.312 44.4969
63.2 11.3121 44.4969
63.3 11.3121 44.4969
63.4 11.3121 44.4969
63.5 11.3121 44.4969
63.6 11.3121 44.4969
63.7 11.3121 44.4969
63.8 11.3122 44.4969
63.9 11.3122 44.4969
64 11.3122 44.4969
64.1 11.3122 44.4969
64.2 11.3122 44.4969
64.3 11.3122 44.4969
64.4 11.3122 44.4969
64.5 11.3123 44.4969
64.6 11.3123 44.4969
64.7 11.3123 44.4969
64.8 11.3123 44.4969
64.9 11.3123 44.4969
65 11.3123 44.4969
65.1 11.3124 44.4969
65.2 11.3124 44.4969
65.3 11.3124 44.4969
65.4 11.3124 44.4969
65.5 11.3124 44.4969
65.6 11.3124 44.4969
65.7 11.3124 44.4969
65.8 11.3125 44.4969
65.9 11.3125 44.4969
66 11.3125 44.4969
66.1 11.3125 44.4969
66.2 11.3125 44.4969
66.3 11.3125 44.4969
66.4 11.3125 44.4969
66.5 11.3125 44.4969
66.6 11.3126 44.4969
66.7 11.3126 44.4969
66.8 11.3126 44.4969
66.9 11.3126 44.4969
67 11.3126 44.4969
67.1 11.3126 44.4969
67.2 11.3126 44.4969
67.3 11.3126 44.4969
67.4 11.3126 44.4969
67.5 11.3126 44.4969
67.6 11.3127 44.4969
67.7 11.3127 44.4969
67.8 11.3127 44.4969
67.9 11.3127 44.4969
68 11.3127 44.4969
68.1 11.3127 44.4969
68.2 11.3127 44.4969
68.3 11.3127 44.4969
68.4 11.3127 44.4969
68.5 11.3127 44.4969
68.6 11.3127 44.4969
68.7 11.3127 44.4969
68.8 11.3127 44.4969
68.9 11.3128 44.4969
69 11.3128 44.4969
69.1 11.3128 44.4969
69.2 11.3128 44.4969
69.3 11.3128 44.4969
69.4 11.3128 44.4969
69.5 11.3128 44.4969
69.6 11.3128 44.4969
69.7 11.3128 44.4969
69.8 11.3128 44.4969
69.9 11.3128 44.4969
70 11.3128 44.4969
70.1 11.3128 44.4969
70.2 11.3128 44.4969
70.3 11.3128 44.4969
70.4 11.3128 44.4969
70.5 11.3128 44.4969
70.6 11.3128 44.4969
70.7 11.3129 44.4969
70.8 11.3128 44.4969
70.9 11.3128 44.4969
71 11.3128 44.4969
71.1 11.3128 44.4969
71.2 11.3128 44.4969
71.3 11.3128 44.4969
71.4 11.3128 44.4969
71.5 11.3128 44.4969
71.6 11.3128 44.4969
71.7 11.3128 44.4969
71.8 11.3128 44.4969
71.9 11.3128 44.4969
72 11.3128 44.4969
72.1 11.3128 44.4969
72.2 11.3128 44.4969
72.3 11.3128 44.4969
72.4 11.3128 44.4969
72.5 11.3128 44.4969
72.6 11.3128 44.4969
72.7 11.3128 44.4969
72.8 11.3128 44.4969
72.9 11.3127 44.4969
73 11.3127 44.4969
73.1 11.3127 44.4969
73.2 11.3127 44.4969
73.3 11.3127 44.4969
73.4 11.3127 44.4969
73.5 11.3127 44.4969
73.6 11.3127 44.4969
73.7 11.3127 44.4969
73.8 11.3127 44.4969
73.9 11.3127 44.4969
74 11.3126 44.4969
74.1 11.3126 44.4969
74.2 11.3126 44.4969
74.3 11.3126 44.4969
74.4 11.3126 44.4969
74.5 11.3126 44.4969
74.6 11.3126 44.4969
74.7 11.3126 44.4969
74.8 11.3126 44.4969
74.9 11.3125 44.4969
75 11.3125 44.4969
75.1 11.3125 44.4969
75.2 11.3125 44.4969
75.3 11.3125 44.4969
75.4 11.3125 44.4969
75.5 11.3125 44.4969
75.6 11.3124 44.4969
75.7 11.3124 44.4969
75.8 11.3124 44.4969
75.9 11.3124 44.4969
76 11.3124 44.4969
76.1 11.3124 44.4969
76.2 11.3124 44.4969
76.3 11.3123 44.4969
76.4 11.3123 44.4969
76.5 11.3123 44.4969
76.6 11.3123 44.4969
76.7 11.3123 44.4969
76.8 11.3123 44.4969
76.9 11.3122 44.4969
77 11.3122 44.4969
77.1 11.3122 44.4969
77.2 11.3122 44.4969
77.3 11.3122 44.4969
77.4 11.3122 44.4969
77.5 11.3121 44.4969
77.6 11.3121 44.4969
77.7 11.3121 44.4969
77.8 11.3121 44.4969
77.9 11.3121 44.4969
78 11.3121 44.4969
78.1 11.3121 44.4969
78.2 11.312 44.4969
78.3 11.312 44.4969
78.4 11.312 44.4969
78.5 11.312 44.4969
78.6 11.312 44.4969
78.7 11.312 44.4969
78.8 11.3119 44.4969
78.9 11.3119 44.4969
79 11.3119 44.4969
79.1 11.3119 44.4969
79.2 11.3119 44.4969
79.3 11.3119 44.4969
79.4 11.3119 44.4969
79.5 11.3118 44.4969
79.6 11.3118 44.4969
79.7 11.3118 44.4969
79.8 11.3118 44.4969
79.9 11.3118 44.4969
80 11.3118 44.4969
80.1 11.3117 44.4969
80.2 11.3117 44.4969
80.3 11.3117 44.4969
80.4 11.3117 44.4969
80.5 11.3117 44.4969
80.6 11.3117 44.4969
80.7 11.3116 44.4969
80.8 11.3116 44.4969
80.9 11.3116 44.4969
81 11.3116 44.4969
81.1 11.3116 44.4969
81.2 11.3116 44.4969
81.3 11.3116 44.4969
81.4 11.3115 44.4969
81.5 11.3115 44.4969
81.6 11.3115 44.4969
81.7 11.3115 44.4969
81.8 11.3115 44.4969
81.9 11.3115 44.4969
82 11.3115 44.4969
82.1 11.3114 44.4969
82.2 11.3114 44.4969
82.3 11.3114 44.4969
82.4 11.3114 44.4969
82.5 11.3114 44.4969
82.6 11.3114 44.4969
82.7 11.3114 44.4969
82.8 11.3114 44.4969
82.9 11.3114 44.4969
83 11.3113 44.4969
83.1 11.3113 44.4969
83.2 11.3113 44.4969
83.3 11.3113 44.4969
83.4 11.3113 44.4969
83.5 11.3113 44.4969
83.6 11.3113 44.4969
83.7 11.3113 44.4969
83.8 11.3113 44.4969
83.9 11.3113 44.4969
84 11.3113 44.4969
84.1 11.3113 44.4969
84.2 11.3113 44.4969
84.3 11.3113 44.4969
84.4 11.3113 44.4969
84.5 11.3113 44.4969
84.6 11.3113 44.4969
84.7 11.3113 44.4969
84.8 11.3113 44.4969
84.9 11.3113 44.4968
85 11.3113 44.4968
85.1 11.3113 44.4968
85.2 11.3113 44.4968
85.3 11.3113 44.4968
85.4 11.3113 44.4968
85.5 11.3113 44.4968
85.6 11.3112 44.4968
85.7 11.3112 44.4968
85.8 11.3112 44.4968
85.9 11.3112 44.4968
86 11.3112 44.4968
86.1 11.3112 44.4968
86.2 11.3112 44.4968
86.3 11.3112 44.4968
86.4 11.3112 44.4968
86.5 11.3112 44.4967
86.6 11.3112 44.4967
86.7 11.3112 44.4967
86.8 11.3112 44.4967
86.9 11.3112 44.4967
87 11.3112 44.4967
87.1 11.3112 44.4967
87.2 11.3112 44.4967
87.3 11.3112 44.4967
87.4 11.3112 44.4967
87.5 11.3112 44.4967
87.6 11.3112 44.4967
87.7 11.3112 44.4967
87.8 11.3112 44.4967
87.9 11.3112 44.4967
88 11.3112 44.4966
88.1 11.3112 44.4966
88.2 11.3112 44.4966
88.3 11.3112 44.4966
88.4 11.3112 44.4966
88.5 11.3112 44.4966
88.6 11.3112 44.4966
88.7 11.3112 44.4966
88.8 11.3112 44.4966
88.9 11.3112 44.4966
89 11.3112 44.4966
89.1 11.3112 44.4966
89.2 11.3112 44.4966
89.3 11.3112 44.4966
89.4 11.3112 44.4966
89.5 11.3112 44.4966
89.6 11.3111 44.4965
89.7 11.3111 44.4965
89.8 11.3111 44.4965
89.9 11.3111 44.4965
