0 11.3156 44.492
0.1 11.3156 44.492
0.2 11.3156 44.492
0.3 11.3156 44.492
0.4 11.3156 44.492
0.5 11.3156 44.492
0.6 11.3157 44.492
0.7 11.3157 44.492
0.8 11.3157 44.4921
0.9 11.3157 44.4921
1 11.3157 44.4921
1.1 11.3157 44.4921
1.2 11.3157 44.4921
1.3 11.3157 44.4921
1.4 11.3157 44.4921
1.5 11.3158 44.4921
1.6 11.3158 44.4921
1.7 11.3158 44.4921
1.8 11.3158 44.4921
1.9 11.3158 44.4921
2 11.3158 44.4921
2.1 11.3158 44.4921
2.2 11.3159 44.4921
2.3 11.3159 44.4921
2.4 11.3159 44.4921
2.5 11.3159 44.4921
2.6 11.3159 44.4921
2.7 11.3159 44.4921
2.8 11.3159 44.4921
2.9 11.316 44.4921
3 11.316 44.4921
3.1 11.316 44.4921
3.2 11.316 44.4921
3.3 11.316 44.4921
3.4 11.316 44.4921
3.5 11.3161 44.4921
3.6 11.3161 44.4921
3.7 11.3161 44.4921
3.8 11.3161 44.4921
3.9 11.3161 44.4921
4 11.3161 44.4921
4.1 11.3162 44.4921
4.2 11.3162 44.4921
4.3 11.3162 44.4921
4.4 11.3162 44.4921
4.5 11.3162 44.4921
4.6 11.3163 44.4921
4.7 11.3163 44.4921
4.8 11.3163 44.4921
4.9 11.3163 44.4921
5 11.3163 44.4921
5.1 11.3163 44.4921
5.2 11.3164 44.4921
5.3 11.3164 44.4921
5.4 11.3164 44.4921
5.5 11.3164 44.4921
5.6 11.3164 44.4921
5.7 11.3165 44.4921
5.8 11.3165 44.4921
5.9 11.3165 44.492
6 11.3165 44.492
6.1 11.3165 44.492
6.2 11.3165 44.492
6.3 11.3166 44.492
6.4 11.3166 44.492
6.5 11.3166 44.492
6.6 11.3166 44.492
6.7 11.3166 44.492
6.8 11.3166 44.492
6.9 11.3167 44.492
7 11.3167 44.492
7.1 11.3167 44.492
7.2 11.3167 44.492
7.3 11.3167 44.492
7.4 11.3167 44.492
7.5 11.3168 44.492
7.6 11.3168 44.492
7.7 11.3168 44.492
7.8 11.3168 44.492
7.9 11.3168 44.492
8 11.3168 44.492
8.1 11.3169 44.492
8.2 11.3169 44.492
8.3 11.3169 44.492
8.4 11.3169 44.492
8.5 11.3169 44.492
8.6 11.3169 44.4919
8.7 11.317 44.4919
8.8 11.317 44.4919
8.9 11.317 44.4919
9 11.317 44.4919
9.1 11.317 44.4919
9.2 11.317 44.4919
9.3 11.3171 44.4919
9.4 11.3171 44.4919
9.5 11.3171 44.4919
9.6 11.3171 44.4919
9.7 11.3171 44.4919
9.8 11.3171 44.4919
9.9 11.3172 44.4919
10 11.3172 44.4919
10.1 11.3172 44.4919
10.2 11.3172 44.4919
10.3 11.3172 44.4919
10.4 11.3173 44.4919
10.5 11.3173 44.4919
10.6 11.3173 44.4919
10.7 11.3173 44.4919
10.8 11.3173 44.4919
10.9 11.3173 44.4918
11 11.3174 44.4918
11.1 11.3174 44.4918
11.2 11.3174 44.4918
11.3 11.3174 44.4918
11.4 11.3174 44.4918
11.5 11.3174 44.4918
11.6 11.3175 44.4918
11.7 11.3175 44.4918
11.8 11.3175 44.4918
11.9 11.3175 44.4918
12 11.3175 44.4918
12.1 11.3175 44.4918
12.2 11.3176 44.4918
12.3 11.3176 44.4918
12.4 11.3176 44.4918
12.5 11.3176 44.4918
12.6 11.3176 44.4918
12.7 11.3176 44.4918
12.8 11.3177 44.4918
12.9 11.3177 44.4918
13 11.3177 44.4918
13.1 11.3177 44.4918
13.2 11.3177 44.4918
13.3 11.3177 44.4918
13.4 11.3177 44.4917
13.5 11.3177 44.4917
13.6 11.3178 44.4917
13.7 11.3178 44.4917
13.8 11.3178 44.4917
13.9 11.3178 44.4917
14 11.3178 44.4917
14.1 11.3178 44.4917
14.2 11.3178 44.4917
14.3 11.3178 44.4917
14.4 11.3178 44.4917
14.5 11.3178 44.4917
14.6 11.3179 44.4917
14.7 11.3179 44.4917
14.8 11.3179 44.4917
14.9 11.3179 44.4917
15 11.3179 44.4917
15.1 11.3179 44.4917
15.2 11.3179 44.4917
15.3 11.3179 44.4917
15.4 11.3179 44.4917
15.5 11.3179 44.4918
15.6 11.3179 44.4918
15.7 11.3179 44.4918
15.8 11.3179 44.4918
15.9 11.3179 44.4918
16 11.3179 44.4918
16.1 11.3179 44.4918
16.2 11.3179 44.4918
16.3 11.3179 44.4918
16.4 11.3179 44.4918
16.5 11.318 44.4918
16.6 11.318 44.4918
16.7 11.318 44.4918
16.8 11.318 44.4918
16.9 11.318 44.4919
17 11.318 44.4919
17.1 11.318 44.4919
17.2 11.318 44.4919
17.3 11.318 44.4919
17.4 11.318 44.4919
17.5 11.318 44.4919
17.6 11.318 44.4919
17.7 11.318 44.4919
17.8 11.318 44.4919
17.9 11.318 44.4919
18 11.318 44.4919
18.1 11.318 44.4919
18.2 11.318 44.4919
18.3 11.318 44.492
18.4 11.318 44.492
18.5 11.318 44.492
18.6 11.318 44.492
18.7 11.318 44.492
18.8 11.318 44.492
18.9 11.318 44.492
19 11.318 44.492
19.1 11.318 44.492
19.2 11.318 44.492
19.3 11.3181 44.492
19.4 11.3181 44.492
19.5 11.3181 44.492
19.6 11.3181 44.492
19.7 11.3181 44.4921
19.8 11.3181 44.4921
19.9 11.3181 44.4921
20 11.3181 44.4921
20.1 11.3181 44.4921
20.2 11.3181 44.4921
20.3 11.3181 44.4921
20.4 11.3181 44.4921
20.5 11.3181 44.4921
20.6 11.3181 44.4921
20.7 11.3181 44.4921
20.8 11.3181 44.4921
20.9 11.3181 44.4921
21 11.3181 44.4921
21.1 11.3181 44.4922
21.2 11.3181 44.4922
21.3 11.3181 44.4922
21.4 11.3181 44.4922
21.5 11.3181 44.4922
21.6 11.3181 44.4922
21.7 11.3181 44.4922
21.8 11.3181 44.4922
21.9 11.3181 44.4922
22 11.3181 44.4922
22.1 11.3182 44.4922
22.2 11.3182 44.4922
22.3 11.3182 44.4922
22.4 11.3182 44.4922
22.5 11.3182 44.4923
22.6 11.3182 44.4923
22.7 11.3182 44.4923
22.8 11.3182 44.4923
22.9 11.3182 44.4923
23 11.3182 44.4923
23.1 11.3182 44.4923
23.2 11.3182 44.4923
23.3 11.3182 44.4923
23.4 11.3182 44.4923
23.5 11.3182 44.4923
23.6 11.3182 44.4923
23.7 11.3182 44.4923
23.8 11.3182 44.4923
23.9 11.3182 44.4924
24 11.3182 44.4924
24.1 11.3182 44.4924
24.2 11.3182 44.4924
24.3 11.3182 44.4924
24.4 11.3182 44.4924
24.5 11.3182 44.4924
24.6 11.3182 44.4924
24.7 11.3182 44.4924
24.8 11.3182 44.4924
24.9 11.3183 44.4924
25 11.3183 44.4924
25.1 11.3183 44.4924
25.2 11.3183 44.4925
25.3 11.3183 44.4925
25.4 11.3183 44.4925
25.5 11.3183 44.4925
25.6 11.3183 44.4925
25.7 11.3183 44.4925
25.8 11.3183 44.4925
25.9 11.3183 44.4925
26 11.3183 44.4925
26.1 11.3183 44.4925
26.2 11.3183 44.4925
26.3 11.3183 44.4925
26.4 11.3183 44.4925
26.5 11.3183 44.4925
26.6 11.3183 44.4926
26.7 11.3183 44.4926
26.8 11.3183 44.4926
26.9 11.3183 44.4926
27 11.3183 44.4926
27.1 11.3183 44.4926
27.2 11.3183 44.4926
27.3 11.3183 44.4926
27.4 11.3183 44.4926
27.5 11.3183 44.4926
27.6 11.3183 44.4926
27.7 11.3184 44.4926
27.8 11.3184 44.4926
27.9 11.3184 44.4926
28 11.3184 44.4927
28.1 11.3184 44.4927
28.2 11.3184 44.4927
28.3 11.3184 44.4927
28.4 11.3184 44.4927
28.5 11.3184 44.4927
28.6 11.3184 44.4927
28.7 11.3184 44.4927
28.8 11.3184 44.4927
28.9 11.3184 44.4927
29 11.3184 44.4927
29.1 11.3184 44.4927
29.2 11.3184 44.4927
29.3 11.3184 44.4927
29.4 11.3184 44.4928
29.5 11.3184 44.4928
29.6 11.3184 44.4928
29.7 11.3184 44.4928
29.8 11.3184 44.4928
29.9 11.3184 44.4928
30 11.3184 44.4928
30.1 11.3184 44.4928
30.2 11.3184 44.4928
30.3 11.3184 44.4928
30.4 11.3184 44.4928
30.5 11.3185 44.4928
30.6 11.3185 44.4928
30.7 11.3185 44.4928
30.8 11.3185 44.4929
30.9 11.3185 44.4929
31 11.3185 44.4929
31.1 11.3185 44.4929
31.2 11.3185 44.4929
31.3 11.3185 44.4929
31.4 11.3185 44.4929
31.5 11.3185 44.4929
31.6 11.3185 44.4929
31.7 11.3185 44.4929
31.8 11.3185 44.4929
31.9 11.3185 44.4929
32 11.3185 44.4929
32.1 11.3185 44.4929
32.2 11.3185 44.493
32.3 11.3185 44.493
32.4 11.3185 44.493
32.5 11.3185 44.493
32.6 11.3185 44.493
32.7 11.3185 44.493
32.8 11.3185 44.493
32.9 11.3185 44.493
33 11.3185 44.493
33.1 11.3185 44.493
33.2 11.3185 44.493
33.3 11.3186 44.493
33.4 11.3186 44.493
33.5 11.3186 44.4931
33.6 11.3186 44.4931
33.7 11.3186 44.4931
33.8 11.3186 44.4931
33.9 11.3186 44.4931
34 11.3186 44.4931
34.1 11.3186 44.4931
34.2 11.3186 44.4931
34.3 11.3186 44.4931
34.4 11.3186 44.4931
34.5 11.3186 44.4931
34.6 11.3186 44.4931
34.7 11.3186 44.4931
34.8 11.3186 44.4931
34.9 11.3186 44.4932
35 11.3186 44.4932
35.1 11.3186 44.4932
35.2 11.3186 44.4932
35.3 11.3186 44.4932
35.4 11.3186 44.4932
35.5 11.3186 44.4932
35.6 11.3186 44.4932
35.7 11.3186 44.4932
35.8 11.3186 44.4932
35.9 11.3186 44.4932
36 11.3186 44.4932
36.1 11.3187 44.4932
36.2 11.3187 44.4932
36.3 11.3187 44.4933
36.4 11.3187 44.4933
36.5 11.3187 44.4933
36.6 11.3187 44.4933
36.7 11.3187 44.4933
36.8 11.3187 44.4933
36.9 11.3187 44.4933
37 11.3187 44.4933
37.1 11.3187 44.4933
37.2 11.3187 44.4933
37.3 11.3187 44.4933
37.4 11.3187 44.4933
37.5 11.3187 44.4933
37.6 11.3187 44.4933
37.7 11.3187 44.4934
37.8 11.3187 44.4934
37.9 11.3187 44.4934
38 11.3187 44.4934
38.1 11.3187 44.4934
38.2 11.3187 44.4934
38.3 11.3187 44.4934
38.4 11.3187 44.4934
38.5 11.3187 44.4934
38.6 11.3187 44.4934
38.7 11.3187 44.4934
38.8 11.3187 44.4934
38.9 11.3187 44.4934
39 11.3187 44.4934
39.1 11.3188 44.4934
39.2 11.3188 44.4935
39.3 11.3188 44.4935
39.4 11.3188 44.4935
39.5 11.3188 44.4935
39.6 11.3188 44.4935
39.7 11.3188 44.4935
39.8 11.3188 44.4935
39.9 11.3188 44.4935
40 11.3188 44.4935
40.1 11.3188 44.4935
40.2 11.3188 44.4935
40.3 11.3188 44.4935
40.4 11.3188 44.4935
40.5 11.3188 44.4935
40.6 11.3188 44.4935
40.7 11.3187 44.4935
40.8 11.3187 44.4935
40.9 11.3187 44.4935
41 11.3187 44.4935
41.1 11.3187 44.4935
41.2 11.3187 44.4935
41.3 11.3187 44.4935
41.4 11.3187 44.4935
41.5 11.3187 44.4935
41.6 11.3187 44.4936
41.7 11.3187 44.4936
41.8 11.3186 44.4936
41.9 11.3186 44.4936
42 11.3186 44.4936
42.1 11.3186 44.4936
42.2 11.3186 44.4936
42.3 11.3186 44.4936
42.4 11.3186 44.4936
42.5 11.3186 44.4936
42.6 11.3186 44.4936
42.7 11.3186 44.4936
42.8 11.3186 44.4936
42.9 11.3185 44.4936
43 11.3185 44.4936
43.1 11.3185 44.4936
43.2 11.3185 44.4936
43.3 11.3185 44.4936
43.4 11.3185 44.4936
43.5 11.3185 44.4936
43.6 11.3185 44.4936
43.7 11.3185 44.4936
43.8 11.3185 44.4936
43.9 11.3184 44.4936
44 11.3184 44.4936
44.1 11.3184 44.4936
44.2 11.3184 44.4936
44.3 11.3184 44.4936
44.4 11.3184 44.4936
44.5 11.3184 44.4936
44.6 11.3184 44.4936
44.7 11.3184 44.4936
44.8 11.3184 44.4936
44.9 11.3183 44.4936
45 11.3183 44.4936
45.1 11.3183 44.4936
45.2 11.3183 44.4937
45.3 11.3183 44.4937
45.4 11.3183 44.4937
45.5 11.3183 44.4937
45.6 11.3183 44.4937
45.7 11.3183 44.4937
45.8 11.3183 44.4937
45.9 11.3182 44.4937
46 11.3182 44.4937
46.1 11.3182 44.4937
46.2 11.3182 44.4937
46.3 11.3182 44.4937
46.4 11.3182 44.4937
46.5 11.3182 44.4937
46.6 11.3182 44.4937
46.7 11.3182 44.4937
46.8 11.3182 44.4937
46.9 11.3181 44.4937
47 11.3181 44.4937
47.1 11.3181 44.4937
47.2 11.3181 44.4937
47.3 11.3181 44.4937
47.4 11.3181 44.4937
47.5 11.3181 44.4937
47.6 11.3181 44.4937
47.7 11.3181 44.4937
47.8 11.3181 44.4937
47.9 11.318 44.4937
48 11.318 44.4937
48.1 11.318 44.4937
48.2 11.318 44.4937
48.3 11.318 44.4937
48.4 11.318 44.4937
48.5 11.318 44.4937
48.6 11.318 44.4937
48.7 11.318 44.4937
48.8 11.318 44.4938
48.9 11.3179 44.4938
49 11.3179 44.4938
49.1 11.3179 44.4938
49.2 11.3179 44.4938
49.3 11.3179 44.4938
49.4 11.3179 44.4938
49.5 11.3179 44.4938
49.6 11.3179 44.4938
49.7 11.3179 44.4938
49.8 11.3179 44.4938
49.9 11.3179 44.4938
50 11.3179 44.4938
50.1 11.3179 44.4938
50.2 11.3179 44.4939
50.3 11.3179 44.4939
50.4 11.3179 44.4939
50.5 11.3179 44.4939
50.6 11.3179 44.4939
50.7 11.3179 44.4939
50.8 11.3179 44.4939
50.9 11.3179 44.4939
51 11.3179 44.4939
51.1 11.3179 44.4939
51.2 11.3179 44.4939
51.3 11.3179 44.4939
51.4 11.3179 44.4939
51.5 11.3179 44.494
51.6 11.3179 44.494
51.7 11.3179 44.494
51.8 11.3179 44.494
51.9 11.3179 44.494
52 11.3179 44.494
52.1 11.3179 44.494
52.2 11.3179 44.494
52.3 11.3179 44.494
52.4 11.3179 44.494
52.5 11.3179 44.494
52.6 11.3179 44.494
52.7 11.3179 44.494
52.8 11.3179 44.4941
52.9 11.3179 44.4941
53 11.3179 44.4941
53.1 11.3179 44.4941
53.2 11.3179 44.4941
53.3 11.3179 44.4941
53.4 11.3179 44.4941
53.5 11.3179 44.4941
53.6 11.3179 44.4941
53.7 11.3179 44.4941
53.8 11.3179 44.4941
53.9 11.3179 44.4941
54 11.3179 44.4941
54.1 11.3179 44.4942
54.2 11.3179 44.4942
54.3 11.3179 44.4942
54.4 11.3179 44.4942
54.5 11.3179 44.4942
54.6 11.3179 44.4942
54.7 11.3179 44.4942
54.8 11.3179 44.4942
54.9 11.3179 44.4942
55 11.3179 44.4942
55.1 11.3179 44.4942
55.2 11.3179 44.4942
55.3 11.3179 44.4942
55.4 11.3179 44.4943
55.5 11.3179 44.4943
55.6 11.3179 44.4943
55.7 11.3179 44.4943
55.8 11.3179 44.4943
55.9 11.3179 44.4943
56 11.3179 44.4943
56.1 11.3179 44.4943
56.2 11.3179 44.4943
56.3 11.3179 44.4943
56.4 11.3179 44.4943
56.5 11.3179 44.4943
56.6 11.3179 44.4943
56.7 11.3179 44.4943
56.8 11.3179 44.4944
56.9 11.3179 44.4944
57 11.3179 44.4944
57.1 11.3179 44.4944
57.2 11.3179 44.4944
57.3 11.3179 44.4944
57.4 11.3179 44.4944
57.5 11.3179 44.4944
57.6 11.3179 44.4944
57.7 11.3179 44.4944
57.8 11.3179 44.4944
57.9 11.3179 44.4944
58 11.3179 44.4944
58.1 11.3179 44.4945
58.2 11.3179 44.4945
58.3 11.3179 44.4945
58.4 11.3179 44.4945
58.5 11.3179 44.4945
58.6 11.3179 44.4945
58.7 11.3179 44.4945
58.8 11.3179 44.4945
58.9 11.3179 44.4945
59 11.3179 44.4945
59.1 11.3179 44.4945
59.2 11.3179 44.4945
59.3 11.3179 44.4945
59.4 11.3179 44.4946
59.5 11.3179 44.4946
59.6 11.3179 44.4946
59.7 11.3179 44.4946
59.8 11.3179 44.4946
59.9 11.3179 44.4946
60 11.3179 44.4946
60.1 11.3179 44.4946
60.2 11.3179 44.4946
60.3 11.3179 44.4946
60.4 11.3179 44.4946
60.5 11.3179 44.4946
60.6 11.3179 44.4946
60.7 11.3179 44.4947
60.8 11.3179 44.4947
60.9 11.3179 44.4947
61 11.3179 44.4947
61.1 11.3179 44.4947
61.2 11.3179 44.4947
61.3 11.3179 44.4947
61.4 11.3179 44.4947
61.5 11.3179 44.4947
61.6 11.3179 44.4947
61.7 11.3179 44.4947
61.8 11.3179 44.4947
61.9 11.3179 44.4947
62 11.3179 44.4948
62.1 11.3179 44.4948
62.2 11.3179 44.4948
62.3 11.3179 44.4948
62.4 11.3179 44.4948
62.5 11.3179 44.4948
62.6 11.3179 44.4948
62.7 11.3179 44.4948
62.8 11.3179 44.4948
62.9 11.3179 44.4948
63 11.3179 44.4948
63.1 11.3179 44.4948
63.2 11.3179 44.4948
63.3 11.3179 44.4949
63.4 11.3179 44.4949
63.5 11.3179 44.4949
63.6 11.3179 44.4949
63.7 11.3179 44.4949
63.8 11.3179 44.4949
63.9 11.3179 44.4949
64 11.3179 44.4949
64.1 11.3179 44.4949
64.2 11.3179 44.4949
64.3 11.3179 44.4949
64.4 11.3179 44.4949
64.5 11.3179 44.4949
64.6 11.3179 44.495
64.7 11.3179 44.495
64.8 11.3179 44.495
64.9 11.3179 44.495
65 11.3179 44.495
65.1 11.3179 44.495
65.2 11.3179 44.495
65.3 11.3179 44.495
65.4 11.3179 44.495
65.5 11.3179 44.495
65.6 11.3179 44.495
65.7 11.3179 44.495
65.8 11.3179 44.495
65.9 11.3179 44.4951
66 11.3179 44.4951
66.1 11.3179 44.4951
66.2 11.3179 44.4951
66.3 11.3179 44.4951
66.4 11.3179 44.4951
66.5 11.3179 44.4951
66.6 11.3179 44.4951
66.7 11.3179 44.4951
66.8 11.3179 44.4951
66.9 11.3179 44.4951
67 11.3179 44.4951
67.1 11.3179 44.4951
67.2 11.3179 44.4952
67.3 11.3179 44.4952
67.4 11.3179 44.4952
67.5 11.3179 44.4952
67.6 11.3179 44.4952
67.7 11.3179 44.4952
67.8 11.3179 44.4952
67.9 11.318 44.4952
68 11.318 44.4952
68.1 11.318 44.4952
68.2 11.318 44.4952
68.3 11.318 44.4952
68.4 11.318 44.4952
68.5 11.318 44.4952
68.6 11.318 44.4952
68.7 11.318 44.4952
68.8 11.318 44.4952
68.9 11.318 44.4952
69 11.318 44.4952
69.1 11.3181 44.4952
69.2 11.3181 44.4952
69.3 11.3181 44.4952
69.4 11.3181 44.4952
69.5 11.3181 44.4952
69.6 11.3181 44.4952
69.7 11.3181 44.4952
69.8 11.3181 44.4952
69.9 11.3181 44.4952
70 11.3182 44.4952
70.1 11.3182 44.4952
70.2 11.3182 44.4952
70.3 11.3182 44.4952
70.4 11.3182 44.4952
70.5 11.3182 44.4952
70.6 11.3182 44.4952
70.7 11.3182 44.4952
70.8 11.3183 44.4952
70.9 11.3183 44.4952
71 11.3183 44.4952
71.1 11.3183 44.4952
71.2 11.3183 44.4952
71.3 11.3183 44.4952
71.4 11.3183 44.4952
71.5 11.3184 44.4952
71.6 11.3184 44.4952
71.7 11.3184 44.4952
71.8 11.3184 44.4952
71.9 11.3184 44.4952
72 11.3184 44.4952
72.1 11.3185 44.4952
72.2 11.3185 44.4952
72.3 11.3185 44.4952
72.4 11.3185 44.4952
72.5 11.3185 44.4952
72.6 11.3185 44.4952
72.7 11.3186 44.4952
72.8 11.3186 44.4952
72.9 11.3186 44.4952
73 11.3186 44.4952
73.1 11.3186 44.4952
73.2 11.3187 44.4952
73.3 11.3187 44.4952
73.4 11.3187 44.4952
73.5 11.3187 44.4952
73.6 11.3187 44.4952
73.7 11.3188 44.4952
73.8 11.3188 44.4952
73.9 11.3188 44.4952
74 11.3188 44.4952
74.1 11.3188 44.4952
74.2 11.3189 44.4952
74.3 11.3189 44.4952
74.4 11.3189 44.4952
74.5 11.3189 44.4952
74.6 11.319 44.4952
74.7 11.319 44.4952
74.8 11.319 44.4952
74.9 11.319 44.4952
75 11.319 44.4952
75.1 11.3191 44.4952
75.2 11.3191 44.4952
75.3 11.3191 44.4953
75.4 11.3191 44.4953
75.5 11.3192 44.4953
75.6 11.3192 44.4953
75.7 11.3192 44.4953
75.8 11.3192 44.4953
75.9 11.3192 44.4953
76 11.3193 44.4953
76.1 11.3193 44.4953
76.2 11.3193 44.4953
76.3 11.3193 44.4953
76.4 11.3193 44.4953
76.5 11.3193 44.4953
76.6 11.3194 44.4953
76.7 11.3194 44.4953
76.8 11.3194 44.4953
76.9 11.3194 44.4953
77 11.3194 44.4953
77.1 11.3194 44.4953
77.2 11.3194 44.4953
77.3 11.3195 44.4953
77.4 11.3195 44.4953
77.5 11.3195 44.4953
77.6 11.3195 44.4953
77.7 11.3195 44.4953
77.8 11.3195 44.4953
77.9 11.3195 44.4953
78 11.3195 44.4953
78.1 11.3195 44.4953
78.2 11.3195 44.4953
78.3 11.3195 44.4953
78.4 11.3196 44.4953
78.5 11.3196 44.4953
78.6 11.3196 44.4953
78.7 11.3196 44.4953
78.8 11.3196 44.4953
78.9 11.3196 44.4953
79 11.3196 44.4953
79.1 11.3196 44.4953
79.2 11.3196 44.4953
79.3 11.3196 44.4953
79.4 11.3196 44.4953
79.5 11.3196 44.4953
79.6 11.3196 44.4953
79.7 11.3196 44.4953
79.8 11.3196 44.4953
79.9 11.3196 44.4953
80 11.3196 44.4953
80.1 11.3196 44.4953
80.2 11.3196 44.4953
80.3 11.3196 44.4953
80.4 11.3196 44.4953
80.5 11.3196 44.4953
80.6 11.3196 44.4953
80.7 11.3196 44.4953
80.8 11.3196 44.4953
80.9 11.3196 44.4953
81 11.3196 44.4953
81.1 11.3196 44.4953
81.2 11.3196 44.4953
81.3 11.3196 44.4953
81.4 11.3196 44.4953
81.5 11.3196 44.4953
81.6 11.3196 44.4953
81.7 11.3196 44.4953
81.8 11.3196 44.4953
81.9 11.3196 44.4953
82 11.3196 44.4953
82.1 11.3196 44.4953
82.2 11.3196 44.4953
82.3 11.3196 44.4953
82.4 11.3196 44.4953
82.5 11.3196 44.4953
82.6 11.3196 44.4953
82.7 11.3196 44.4953
82.8 11.3196 44.4953
82.9 11.3196 44.4953
83 11.3196 44.4953
83.1 11.3196 44.4953
83.2 11.3196 44.4953
83.3 11.3196 44.4953
83.4 11.3196 44.4953
83.5 11.3196 44.4953
83.6 11.3196 44.4953
83.7 11.3196 44.4953
83.8 11.3196 44.4953
83.9 11.3196 44.4953
84 11.3196 44.4953
84.1 11.3196 44.4953
84.2 11.3196 44.4953
84.3 11.3196 44.4953
84.4 11.3196 44.4953
84.5 11.3196 44.4953
84.6 11.3196 44.4953
84.7 11.3196 44.4953
84.8 11.3196 44.4953
84.9 11.3196 44.4953
85 11.3196 44.4953
85.1 11.3196 44.4953
85.2 11.3196 44.4953
85.3 11.3196 44.4953
85.4 11.3196 44.4953
85.5 11.3196 44.4953
85.6 11.3196 44.4953
85.7 11.3196 44.4953
85.8 11.3196 44.4953
85.9 11.3196 44.4953
86 11.3196 44.4953
86.1 11.3196 44.4953
86.2 11.3196 44.4953
86.3 11.3196 44.4953
86.4 11.3196 44.4953
86.5 11.3196 44.4953
86.6 11.3196 44.4953
86.7 11.3196 44.4953
86.8 11.3196 44.4953
86.9 11.3196 44.4953
87 11.3196 44.4953
87.1 11.3196 44.4953
87.2 11.3196 44.4953
87.3 11.3196 44.4953
87.4 11.3196 44.4953
87.5 11.3196 44.4953
87.6 11.3196 44.4953
87.7 11.3196 44.4953
87.8 11.3196 44.4953
87.9 11.3196 44.4953
88 11.3196 44.4953
88.1 11.3196 44.4953
88.2 11.3196 44.4953
88.3 11.3196 44.4953
88.4 11.3196 44.4953
88.5 11.3196 44.4953
88.6 11.3196 44.4953
88.7 11.3196 44.4953
88.8 11.3196 44.4953
88.9 11.3196 44.4953
89 11.3196 44.4953
89.1 11.3196 44.4953
89.2 11.3196 44.4953
89.3 11.3196 44.4953
89.4 11.3196 44.4953
89.5 11.3196 44.4953
89.6 11.3196 44.4953
89.7 11.3196 44.4953
89.8 11.3196 44.4953
89.9 11.3196 44.4953
