0 11.3127 44.4943
0.1 11.3127 44.4943
0.2 11.3127 44.4943
0.3 11.3127 44.4943
0.4 11.3127 44.4943
0.5 11.3127 44.4943
0.6 11.3127 44.4943
0.7 11.3127 44.4943
0.8 11.3127 44.4943
0.9 11.3127 44.4943
1 11.3127 44.4943
1.1 11.3127 44.4943
1.2 11.3127 44.4943
1.3 11.3127 44.4943
1.4 11.3127 44.4943
1.5 11.3127 44.4943
1.6 11.3127 44.4943
1.7 11.3127 44.4943
1.8 11.3127 44.4943
1.9 11.3127 44.4943
2 11.3127 44.4943
2.1 11.3127 44.4943
2.2 11.3127 44.4943
2.3 11.3127 44.4943
2.4 11.3127 44.4943
2.5 11.3127 44.4943
2.6 11.3127 44.4943
2.7 11.3127 44.4943
2.8 11.3128 44.4943
2.9 11.3128 44.4943
3 11.3128 44.4943
3.1 11.3128 44.4943
3.2 11.3128 44.4943
3.3 11.3128 44.4943
3.4 11.3128 44.4943
3.5 11.3128 44.4943
3.6 11.3128 44.4943
3.7 11.3128 44.4943
3.8 11.3128 44.4943
3.9 11.3128 44.4943
4 11.3128 44.4943
4.1 11.3128 44.4943
4.2 11.3128 44.4943
4.3 11.3129 44.4943
4.4 11.3129 44.4943
4.5 11.3129 44.4943
4.6 11.3129 44.4943
4.7 11.3129 44.4943
4.8 11.3129 44.4943
4.9 11.3129 44.4943
5 11.3129 44.4943
5.1 11.3129 44.4943
5.2 11.3129 44.4943
5.3 11.3129 44.4944
5.4 11.3129 44.4944
5.5 11.3129 44.4944
5.6 11.3129 44.4944
5.7 11.3129 44.4944
5.8 11.3129 44.4944
5.9 11.3129 44.4944
6 11.3129 44.4944
6.1 11.3129 44.4944
6.2 11.3129 44.4944
6.3 11.3129 44.4944
6.4 11.3129 44.4944
6.5 11.3129 44.4944
6.6 11.3129 44.4944
6.7 11.3129 44.4944
6.8 11.3129 44.4944
6.9 11.3129 44.4945
7 11.3129 44.4945
7.1 11.3129 44.4945
7.2 11.3129 44.4945
7.3 11.3129 44.4945
7.4 11.3129 44.4945
7.5 11.3129 44.4945
7.6 11.3129 44.4945
7.7 11.3129 44.4945
7.8 11.3129 44.4945
7.9 11.3129 44.4945
8 11.3129 44.4945
8.1 11.3129 44.4945
8.2 11.3129 44.4945
8.3 11.3129 44.4946
8.4 11.3129 44.4946
8.5 11.3129 44.4946
8.6 11.3129 44.4946
8.7 11.3129 44.4946
8.8 11.3129 44.4946
8.9 11.3129 44.4946
9 11.3129 44.4946
9.1 11.3129 44.4946
9.2 11.3129 44.4946
9.3 11.3129 44.4946
9.4 11.3129 44.4946
9.5 11.3129 44.4946
9.6 11.3129 44.4946
9.7 11.3129 44.4946
9.8 11.3129 44.4947
9.9 11.3129 44.4947
10 11.3128 44.4947
10.1 11.3128 44.4947
10.2 11.3128 44.4947
10.3 11.3128 44.4947
10.4 11.3128 44.4947
10.5 11.3128 44.4947
10.6 11.3128 44.4947
10.7 11.3128 44.4947
10.8 11.3128 44.4947
10.9 11.3128 44.4947
11 11.3128 44.4947
11.1 11.3128 44.4947
11.2 11.3128 44.4947
11.3 11.3128 44.4948
11.4 11.3128 44.4948
11.5 11.3128 44.4948
11.6 11.3128 44.4948
11.7 11.3128 44.4948
11.8 11.3128 44.4948
11.9 11.3128 44.4948
12 11.3128 44.4948
12.1 11.3128 44.4948
12.2 11.3128 44.4948
12.3 11.3128 44.4948
12.4 11.3128 44.4948
12.5 11.3128 44.4948
12.6 11.3128 44.4948
12.7 11.3128 44.4949
12.8 11.3128 44.4949
12.9 11.3128 44.4949
13 11.3128 44.4949
13.1 11.3128 44.4949
13.2 11.3128 44.4949
13.3 11.3128 44.4949
13.4 11.3128 44.4949
13.5 11.3128 44.4949
13.6 11.3128 44.4949
13.7 11.3128 44.4949
13.8 11.3128 44.4949
13.9 11.3128 44.4949
14 11.3128 44.4949
14.1 11.3128 44.4949
14.2 11.3128 44.495
14.3 11.3128 44.495
14.4 11.3128 44.495
14.5 11.3128 44.495
14.6 11.3128 44.495
14.7 11.3128 44.495
14.8 11.3128 44.495
14.9 11.3128 44.495
15 11.3128 44.495
15.1 11.3128 44.495
15.2 11.3128 44.495
15.3 11.3128 44.495
15.4 11.3128 44.495
15.5 11.3128 44.495
15.6 11.3128 44.495
15.7 11.3128 44.4951
15.8 11.3128 44.4951
15.9 11.3128 44.4951
16 11.3128 44.4951
16.1 11.3128 44.4951
16.2 11.3128 44.4951
16.3 11.3128 44.4951
16.4 11.3128 44.4951
16.5 11.3128 44.4951
16.6 11.3128 44.4951
16.7 11.3128 44.4951
16.8 11.3128 44.4951
16.9 11.3128 44.4951
17 11.3128 44.4951
17.1 11.3128 44.4951
17.2 11.3128 44.4951
17.3 11.3128 44.4951
17.4 11.3128 44.4952
17.5 11.3128 44.4952
17.6 11.3128 44.4952
17.7 11.3128 44.4952
17.8 11.3128 44.4952
17.9 11.3128 44.4952
18 11.3128 44.4952
18.1 11.3128 44.4952
18.2 11.3128 44.4952
18.3 11.3128 44.4952
18.4 11.3128 44.4952
18.5 11.3128 44.4952
18.6 11.3128 44.4952
18.7 11.3128 44.4952
18.8 11.3128 44.4952
18.9 11.3128 44.4952
19 11.3128 44.4952
19.1 11.3128 44.4953
19.2 11.3128 44.4953
19.3 11.3128 44.4953
19.4 11.3128 44.4953
19.5 11.3128 44.4953
19.6 11.3128 44.4953
19.7 11.3128 44.4953
19.8 11.3129 44.4953
19.9 11.3129 44.4953
20 11.3129 44.4953
20.1 11.3129 44.4953
20.2 11.3129 44.4953
20.3 11.3129 44.4953
20.4 11.3129 44.4953
20.5 11.3129 44.4953
20.6 11.3129 44.4953
20.7 11.3129 44.4953
20.8 11.313 44.4953
20.9 11.313 44.4953
21 11.313 44.4953
21.1 11.313 44.4953
21.2 11.313 44.4953
21.3 11.313 44.4953
21.4 11.313 44.4953
21.5 11.313 44.4953
21.6 11.313 44.4953
21.7 11.313 44.4953
21.8 11.3131 44.4953
21.9 11.3131 44.4953
22 11.3131 44.4953
22.1 11.3131 44.4953
22.2 11.3131 44.4953
22.3 11.3131 44.4953
22.4 11.3131 44.4953
22.5 11.3131 44.4953
22.6 11.3131 44.4953
22.7 11.3131 44.4953
22.8 11.3132 44.4953
22.9 11.3132 44.4953
23 11.3132 44.4953
23.1 11.3132 44.4953
23.2 11.3132 44.4953
23.3 11.3132 44.4953
23.4 11.3132 44.4953
23.5 11.3132 44.4953
23.6 11.3132 44.4953
23.7 11.3132 44.4953
23.8 11.3132 44.4953
23.9 11.3133 44.4953
24 11.3133 44.4953
24.1 11.3133 44.4953
24.2 11.3133 44.4953
24.3 11.3133 44.4953
24.4 11.3133 44.4953
24.5 11.3133 44.4953
24.6 11.3133 44.4953
24.7 11.3133 44.4953
24.8 11.3133 44.4953
24.9 11.3134 44.4953
25 11.3134 44.4953
25.1 11.3134 44.4953
25.2 11.3134 44.4953
25.3 11.3134 44.4953
25.4 11.3134 44.4953
25.5 11.3134 44.4953
25.6 11.3134 44.4953
25.7 11.3134 44.4953
25.8 11.3134 44.4953
25.9 11.3135 44.4953
26 11.3135 44.4953
26.1 11.3135 44.4953
26.2 11.3135 44.4954
26.3 11.3135 44.4954
26.4 11.3135 44.4954
26.5 11.3135 44.4954
26.6 11.3135 44.4954
26.7 11.3135 44.4954
26.8 11.3135 44.4954
26.9 11.3136 44.4954
27 11.3136 44.4954
27.1 11.3136 44.4954
27.2 11.3136 44.4954
27.3 11.3136 44.4954
27.4 11.3136 44.4954
27.5 11.3136 44.4954
27.6 11.3136 44.4954
27.7 11.3136 44.4954
27.8 11.3136 44.4954
27.9 11.3136 44.4954
28 11.3137 44.4954
28.1 11.3137 44.4954
28.2 11.3137 44.4954
28.3 11.3137 44.4954
28.4 11.3137 44.4954
28.5 11.3137 44.4954
28.6 11.3137 44.4954
28.7 11.3137 44.4954
28.8 11.3137 44.4954
28.9 11.3137 44.4954
29 11.3138 44.4954
29.1 11.3138 44.4954
29.2 11.3138 44.4954
29.3 11.3138 44.4954
29.4 11.3138 44.4954
29.5 11.3138 44.4954
29.6 11.3138 44.4954
29.7 11.3138 44.4954
29.8 11.3138 44.4954
29.9 11.3138 44.4954
30 11.3139 44.4954
30.1 11.3139 44.4954
30.2 11.3139 44.4954
30.3 11.3139 44.4954
30.4 11.3139 44.4954
30.5 11.3139 44.4954
30.6 11.3139 44.4954
30.7 11.3139 44.4954
30.8 11.3139 44.4954
30.9 11.3139 44.4954
31 11.3139 44.4954
31.1 11.314 44.4954
31.2 11.314 44.4954
31.3 11.314 44.4954
31.4 11.314 44.4954
31.5 11.314 44.4954
31.6 11.314 44.4954
31.7 11.314 44.4954
31.8 11.314 44.4954
31.9 11.314 44.4954
32 11.314 44.4954
32.1 11.3141 44.4954
32.2 11.3141 44.4954
32.3 11.3141 44.4954
32.4 11.3141 44.4954
32.5 11.3141 44.4954
32.6 11.3141 44.4954
32.7 11.3141 44.4954
32.8 11.3141 44.4954
32.9 11.3141 44.4954
33 11.3141 44.4954
33.1 11.3142 44.4954
33.2 11.3142 44.4954
33.3 11.3142 44.4954
33.4 11.3142 44.4954
33.5 11.3142 44.4954
33.6 11.3142 44.4954
33.7 11.3142 44.4954
33.8 11.3142 44.4955
33.9 11.3142 44.4955
34 11.3142 44.4955
34.1 11.3142 44.4955
34.2 11.3143 44.4955
34.3 11.3143 44.4955
34.4 11.3143 44.4955
34.5 11.3143 44.4955
34.6 11.3143 44.4955
34.7 11.3143 44.4955
34.8 11.3143 44.4955
34.9 11.3143 44.4955
35 11.3143 44.4955
35.1 11.3143 44.4955
35.2 11.3143 44.4955
35.3 11.3143 44.4955
35.4 11.3144 44.4955
35.5 11.3144 44.4955
35.6 11.3144 44.4955
35.7 11.3144 44.4955
35.8 11.3144 44.4955
35.9 11.3144 44.4955
36 11.3144 44.4955
36.1 11.3144 44.4955
36.2 11.3144 44.4955
36.3 11.3144 44.4955
36.4 11.3144 44.4955
36.5 11.3144 44.4955
36.6 11.3144 44.4955
36.7 11.3145 44.4955
36.8 11.3145 44.4955
36.9 11.3145 44.4955
37 11.3145 44.4955
37.1 11.3145 44.4955
37.2 11.3145 44.4955
37.3 11.3145 44.4955
37.4 11.3145 44.4955
37.5 11.3145 44.4955
37.6 11.3145 44.4955
37.7 11.3145 44.4955
37.8 11.3145 44.4955
37.9 11.3145 44.4955
38 11.3145 44.4955
38.1 11.3145 44.4955
38.2 11.3145 44.4955
38.3 11.3145 44.4955
38.4 11.3145 44.4955
38.5 11.3145 44.4955
38.6 11.3145 44.4955
38.7 11.3145 44.4955
38.8 11.3146 44.4955
38.9 11.3146 44.4955
39 11.3146 44.4955
39.1 11.3146 44.4955
39.2 11.3146 44.4955
39.3 11.3146 44.4955
39.4 11.3146 44.4955
39.5 11.3146 44.4955
39.6 11.3146 44.4955
39.7 11.3146 44.4955
39.8 11.3146 44.4955
39.9 11.3146 44.4955
40 11.3146 44.4955
40.1 11.3146 44.4955
40.2 11.3146 44.4955
40.3 11.3146 44.4955
40.4 11.3146 44.4955
40.5 11.3146 44.4955
40.6 11.3146 44.4955
40.7 11.3146 44.4955
40.8 11.3146 44.4955
40.9 11.3146 44.4955
41 11.3146 44.4955
41.1 11.3146 44.4955
41.2 11.3146 44.4955
41.3 11.3146 44.4955
41.4 11.3146 44.4955
41.5 11.3146 44.4955
41.6 11.3146 44.4955
41.7 11.3146 44.4955
41.8 11.3146 44.4955
41.9 11.3146 44.4955
42 11.3146 44.4955
42.1 11.3146 44.4955
42.2 11.3146 44.4955
42.3 11.3146 44.4955
42.4 11.3146 44.4955
42.5 11.3146 44.4955
42.6 11.3146 44.4955
42.7 11.3146 44.4955
42.8 11.3146 44.4955
42.9 11.3146 44.4955
43 11.3146 44.4955
43.1 11.3146 44.4955
43.2 11.3146 44.4955
43.3 11.3146 44.4955
43.4 11.3146 44.4955
43.5 11.3146 44.4955
43.6 11.3146 44.4955
43.7 11.3146 44.4955
43.8 11.3146 44.4955
43.9 11.3146 44.4955
44 11.3146 44.4955
44.1 11.3146 44.4955
44.2 11.3146 44.4955
44.3 11.3146 44.4955
44.4 11.3146 44.4955
44.5 11.3146 44.4955
44.6 11.3146 44.4955
44.7 11.3146 44.4955
44.8 11.3146 44.4955
44.9 11.3146 44.4955
45 11.3146 44.4955
45.1 11.3146 44.4955
45.2 11.3146 44.4955
45.3 11.3146 44.4955
45.4 11.3146 44.4955
45.5 11.3146 44.4955
45.6 11.3146 44.4955
45.7 11.3146 44.4955
45.8 11.3146 44.4955
45.9 11.3146 44.4955
46 11.3146 44.4955
46.1 11.3146 44.4955
46.2 11.3146 44.4955
46.3 11.3146 44.4955
46.4 11.3146 44.4955
46.5 11.3147 44.4955
46.6 11.3147 44.4955
46.7 11.3147 44.4955
46.8 11.3147 44.4955
46.9 11.3147 44.4955
47 11.3147 44.4955
47.1 11.3147 44.4955
47.2 11.3147 44.4955
47.3 11.3147 44.4955
47.4 11.3147 44.4955
47.5 11.3147 44.4955
47.6 11.3147 44.4955
47.7 11.3147 44.4955
47.8 11.3147 44.4955
47.9 11.3147 44.4955
48 11.3147 44.4955
48.1 11.3148 44.4955
48.2 11.3148 44.4955
48.3 11.3148 44.4955
48.4 11.3148 44.4955
48.5 11.3148 44.4955
48.6 11.3148 44.4955
48.7 11.3148 44.4955
48.8 11.3148 44.4955
48.9 11.3148 44.4955
49 11.3148 44.4955
49.1 11.3148 44.4955
49.2 11.3148 44.4955
49.3 11.3148 44.4955
49.4 11.3148 44.4955
49.5 11.3148 44.4955
49.6 11.3148 44.4955
49.7 11.3149 44.4955
49.8 11.3148 44.4955
49.9 11.3148 44.4955
50 11.3148 44.4955
50.1 11.3148 44.4955
50.2 11.3148 44.4955
50.3 11.3148 44.4955
50.4 11.3148 44.4955
50.5 11.3148 44.4955
50.6 11.3148 44.4955
50.7 11.3148 44.4955
50.8 11.3148 44.4955
50.9 11.3148 44.4955
51 11.3148 44.4954
51.1 11.3148 44.4954
51.2 11.3148 44.4954
51.3 11.3148 44.4954
51.4 11.3148 44.4954
51.5 11.3148 44.4954
51.6 11.3148 44.4954
51.7 11.3148 44.4954
51.8 11.3148 44.4954
51.9 11.3148 44.4954
52 11.3148 44.4954
52.1 11.3148 44.4954
52.2 11.3148 44.4954
52.3 11.3147 44.4954
52.4 11.3147 44.4953
52.5 11.3147 44.4953
52.6 11.3147 44.4953
52.7 11.3147 44.4953
52.8 11.3147 44.4953
52.9 11.3147 44.4953
53 11.3147 44.4953
53.1 11.3147 44.4953
53.2 11.3147 44.4953
53.3 11.3147 44.4953
53.4 11.3147 44.4953
53.5 11.3147 44.4952
53.6 11.3147 44.4952
53.7 11.3147 44.4952
53.8 11.3147 44.4952
53.9 11.3146 44.4952
54 11.3146 44.4952
54.1 11.3146 44.4952
54.2 11.3146 44.4952
54.3 11.3146 44.4952
54.4 11.3146 44.4951
54.5 11.3146 44.4951
54.6 11.3146 44.4951
54.7 11.3146 44.4951
54.8 11.3146 44.4951
54.9 11.3146 44.4951
55 11.3146 44.4951
55.1 11.3146 44.4951
55.2 11.3145 44.4951
55.3 11.3145 44.495
55.4 11.3145 44.495
55.5 11.3145 44.495
55.6 11.3145 44.495
55.7 11.3145 44.495
55.8 11.3145 44.495
55.9 11.3145 44.495
56 11.3145 44.495
56.1 11.3145 44.495
56.2 11.3145 44.4949
56.3 11.3145 44.4949
56.4 11.3144 44.4949
56.5 11.3144 44.4949
56.6 11.3144 44.4949
56.7 11.3144 44.4949
56.8 11.3144 44.4949
56.9 11.3144 44.4949
57 11.3144 44.4949
57.1 11.3144 44.4949
57.2 11.3144 44.4949
57.3 11.3144 44.4949
57.4 11.3144 44.4949
57.5 11.3144 44.4949
57.6 11.3143 44.4949
57.7 11.3143 44.4948
57.8 11.3143 44.4948
57.9 11.3143 44.4948
58 11.3143 44.4948
58.1 11.3143 44.4948
58.2 11.3143 44.4948
58.3 11.3143 44.4948
58.4 11.3143 44.4948
58.5 11.3143 44.4948
58.6 11.3142 44.4948
58.7 11.3142 44.4948
58.8 11.3142 44.4948
58.9 11.3142 44.4948
59 11.3142 44.4948
59.1 11.3142 44.4948
59.2 11.3142 44.4948
59.3 11.3142 44.4948
59.4 11.3141 44.4947
59.5 11.3141 44.4947
59.6 11.3141 44.4947
59.7 11.3141 44.4947
59.8 11.3141 44.4947
59.9 11.3141 44.4947
60 11.3141 44.4947
60.1 11.3141 44.4947
60.2 11.3141 44.4947
60.3 11.3141 44.4947
60.4 11.3141 44.4947
60.5 11.314 44.4947
60.6 11.314 44.4946
60.7 11.314 44.4946
60.8 11.314 44.4946
60.9 11.314 44.4946
61 11.314 44.4946
61.1 11.314 44.4946
61.2 11.314 44.4946
61.3 11.3139 44.4946
61.4 11.3139 44.4946
61.5 11.3139 44.4946
61.6 11.3139 44.4946
61.7 11.3139 44.4946
61.8 11.3139 44.4946
61.9 11.3139 44.4946
62 11.3138 44.4946
62.1 11.3138 44.4946
62.2 11.3138 44.4946
62.3 11.3138 44.4946
62.4 11.3138 44.4946
62.5 11.3138 44.4946
62.6 11.3137 44.4946
62.7 11.3137 44.4945
62.8 11.3137 44.4945
62.9 11.3137 44.4945
63 11.3137 44.4945
63.1 11.3137 44.4945
63.2 11.3136 44.4945
63.3 11.3136 44.4945
63.4 11.3136 44.4945
63.5 11.3136 44.4945
63.6 11.3136 44.4945
63.7 11.3135 44.4945
63.8 11.3135 44.4945
63.9 11.3135 44.4945
64 11.3135 44.4945
64.1 11.3135 44.4945
64.2 11.3134 44.4945
64.3 11.3134 44.4945
64.4 11.3134 44.4945
64.5 11.3134 44.4945
64.6 11.3133 44.4945
64.7 11.3133 44.4944
64.8 11.3133 44.4944
64.9 11.3133 44.4944
65 11.3133 44.4944
65.1 11.3132 44.4944
65.2 11.3132 44.4944
65.3 11.3132 44.4944
65.4 11.3132 44.4944
65.5 11.3131 44.4944
65.6 11.3131 44.4944
65.7 11.3131 44.4944
65.8 11.3131 44.4944
65.9 11.313 44.4944
66 11.313 44.4944
66.1 11.313 44.4944
66.2 11.313 44.4944
66.3 11.3129 44.4944
66.4 11.3129 44.4943
66.5 11.3129 44.4943
66.6 11.3129 44.4943
66.7 11.3128 44.4943
66.8 11.3128 44.4943
66.9 11.3128 44.4943
67 11.3128 44.4943
67.1 11.3127 44.4943
67.2 11.3127 44.4943
67.3 11.3127 44.4943
67.4 11.3127 44.4943
67.5 11.3126 44.4943
67.6 11.3126 44.4943
67.7 11.3126 44.4943
67.8 11.3125 44.4942
67.9 11.3125 44.4942
68 11.3125 44.4942
68.1 11.3125 44.4942
68.2 11.3124 44.4942
68.3 11.3124 44.4942
68.4 11.3124 44.4942
68.5 11.3123 44.4942
68.6 11.3123 44.4942
68.7 11.3123 44.4942
68.8 11.3122 44.4942
68.9 11.3122 44.4942
69 11.3122 44.4942
69.1 11.3121 44.4942
69.2 11.3121 44.4942
69.3 11.3121 44.4942
69.4 11.312 44.4942
69.5 11.312 44.4942
69.6 11.312 44.4942
69.7 11.312 44.4941
69.8 11.3119 44.4941
69.9 11.3119 44.4941
70 11.3119 44.4941
70.1 11.3118 44.4941
70.2 11.3118 44.4941
70.3 11.3118 44.4941
70.4 11.3118 44.4941
70.5 11.3117 44.4941
70.6 11.3117 44.4941
70.7 11.3117 44.4941
70.8 11.3117 44.4941
70.9 11.3116 44.4941
71 11.3116 44.4941
71.1 11.3116 44.4941
71.2 11.3116 44.4941
71.3 11.3115 44.4941
71.4 11.3115 44.4941
71.5 11.3115 44.4941
71.6 11.3115 44.4941
71.7 11.3115 44.4941
71.8 11.3114 44.4941
71.9 11.3114 44.4941
72 11.3114 44.4941
72.1 11.3114 44.4941
72.2 11.3113 44.4941
72.3 11.3113 44.4941
72.4 11.3113 44.4941
72.5 11.3113 44.4941
72.6 11.3113 44.4941
72.7 11.3112 44.4941
72.8 11.3112 44.4941
72.9 11.3112 44.4941
73 11.3112 44.4941
73.1 11.3112 44.4941
73.2 11.3112 44.4941
73.3 11.3112 44.4941
73.4 11.3111 44.494
73.5 11.3111 44.494
73.6 11.3111 44.494
73.7 11.3111 44.494
73.8 11.3111 44.494
73.9 11.3111 44.494
74 11.3111 44.494
74.1 11.311 44.494
74.2 11.311 44.494
74.3 11.311 44.494
74.4 11.311 44.494
74.5 11.311 44.494
74.6 11.311 44.494
74.7 11.311 44.494
74.8 11.311 44.494
74.9 11.311 44.494
75 11.311 44.494
75.1 11.311 44.494
75.2 11.3109 44.494
75.3 11.3109 44.494
75.4 11.3109 44.494
75.5 11.3109 44.494
75.6 11.3109 44.494
75.7 11.3109 44.494
75.8 11.3109 44.494
75.9 11.3109 44.494
76 11.3109 44.494
76.1 11.3109 44.494
76.2 11.3109 44.494
76.3 11.3109 44.494
76.4 11.3109 44.494
76.5 11.3109 44.4941
76.6 11.3109 44.4941
76.7 11.3109 44.4941
76.8 11.3109 44.4941
76.9 11.3109 44.4941
77 11.3109 44.4941
77.1 11.3109 44.4941
77.2 11.3109 44.4941
77.3 11.3109 44.4941
77.4 11.3109 44.4941
77.5 11.3109 44.4941
77.6 11.3109 44.4941
77.7 11.3109 44.4941
77.8 11.3109 44.4941
77.9 11.3109 44.4941
78 11.3109 44.4942
78.1 11.3109 44.4942
78.2 11.3109 44.4942
78.3 11.3109 44.4942
78.4 11.3109 44.4942
78.5 11.3109 44.4942
78.6 11.3109 44.4942
78.7 11.3109 44.4942
78.8 11.3109 44.4942
78.9 11.3109 44.4942
79 11.3109 44.4942
79.1 11.3109 44.4942
79.2 11.3109 44.4942
79.3 11.3109 44.4943
79.4 11.3109 44.4943
79.5 11.3108 44.4943
79.6 11.3108 44.4943
79.7 11.3108 44.4943
79.8 11.3108 44.4943
79.9 11.3108 44.4943
80 11.3108 44.4943
80.1 11.3108 44.4943
80.2 11.3108 44.4943
80.3 11.3108 44.4943
80.4 11.3108 44.4943
80.5 11.3108 44.4943
80.6 11.3108 44.4944
80.7 11.3108 44.4944
80.8 11.3108 44.4944
80.9 11.3108 44.4944
81 11.3108 44.4944
81.1 11.3108 44.4944
81.2 11.3108 44.4944
81.3 11.3108 44.4944
81.4 11.3108 44.4944
81.5 11.3108 44.4944
81.6 11.3108 44.4944
81.7 11.3108 44.4944
81.8 11.3108 44.4944
81.9 11.3108 44.4945
82 11.3108 44.4945
82.1 11.3108 44.4945
82.2 11.3108 44.4945
82.3 11.3108 44.4945
82.4 11.3108 44.4945
82.5 11.3108 44.4945
82.6 11.3108 44.4945
82.7 11.3108 44.4945
82.8 11.3108 44.4945
82.9 11.3108 44.4945
83 11.3108 44.4945
83.1 11.3108 44.4945
83.2 11.3108 44.4946
83.3 11.3108 44.4946
83.4 11.3108 44.4946
83.5 11.3108 44.4946
83.6 11.3108 44.4946
83.7 11.3108 44.4946
83.8 11.3108 44.4946
83.9 11.3108 44.4946
84 11.3108 44.4946
84.1 11.3108 44.4946
84.2 11.3108 44.4946
84.3 11.3108 44.4946
84.4 11.3108 44.4946
84.5 11.3108 44.4946
84.6 11.3108 44.4947
84.7 11.3108 44.4947
84.8 11.3108 44.4947
84.9 11.3108 44.4947
85 11.3108 44.4947
85.1 11.3108 44.4947
85.2 11.3108 44.4947
85.3 11.3108 44.4947
85.4 11.3108 44.4947
85.5 11.3108 44.4947
85.6 11.3108 44.4947
85.7 11.3108 44.4947
85.8 11.3108 44.4947
85.9 11.3108 44.4947
86 11.3108 44.4947
86.1 11.3108 44.4948
86.2 11.3108 44.4948
86.3 11.3108 44.4948
86.4 11.3108 44.4948
86.5 11.3108 44.4948
86.6 11.3108 44.4948
86.7 11.3108 44.4948
86.8 11.3108 44.4948
86.9 11.3108 44.4948
87 11.3108 44.4948
87.1 11.3108 44.4948
87.2 11.3108 44.4948
87.3 11.3108 44.4948
87.4 11.3108 44.4948
87.5 11.3108 44.4948
87.6 11.3108 44.4949
87.7 11.3108 44.4949
87.8 11.3108 44.4949
87.9 11.3108 44.4949
88 11.3107 44.4949
88.1 11.3107 44.4949
88.2 11.3107 44.4949
88.3 11.3107 44.4949
88.4 11.3107 44.4949
88.5 11.3107 44.4949
88.6 11.3107 44.4949
88.7 11.3107 44.4949
88.8 11.3107 44.4949
88.9 11.3107 44.4949
89 11.3107 44.4949
89.1 11.3107 44.4949
89.2 11.3107 44.495
89.3 11.3107 44.495
89.4 11.3107 44.495
89.5 11.3107 44.495
89.6 11.3107 44.495
89.7 11.3107 44.495
89.8 11.3107 44.495
89.9 11.3107 44.495
