0 11.3167 44.4958
0.1 11.3167 44.4958
0.2 11.3167 44.4958
0.3 11.3167 44.4958
0.4 11.3166 44.4958
0.5 11.3166 44.4958
0.6 11.3166 44.4958
0.7 11.3166 44.4958
0.8 11.3166 44.4958
0.9 11.3165 44.4958
1 11.3165 44.4958
1.1 11.3165 44.4958
1.2 11.3165 44.4958
1.3 11.3165 44.4958
1.4 11.3164 44.4958
1.5 11.3164 44.4958
1.6 11.3164 44.4957
1.7 11.3164 44.4957
1.8 11.3164 44.4957
1.9 11.3163 44.4957
2 11.3163 44.4957
2.1 11.3163 44.4957
2.2 11.3163 44.4957
2.3 11.3163 44.4957
2.4 11.3162 44.4957
2.5 11.3162 44.4957
2.6 11.3162 44.4957
2.7 11.3162 44.4957
2.8 11.3162 44.4957
2.9 11.3162 44.4957
3 11.3161 44.4957
3.1 11.3161 44.4957
3.2 11.3161 44.4957
3.3 11.3161 44.4957
3.4 11.3161 44.4957
3.5 11.3161 44.4957
3.6 11.3161 44.4957
3.7 11.316 44.4957
3.8 11.316 44.4957
3.9 11.316 44.4957
4 11.316 44.4957
4.1 11.316 44.4957
4.2 11.316 44.4957
4.3 11.316 44.4957
4.4 11.316 44.4957
4.5 11.316 44.4957
4.6 11.316 44.4957
4.7 11.316 44.4957
4.8 11.316 44.4957
4.9 11.3159 44.4957
5 11.3159 44.4957
5.1 11.3159 44.4957
5.2 11.3159 44.4957
5.3 11.3159 44.4957
5.4 11.3159 44.4957
5.5 11.3159 44.4957
5.6 11.3159 44.4957
5.7 11.3159 44.4957
5.8 11.3159 44.4957
5.9 11.3159 44.4957
6 11.3159 44.4957
6.1 11.3159 44.4956
6.2 11.3159 44.4956
6.3 11.3159 44.4956
6.4 11.3159 44.4956
6.5 11.3159 44.4956
6.6 11.3159 44.4956
6.7 11.3159 44.4956
6.8 11.3159 44.4956
6.9 11.3159 44.4956
7 11.3159 44.4956
7.1 11.3159 44.4956
7.2 11.3159 44.4956
7.3 11.3159 44.4956
7.4 11.3159 44.4956
7.5 11.3159 44.4955
7.6 11.3159 44.4955
7.7 11.3159 44.4955
7.8 11.3159 44.4955
7.9 11.3159 44.4955
8 11.3159 44.4955
8.1 11.3159 44.4955
8.2 11.3159 44.4955
8.3 11.3159 44.4955
8.4 11.3159 44.4955
8.5 11.3159 44.4955
8.6 11.3159 44.4954
8.7 11.3159 44.4954
8.8 11.3159 44.4954
8.9 11.316 44.4954
9 11.316 44.4954
9.1 11.316 44.4954
9.2 11.316 44.4954
9.3 11.316 44.4954
9.4 11.316 44.4954
9.5 11.316 44.4954
9.6 11.316 44.4953
9.7 11.316 44.4953
9.8 11.316 44.4953
9.9 11.316 44.4953
10 11.316 44.4953
10.1 11.316 44.4953
10.2 11.316 44.4953
10.3 11.316 44.4953
10.4 11.316 44.4952
10.5 11.316 44.4952
10.6 11.316 44.4952
10.7 11.316 44.4952
10.8 11.316 44.4952
10.9 11.316 44.4952
11 11.316 44.4952
11.1 11.316 44.4952
11.2 11.316 44.4951
11.3 11.3161 44.4951
11.4 11.3161 44.4951
11.5 11.3161 44.4951
11.6 11.3161 44.4951
11.7 11.3161 44.4951
11.8 11.3161 44.4951
11.9 11.3161 44.4951
12 11.3161 44.4951
12.1 11.3161 44.4951
12.2 11.3161 44.4951
12.3 11.3161 44.4951
12.4 11.3161 44.4951
12.5 11.3161 44.4951
12.6 11.3161 44.495
12.7 11.3161 44.495
12.8 11.3161 44.495
12.9 11.3161 44.495
13 11.3161 44.495
13.1 11.3161 44.495
13.2 11.3161 44.495
13.3 11.3161 44.495
13.4 11.3161 44.495
13.5 11.3161 44.495
13.6 11.3161 44.495
13.7 11.3161 44.495
13.8 11.3162 44.495
13.9 11.3162 44.495
14 11.3162 44.495
14.1 11.3162 44.495
14.2 11.3162 44.495
14.3 11.3162 44.495
14.4 11.3162 44.495
14.5 11.3162 44.495
14.6 11.3162 44.495
14.7 11.3162 44.495
14.8 11.3163 44.495
14.9 11.3163 44.495
15 11.3163 44.495
15.1 11.3163 44.495
15.2 11.3163 44.495
15.3 11.3163 44.495
15.4 11.3163 44.495
15.5 11.3163 44.495
15.6 11.3163 44.495
15.7 11.3164 44.495
15.8 11.3164 44.495
15.9 11.3164 44.495
16 11.3164 44.495
16.1 11.3164 44.4951
16.2 11.3164 44.4951
16.3 11.3164 44.4951
16.4 11.3164 44.4951
16.5 11.3165 44.4951
16.6 11.3165 44.4951
16.7 11.3165 44.4951
16.8 11.3165 44.4951
16.9 11.3165 44.4951
17 11.3165 44.4951
17.1 11.3166 44.4951
17.2 11.3166 44.4951
17.3 11.3166 44.4951
17.4 11.3166 44.4951
17.5 11.3166 44.4951
17.6 11.3166 44.4951
17.7 11.3167 44.4951
17.8 11.3167 44.4951
17.9 11.3167 44.4951
18 11.3167 44.4951
18.1 11.3167 44.4951
18.2 11.3167 44.4951
18.3 11.3168 44.4951
18.4 11.3168 44.4951
18.5 11.3168 44.4951
18.6 11.3168 44.4951
18.7 11.3168 44.4951
18.8 11.3169 44.4951
18.9 11.3169 44.4951
19 11.3169 44.4951
19.1 11.3169 44.4951
19.2 11.3169 44.4951
19.3 11.317 44.4952
19.4 11.317 44.4952
19.5 11.317 44.4952
19.6 11.317 44.4952
19.7 11.317 44.4952
19.8 11.3171 44.4952
19.9 11.3171 44.4952
20 11.3171 44.4952
20.1 11.3171 44.4952
20.2 11.3172 44.4952
20.3 11.3172 44.4952
20.4 11.3172 44.4952
20.5 11.3172 44.4952
20.6 11.3173 44.4952
20.7 11.3173 44.4952
20.8 11.3173 44.4952
20.9 11.3173 44.4952
21 11.3174 44.4952
21.1 11.3174 44.4952
21.2 11.3174 44.4952
21.3 11.3174 44.4952
21.4 11.3175 44.4952
21.5 11.3175 44.4952
21.6 11.3175 44.4952
21.7 11.3175 44.4952
21.8 11.3176 44.4952
21.9 11.3176 44.4952
22 11.3176 44.4952
22.1 11.3177 44.4952
22.2 11.3177 44.4952
22.3 11.3177 44.4952
22.4 11.3177 44.4952
22.5 11.3178 44.4952
22.6 11.3178 44.4952
22.7 11.3178 44.4952
22.8 11.3179 44.4952
22.9 11.3179 44.4952
23 11.3179 44.4952
23.1 11.3179 44.4952
23.2 11.318 44.4952
23.3 11.318 44.4952
23.4 11.318 44.4952
23.5 11.3181 44.4952
23.6 11.3181 44.4952
23.7 11.3181 44.4952
23.8 11.3182 44.4952
23.9 11.3182 44.4952
24 11.3182 44.4952
24.1 11.3183 44.4952
24.2 11.3183 44.4952
24.3 11.3183 44.4952
24.4 11.3183 44.4952
24.5 11.3184 44.4952
24.6 11.3184 44.4952
24.7 11.3184 44.4952
24.8 11.3184 44.4952
24.9 11.3185 44.4952
25 11.3185 44.4952
25.1 11.3185 44.4952
25.2 11.3185 44.4952
25.3 11.3186 44.4952
25.4 11.3186 44.4953
25.5 11.3186 44.4953
25.6 11.3186 44.4953
25.7 11.3187 44.4953
25.8 11.3187 44.4953
25.9 11.3187 44.4953
26 11.3187 44.4953
26.1 11.3187 44.4953
26.2 11.3188 44.4953
26.3 11.3188 44.4953
26.4 11.3188 44.4953
26.5 11.3188 44.4953
26.6 11.3188 44.4953
26.7 11.3189 44.4953
26.8 11.3189 44.4953
26.9 11.3189 44.4953
27 11.3189 44.4953
27.1 11.3189 44.4953
27.2 11.319 44.4953
27.3 11.319 44.4953
27.4 11.319 44.4953
27.5 11.319 44.4953
27.6 11.319 44.4953
27.7 11.3191 44.4953
27.8 11.3191 44.4953
27.9 11.3191 44.4953
28 11.3191 44.4953
28.1 11.3191 44.4953
28.2 11.3191 44.4953
28.3 11.3192 44.4953
28.4 11.3192 44.4953
28.5 11.3192 44.4953
28.6 11.3192 44.4953
28.7 11.3192 44.4953
28.8 11.3192 44.4953
28.9 11.3192 44.4953
29 11.3192 44.4953
29.1 11.3193 44.4953
29.2 11.3193 44.4953
29.3 11.3193 44.4953
29.4 11.3193 44.4953
29.5 11.3193 44.4953
29.6 11.3193 44.4953
29.7 11.3193 44.4953
29.8 11.3193 44.4953
29.9 11.3193 44.4953
30 11.3193 44.4953
30.1 11.3193 44.4953
30.2 11.3193 44.4953
30.3 11.3193 44.4953
30.4 11.3193 44.4954
30.5 11.3193 44.4954
30.6 11.3193 44.4954
30.7 11.3193 44.4954
30.8 11.3193 44.4954
30.9 11.3193 44.4954
31 11.3193 44.4954
31.1 11.3193 44.4954
31.2 11.3193 44.4954
31.3 11.3193 44.4954
31.4 11.3193 44.4954
31.5 11.3193 44.4954
31.6 11.3193 44.4955
31.7 11.3193 44.4955
31.8 11.3193 44.4955
31.9 11.3193 44.4955
32 11.3193 44.4955
32.1 11.3193 44.4955
32.2 11.3193 44.4955
32.3 11.3193 44.4955
32.4 11.3193 44.4955
32.5 11.3193 44.4955
32.6 11.3193 44.4956
32.7 11.3193 44.4956
32.8 11.3193 44.4956
32.9 11.3193 44.4956
33 11.3193 44.4956
33.1 11.3193 44.4956
33.2 11.3193 44.4956
33.3 11.3193 44.4956
33.4 11.3193 44.4956
33.5 11.3193 44.4957
33.6 11.3193 44.4957
33.7 11.3193 44.4957
33.8 11.3193 44.4957
33.9 11.3193 44.4957
34 11.3193 44.4957
34.1 11.3193 44.4957
34.2 11.3193 44.4957
34.3 11.3193 44.4958
34.4 11.3193 44.4958
34.5 11.3193 44.4958
34.6 11.3193 44.4958
34.7 11.3193 44.4958
34.8 11.3193 44.4958
34.9 11.3193 44.4958
35 11.3193 44.4958
35.1 11.3193 44.4959
35.2 11.3193 44.4959
35.3 11.3194 44.4959
35.4 11.3194 44.4959
35.5 11.3194 44.4959
35.6 11.3194 44.4959
35.7 11.3194 44.4959
35.8 11.3194 44.4959
35.9 11.3194 44.4959
36 11.3194 44.496
36.1 11.3194 44.496
36.2 11.3194 44.496
36.3 11.3194 44.496
36.4 11.3194 44.496
36.5 11.3194 44.496
36.6 11.3194 44.496
36.7 11.3194 44.496
36.8 11.3194 44.496
36.9 11.3194 44.4961
37 11.3194 44.4961
37.1 11.3194 44.4961
37.2 11.3194 44.4961
37.3 11.3194 44.4961
37.4 11.3194 44.4961
37.5 11.3194 44.4961
37.6 11.3194 44.4961
37.7 11.3194 44.4961
37.8 11.3194 44.4961
37.9 11.3194 44.4961
38 11.3194 44.4961
38.1 11.3194 44.4961
38.2 11.3194 44.4962
38.3 11.3194 44.4962
38.4 11.3194 44.4962
38.5 11.3194 44.4962
38.6 11.3194 44.4962
38.7 11.3194 44.4962
38.8 11.3194 44.4962
38.9 11.3193 44.4962
39 11.3193 44.4962
39.1 11.3193 44.4962
39.2 11.3193 44.4962
39.3 11.3193 44.4962
39.4 11.3193 44.4962
39.5 11.3193 44.4962
39.6 11.3193 44.4962
39.7 11.3193 44.4962
39.8 11.3193 44.4962
39.9 11.3193 44.4962
40 11.3193 44.4962
40.1 11.3193 44.4962
40.2 11.3193 44.4962
40.3 11.3192 44.4962
40.4 11.3192 44.4962
40.5 11.3192 44.4962
40.6 11.3192 44.4962
40.7 11.3192 44.4962
40.8 11.3192 44.4962
40.9 11.3192 44.4962
41 11.3192 44.4962
41.1 11.3192 44.4962
41.2 11.3192 44.4962
41.3 11.3191 44.4962
41.4 11.3191 44.4962
41.5 11.3191 44.4962
41.6 11.3191 44.4962
41.7 11.3191 44.4962
41.8 11.3191 44.4962
41.9 11.3191 44.4962
42 11.3191 44.4962
42.1 11.3191 44.4962
42.2 11.319 44.4962
42.3 11.319 44.4962
42.4 11.319 44.4962
42.5 11.319 44.4962
42.6 11.319 44.4962
42.7 11.319 44.4962
42.8 11.319 44.4962
42.9 11.3189 44.4962
43 11.3189 44.4962
43.1 11.3189 44.4962
43.2 11.3189 44.4962
43.3 11.3189 44.4962
43.4 11.3189 44.4962
43.5 11.3189 44.4962
43.6 11.3188 44.4962
43.7 11.3188 44.4962
43.8 11.3188 44.4962
43.9 11.3188 44.4962
44 11.3188 44.4962
44.1 11.3188 44.4962
44.2 11.3188 44.4962
44.3 11.3188 44.4962
44.4 11.3187 44.4962
44.5 11.3187 44.4962
44.6 11.3187 44.4962
44.7 11.3187 44.4962
44.8 11.3187 44.4962
44.9 11.3187 44.4962
45 11.3187 44.4962
45.1 11.3187 44.4962
45.2 11.3187 44.4962
45.3 11.3187 44.4962
45.4 11.3187 44.4962
45.5 11.3187 44.4962
45.6 11.3187 44.4962
45.7 11.3187 44.4962
45.8 11.3187 44.4962
45.9 11.3186 44.4962
46 11.3186 44.4962
46.1 11.3186 44.4962
46.2 11.3186 44.4962
46.3 11.3186 44.4962
46.4 11.3186 44.4962
46.5 11.3186 44.4962
46.6 11.3186 44.4962
46.7 11.3186 44.4962
46.8 11.3186 44.4962
46.9 11.3186 44.4961
47 11.3186 44.4961
47.1 11.3186 44.4961
47.2 11.3186 44.4961
47.3 11.3186 44.4961
47.4 11.3186 44.4961
47.5 11.3186 44.4961
47.6 11.3186 44.4961
47.7 11.3186 44.4961
47.8 11.3186 44.4961
47.9 11.3186 44.4961
48 11.3186 44.4961
48.1 11.3186 44.4961
48.2 11.3186 44.4961
48.3 11.3186 44.496
48.4 11.3186 44.496
48.5 11.3186 44.496
48.6 11.3186 44.496
48.7 11.3186 44.496
48.8 11.3186 44.496
48.9 11.3186 44.496
49 11.3186 44.496
49.1 11.3186 44.496
49.2 11.3186 44.496
49.3 11.3186 44.496
49.4 11.3186 44.4959
49.5 11.3186 44.4959
49.6 11.3186 44.4959
49.7 11.3186 44.4959
49.8 11.3186 44.4959
49.9 11.3186 44.4959
50 11.3186 44.4959
50.1 11.3186 44.4959
50.2 11.3186 44.4959
50.3 11.3186 44.4958
50.4 11.3186 44.4958
50.5 11.3186 44.4958
50.6 11.3186 44.4958
50.7 11.3186 44.4958
50.8 11.3186 44.4958
50.9 11.3186 44.4958
51 11.3186 44.4958
51.1 11.3186 44.4958
51.2 11.3186 44.4957
51.3 11.3186 44.4957
51.4 11.3186 44.4957
51.5 11.3186 44.4957
51.6 11.3186 44.4957
51.7 11.3185 44.4957
51.8 11.3185 44.4957
51.9 11.3185 44.4957
52 11.3185 44.4957
52.1 11.3185 44.4956
52.2 11.3185 44.4956
52.3 11.3185 44.4956
52.4 11.3185 44.4956
52.5 11.3185 44.4956
52.6 11.3185 44.4956
52.7 11.3185 44.4956
52.8 11.3185 44.4956
52.9 11.3185 44.4956
53 11.3185 44.4956
53.1 11.3185 44.4956
53.2 11.3185 44.4956
53.3 11.3185 44.4955
53.4 11.3185 44.4955
53.5 11.3185 44.4955
53.6 11.3185 44.4955
53.7 11.3185 44.4955
53.8 11.3185 44.4955
53.9 11.3185 44.4955
54 11.3185 44.4955
54.1 11.3185 44.4955
54.2 11.3185 44.4955
54.3 11.3185 44.4955
54.4 11.3185 44.4955
54.5 11.3185 44.4955
54.6 11.3185 44.4955
54.7 11.3185 44.4954
54.8 11.3185 44.4954
54.9 11.3185 44.4954
55 11.3185 44.4954
55.1 11.3185 44.4954
55.2 11.3185 44.4954
55.3 11.3185 44.4954
55.4 11.3185 44.4954
55.5 11.3185 44.4954
55.6 11.3185 44.4954
55.7 11.3185 44.4954
55.8 11.3185 44.4954
55.9 11.3185 44.4954
56 11.3185 44.4954
56.1 11.3185 44.4954
56.2 11.3185 44.4953
56.3 11.3185 44.4953
56.4 11.3185 44.4953
56.5 11.3185 44.4953
56.6 11.3185 44.4953
56.7 11.3185 44.4953
56.8 11.3185 44.4953
56.9 11.3185 44.4953
57 11.3185 44.4953
57.1 11.3185 44.4953
57.2 11.3185 44.4953
57.3 11.3185 44.4953
57.4 11.3185 44.4953
57.5 11.3185 44.4953
57.6 11.3185 44.4953
57.7 11.3185 44.4953
57.8 11.3185 44.4953
57.9 11.3185 44.4952
58 11.3185 44.4952
58.1 11.3185 44.4952
58.2 11.3185 44.4952
58.3 11.3185 44.4952
58.4 11.3185 44.4952
58.5 11.3186 44.4952
58.6 11.3186 44.4952
58.7 11.3186 44.4952
58.8 11.3186 44.4952
58.9 11.3186 44.4952
59 11.3186 44.4952
59.1 11.3186 44.4952
59.2 11.3186 44.4952
59.3 11.3186 44.4952
59.4 11.3187 44.4952
59.5 11.3187 44.4952
59.6 11.3187 44.4952
59.7 11.3187 44.4952
59.8 11.3187 44.4952
59.9 11.3187 44.4952
60 11.3187 44.4952
60.1 11.3187 44.4952
60.2 11.3188 44.4952
60.3 11.3188 44.4952
60.4 11.3188 44.4952
60.5 11.3188 44.4952
60.6 11.3188 44.4952
60.7 11.3188 44.4952
60.8 11.3188 44.4952
60.9 11.3189 44.4952
61 11.3189 44.4952
61.1 11.3189 44.4952
61.2 11.3189 44.4952
61.3 11.3189 44.4952
61.4 11.3189 44.4952
61.5 11.319 44.4952
61.6 11.319 44.4952
61.7 11.319 44.4952
61.8 11.319 44.4952
61.9 11.319 44.4952
62 11.319 44.4952
62.1 11.3191 44.4952
62.2 11.3191 44.4953
62.3 11.3191 44.4953
62.4 11.3191 44.4953
62.5 11.3191 44.4953
62.6 11.3192 44.4953
62.7 11.3192 44.4953
62.8 11.3192 44.4953
62.9 11.3192 44.4953
63 11.3192 44.4953
63.1 11.3193 44.4953
63.2 11.3193 44.4953
63.3 11.3193 44.4953
63.4 11.3193 44.4953
63.5 11.3194 44.4953
63.6 11.3194 44.4953
63.7 11.3194 44.4953
63.8 11.3194 44.4953
63.9 11.3194 44.4953
64 11.3195 44.4953
64.1 11.3195 44.4953
64.2 11.3195 44.4953
64.3 11.3195 44.4953
64.4 11.3196 44.4953
64.5 11.3196 44.4953
64.6 11.3196 44.4953
64.7 11.3196 44.4953
64.8 11.3197 44.4953
64.9 11.3197 44.4953
65 11.3197 44.4953
65.1 11.3197 44.4953
65.2 11.3197 44.4953
65.3 11.3198 44.4953
65.4 11.3198 44.4953
65.5 11.3198 44.4953
65.6 11.3198 44.4953
65.7 11.3198 44.4953
65.8 11.3199 44.4953
65.9 11.3199 44.4953
66 11.3199 44.4953
66.1 11.3199 44.4953
66.2 11.3199 44.4953
66.3 11.32 44.4953
66.4 11.32 44.4953
66.5 11.32 44.4953
66.6 11.32 44.4953
66.7 11.32 44.4953
66.8 11.32 44.4953
66.9 11.3201 44.4953
67 11.3201 44.4953
67.1 11.3201 44.4953
67.2 11.3201 44.4953
67.3 11.3201 44.4953
67.4 11.3201 44.4953
67.5 11.3201 44.4953
67.6 11.3202 44.4953
67.7 11.3202 44.4953
67.8 11.3202 44.4953
67.9 11.3202 44.4953
68 11.3202 44.4953
68.1 11.3202 44.4953
68.2 11.3202 44.4953
68.3 11.3203 44.4953
68.4 11.3203 44.4953
68.5 11.3203 44.4954
68.6 11.3203 44.4954
68.7 11.3203 44.4954
68.8 11.3203 44.4954
68.9 11.3203 44.4954
69 11.3203 44.4954
69.1 11.3204 44.4954
69.2 11.3204 44.4954
69.3 11.3204 44.4954
69.4 11.3204 44.4954
69.5 11.3204 44.4954
69.6 11.3204 44.4954
69.7 11.3204 44.4954
69.8 11.3204 44.4954
69.9 11.3204 44.4954
70 11.3204 44.4954
70.1 11.3204 44.4954
70.2 11.3204 44.4954
70.3 11.3204 44.4953
70.4 11.3204 44.4953
70.5 11.3204 44.4953
70.6 11.3204 44.4953
70.7 11.3204 44.4953
70.8 11.3204 44.4953
70.9 11.3204 44.4953
71 11.3204 44.4953
71.1 11.3204 44.4953
71.2 11.3204 44.4953
71.3 11.3204 44.4953
71.4 11.3204 44.4953
71.5 11.3204 44.4953
71.6 11.3204 44.4953
71.7 11.3204 44.4953
71.8 11.3204 44.4953
71.9 11.3204 44.4952
72 11.3204 44.4952
72.1 11.3204 44.4952
72.2 11.3204 44.4952
72.3 11.3204 44.4952
72.4 11.3204 44.4952
72.5 11.3204 44.4952
72.6 11.3204 44.4952
72.7 11.3204 44.4952
72.8 11.3204 44.4952
72.9 11.3204 44.4952
73 11.3204 44.4952
73.1 11.3204 44.4951
73.2 11.3204 44.4951
73.3 11.3203 44.4951
73.4 11.3203 44.4951
73.5 11.3203 44.4951
73.6 11.3203 44.4951
73.7 11.3203 44.4951
73.8 11.3203 44.4951
73.9 11.3203 44.4951
74 11.3203 44.4951
74.1 11.3203 44.4951
74.2 11.3203 44.4951
74.3 11.3203 44.4951
74.4 11.3203 44.495
74.5 11.3203 44.495
74.6 11.3203 44.495
74.7 11.3203 44.495
74.8 11.3203 44.495
74.9 11.3203 44.495
75 11.3203 44.495
75.1 11.3203 44.495
75.2 11.3203 44.495
75.3 11.3203 44.495
75.4 11.3203 44.495
75.5 11.3203 44.495
75.6 11.3203 44.495
75.7 11.3203 44.4949
75.8 11.3203 44.4949
75.9 11.3202 44.4949
76 11.3202 44.4949
76.1 11.3202 44.4949
76.2 11.3202 44.4949
76.3 11.3202 44.4949
76.4 11.3202 44.4949
76.5 11.3202 44.4949
76.6 11.3202 44.4949
76.7 11.3202 44.4949
76.8 11.3202 44.4949
76.9 11.3202 44.4949
77 11.3202 44.4949
77.1 11.3202 44.4948
77.2 11.3202 44.4948
77.3 11.3202 44.4948
77.4 11.3202 44.4948
77.5 11.3202 44.4948
77.6 11.3202 44.4948
77.7 11.3202 44.4948
77.8 11.3202 44.4948
77.9 11.3202 44.4948
78 11.3202 44.4948
78.1 11.3202 44.4948
78.2 11.3202 44.4948
78.3 11.3202 44.4948
78.4 11.3202 44.4948
78.5 11.3202 44.4948
78.6 11.3202 44.4947
78.7 11.3202 44.4947
78.8 11.3202 44.4947
78.9 11.3201 44.4947
79 11.3201 44.4947
79.1 11.3201 44.4947
79.2 11.3201 44.4947
79.3 11.3201 44.4947
79.4 11.3201 44.4947
79.5 11.3201 44.4947
79.6 11.3201 44.4947
79.7 11.3201 44.4947
79.8 11.3201 44.4947
79.9 11.3201 44.4947
80 11.3201 44.4947
80.1 11.3201 44.4946
80.2 11.3201 44.4946
80.3 11.3201 44.4946
80.4 11.3201 44.4946
80.5 11.3201 44.4946
80.6 11.3201 44.4946
80.7 11.3201 44.4946
80.8 11.3201 44.4946
80.9 11.3201 44.4946
81 11.3201 44.4946
81.1 11.3201 44.4946
81.2 11.3201 44.4946
81.3 11.3201 44.4946
81.4 11.3201 44.4946
81.5 11.3201 44.4946
81.6 11.3201 44.4945
81.7 11.3201 44.4945
81.8 11.3201 44.4945
81.9 11.3201 44.4945
82 11.32 44.4945
82.1 11.32 44.4945
82.2 11.32 44.4945
82.3 11.32 44.4945
82.4 11.32 44.4945
82.5 11.32 44.4945
82.6 11.32 44.4945
82.7 11.32 44.4945
82.8 11.32 44.4945
82.9 11.32 44.4945
83 11.32 44.4945
83.1 11.32 44.4945
83.2 11.32 44.4944
83.3 11.32 44.4944
83.4 11.32 44.4944
83.5 11.32 44.4944
83.6 11.32 44.4944
83.7 11.32 44.4944
83.8 11.32 44.4944
83.9 11.32 44.4944
84 11.32 44.4944
84.1 11.32 44.4944
84.2 11.32 44.4944
84.3 11.32 44.4944
84.4 11.32 44.4944
84.5 11.32 44.4944
84.6 11.32 44.4944
84.7 11.32 44.4944
84.8 11.32 44.4943
84.9 11.32 44.4943
85 11.32 44.4943
85.1 11.32 44.4943
85.2 11.3199 44.4943
85.3 11.3199 44.4943
85.4 11.3199 44.4943
85.5 11.3199 44.4943
85.6 11.3199 44.4943
85.7 11.3199 44.4943
85.8 11.3199 44.4943
85.9 11.3199 44.4943
86 11.3199 44.4943
86.1 11.3199 44.4943
86.2 11.3199 44.4943
86.3 11.3199 44.4942
86.4 11.3199 44.4942
86.5 11.3199 44.4942
86.6 11.3199 44.4942
86.7 11.3199 44.4942
86.8 11.3199 44.4942
86.9 11.3199 44.4942
87 11.3199 44.4942
87.1 11.3199 44.4942
87.2 11.3199 44.4942
87.3 11.3199 44.4942
87.4 11.3199 44.4942
87.5 11.3199 44.4942
87.6 11.3199 44.4942
87.7 11.3199 44.4942
87.8 11.3199 44.4942
87.9 11.3199 44.4941
88 11.3199 44.4941
88.1 11.3199 44.4941
88.2 11.3199 44.4941
88.3 11.3199 44.4941
88.4 11.3198 44.4941
88.5 11.3198 44.4941
88.6 11.3198 44.4941
88.7 11.3198 44.4941
88.8 11.3198 44.4941
88.9 11.3198 44.4941
89 11.3198 44.4941
89.1 11.3198 44.4941
89.2 11.3198 44.4941
89.3 11.3198 44.4941
89.4 11.3198 44.4941
89.5 11.3198 44.494
89.6 11.3198 44.494
89.7 11.3198 44.494
89.8 11.3198 44.494
89.9 11.3198 44.494
