0 11.3109 44.4934
0.1 11.3109 44.4934
0.2 11.3109 44.4934
0.3 11.3109 44.4933
0.4 11.3109 44.4933
0.5 11.3109 44.4933
0.6 11.3109 44.4933
0.7 11.3109 44.4933
0.8 11.3109 44.4933
0.9 11.311 44.4933
1 11.311 44.4933
1.1 11.311 44.4933
1.2 11.311 44.4933
1.3 11.311 44.4933
1.4 11.311 44.4933
1.5 11.311 44.4933
1.6 11.311 44.4932
1.7 11.311 44.4932
1.8 11.311 44.4932
1.9 11.311 44.4932
2 11.311 44.4932
2.1 11.311 44.4932
2.2 11.311 44.4932
2.3 11.311 44.4932
2.4 11.311 44.4932
2.5 11.311 44.4932
2.6 11.311 44.4932
2.7 11.311 44.4932
2.8 11.311 44.4932
2.9 11.311 44.4932
3 11.311 44.4931
3.1 11.311 44.4931
3.2 11.311 44.4931
3.3 11.311 44.4931
3.4 11.311 44.4931
3.5 11.311 44.4931
3.6 11.311 44.4931
3.7 11.311 44.4931
3.8 11.311 44.4931
3.9 11.311 44.4931
4 11.311 44.4931
4.1 11.311 44.4931
4.2 11.311 44.4931
4.3 11.311 44.493
4.4 11.311 44.493
4.5 11.311 44.493
4.6 11.311 44.493
4.7 11.311 44.493
4.8 11.311 44.493
4.9 11.311 44.493
5 11.311 44.493
5.1 11.311 44.493
5.2 11.311 44.493
5.3 11.311 44.493
5.4 11.311 44.493
5.5 11.311 44.493
5.6 11.311 44.493
5.7 11.311 44.4929
5.8 11.311 44.4929
5.9 11.311 44.4929
6 11.311 44.4929
6.1 11.311 44.4929
6.2 11.311 44.4929
6.3 11.311 44.4929
6.4 11.311 44.4929
6.5 11.311 44.4929
6.6 11.311 44.4929
6.7 11.311 44.4929
6.8 11.311 44.4929
6.9 11.311 44.4929
7 11.311 44.4928
7.1 11.311 44.4928
7.2 11.311 44.4928
7.3 11.311 44.4928
7.4 11.311 44.4928
7.5 11.311 44.4928
7.6 11.311 44.4928
7.7 11.311 44.4928
7.8 11.311 44.4928
7.9 11.311 44.4928
8 11.311 44.4928
8.1 11.311 44.4928
8.2 11.311 44.4928
8.3 11.311 44.4928
8.4 11.311 44.4927
8.5 11.311 44.4927
8.6 11.311 44.4927
8.7 11.311 44.4927
8.8 11.311 44.4927
8.9 11.311 44.4927
9 11.311 44.4927
9.1 11.311 44.4927
9.2 11.311 44.4927
9.3 11.311 44.4927
9.4 11.311 44.4927
9.5 11.311 44.4927
9.6 11.311 44.4927
9.7 11.311 44.4926
9.8 11.311 44.4926
9.9 11.311 44.4926
10 11.311 44.4926
10.1 11.311 44.4926
10.2 11.311 44.4926
10.3 11.311 44.4926
10.4 11.311 44.4926
10.5 11.311 44.4926
10.6 11.3111 44.4926
10.7 11.3111 44.4926
10.8 11.3111 44.4926
10.9 11.3111 44.4926
11 11.3111 44.4926
11.1 11.3111 44.4925
11.2 11.3111 44.4925
11.3 11.3111 44.4925
11.4 11.3111 44.4925
11.5 11.3111 44.4925
11.6 11.3111 44.4925
11.7 11.3111 44.4925
11.8 11.3111 44.4925
11.9 11.3111 44.4925
12 11.3111 44.4925
12.1 11.3111 44.4925
12.2 11.3111 44.4925
12.3 11.3111 44.4925
12.4 11.3111 44.4924
12.5 11.3111 44.4924
12.6 11.3111 44.4924
12.7 11.3111 44.4924
12.8 11.3111 44.4924
12.9 11.3111 44.4924
13 11.3111 44.4924
13.1 11.3111 44.4924
13.2 11.3111 44.4924
13.3 11.3111 44.4924
13.4 11.3111 44.4924
13.5 11.3111 44.4924
13.6 11.3111 44.4924
13.7 11.3111 44.4924
13.8 11.3111 44.4924
13.9 11.3111 44.4924
14 11.3111 44.4924
14.1 11.3111 44.4924
14.2 11.3111 44.4924
14.3 11.3111 44.4924
14.4 11.3111 44.4924
14.5 11.3111 44.4924
14.6 11.3111 44.4924
14.7 11.3111 44.4924
14.8 11.3111 44.4924
14.9 11.3111 44.4924
15 11.3111 44.4924
15.1 11.3111 44.4924
15.2 11.3111 44.4924
15.3 11.3111 44.4924
15.4 11.3111 44.4924
15.5 11.3111 44.4924
15.6 11.3111 44.4924
15.7 11.3111 44.4924
15.8 11.3111 44.4924
15.9 11.3111 44.4924
16 11.3111 44.4924
16.1 11.3111 44.4924
16.2 11.3111 44.4924
16.3 11.3111 44.4925
16.4 11.3111 44.4925
16.5 11.3111 44.4925
16.6 11.3111 44.4925
16.7 11.3111 44.4925
16.8 11.3111 44.4925
16.9 11.3111 44.4925
17 11.3111 44.4925
17.1 11.3111 44.4925
17.2 11.3111 44.4925
17.3 11.3111 44.4925
17.4 11.3111 44.4925
17.5 11.3111 44.4925
17.6 11.3111 44.4925
17.7 11.3111 44.4925
17.8 11.3111 44.4926
17.9 11.3111 44.4926
18 11.3111 44.4926
18.1 11.3111 44.4926
18.2 11.3111 44.4926
18.3 11.3111 44.4926
18.4 11.3111 44.4926
18.5 11.3111 44.4926
18.6 11.3111 44.4926
18.7 11.3111 44.4926
18.8 11.3111 44.4926
18.9 11.3111 44.4926
19 11.3111 44.4926
19.1 11.3111 44.4927
19.2 11.3111 44.4927
19.3 11.3111 44.4927
19.4 11.3111 44.4927
19.5 11.3111 44.4927
19.6 11.3111 44.4927
19.7 11.3111 44.4927
19.8 11.3111 44.4927
19.9 11.3111 44.4927
20 11.3111 44.4927
20.1 11.3111 44.4927
20.2 11.3111 44.4927
20.3 11.3111 44.4927
20.4 11.3111 44.4927
20.5 11.3111 44.4928
20.6 11.3111 44.4928
20.7 11.3111 44.4928
20.8 11.3111 44.4928
20.9 11.3111 44.4928
21 11.3111 44.4928
21.1 11.3111 44.4928
21.2 11.3111 44.4928
21.3 11.3111 44.4928
21.4 11.3111 44.4928
21.5 11.3111 44.4928
21.6 11.3111 44.4928
21.7 11.3111 44.4928
21.8 11.3111 44.4929
21.9 11.3111 44.4929
22 11.3111 44.4929
22.1 11.3111 44.4929
22.2 11.311 44.4929
22.3 11.311 44.4929
22.4 11.311 44.4929
22.5 11.311 44.4929
22.6 11.311 44.4929
22.7 11.311 44.4929
22.8 11.311 44.4929
22.9 11.311 44.4929
23 11.311 44.4929
23.1 11.311 44.4929
23.2 11.311 44.493
23.3 11.311 44.493
23.4 11.311 44.493
23.5 11.311 44.493
23.6 11.311 44.493
23.7 11.311 44.493
23.8 11.311 44.493
23.9 11.311 44.493
24 11.311 44.493
24.1 11.311 44.493
24.2 11.311 44.493
24.3 11.311 44.493
24.4 11.311 44.493
24.5 11.311 44.493
24.6 11.311 44.4931
24.7 11.311 44.4931
24.8 11.311 44.4931
24.9 11.311 44.4931
25 11.311 44.4931
25.1 11.311 44.4931
25.2 11.311 44.4931
25.3 11.311 44.4931
25.4 11.311 44.4931
25.5 11.311 44.4931
25.6 11.311 44.4931
25.7 11.311 44.4931
25.8 11.311 44.4931
25.9 11.311 44.4932
26 11.311 44.4932
26.1 11.311 44.4932
26.2 11.311 44.4932
26.3 11.311 44.4932
26.4 11.311 44.4932
26.5 11.311 44.4932
26.6 11.311 44.4932
26.7 11.311 44.4932
26.8 11.311 44.4932
26.9 11.311 44.4932
27 11.311 44.4932
27.1 11.311 44.4932
27.2 11.311 44.4932
27.3 11.311 44.4933
27.4 11.311 44.4933
27.5 11.311 44.4933
27.6 11.311 44.4933
27.7 11.311 44.4933
27.8 11.311 44.4933
27.9 11.311 44.4933
28 11.311 44.4933
28.1 11.311 44.4933
28.2 11.311 44.4933
28.3 11.311 44.4933
28.4 11.311 44.4933
28.5 11.311 44.4933
28.6 11.311 44.4934
28.7 11.311 44.4934
28.8 11.311 44.4934
28.9 11.311 44.4934
29 11.311 44.4934
29.1 11.311 44.4934
29.2 11.311 44.4934
29.3 11.311 44.4934
29.4 11.311 44.4934
29.5 11.311 44.4934
29.6 11.311 44.4934
29.7 11.311 44.4934
29.8 11.311 44.4934
29.9 11.311 44.4934
30 11.311 44.4935
30.1 11.311 44.4935
30.2 11.311 44.4935
30.3 11.311 44.4935
30.4 11.311 44.4935
30.5 11.311 44.4935
30.6 11.311 44.4935
30.7 11.311 44.4935
30.8 11.311 44.4935
30.9 11.311 44.4935
31 11.311 44.4935
31.1 11.311 44.4935
31.2 11.311 44.4935
31.3 11.311 44.4936
31.4 11.311 44.4936
31.5 11.311 44.4936
31.6 11.311 44.4936
31.7 11.311 44.4936
31.8 11.311 44.4936
31.9 11.3109 44.4936
32 11.3109 44.4936
32.1 11.3109 44.4936
32.2 11.3109 44.4936
32.3 11.3109 44.4936
32.4 11.3109 44.4936
32.5 11.3109 44.4936
32.6 11.3109 44.4936
32.7 11.3109 44.4937
32.8 11.3109 44.4937
32.9 11.3109 44.4937
33 11.3109 44.4937
33.1 11.3109 44.4937
33.2 11.3109 44.4937
33.3 11.3109 44.4937
33.4 11.3109 44.4937
33.5 11.3109 44.4937
33.6 11.3109 44.4937
33.7 11.3109 44.4937
33.8 11.3109 44.4937
33.9 11.3109 44.4937
34 11.3109 44.4938
34.1 11.3109 44.4938
34.2 11.3109 44.4938
34.3 11.3109 44.4938
34.4 11.3109 44.4938
34.5 11.3109 44.4938
34.6 11.3109 44.4938
34.7 11.3109 44.4938
34.8 11.3109 44.4938
34.9 11.3109 44.4938
35 11.3109 44.4938
35.1 11.3109 44.4938
35.2 11.3109 44.4938
35.3 11.3109 44.4938
35.4 11.3109 44.4939
35.5 11.3109 44.4939
35.6 11.3109 44.4939
35.7 11.3109 44.4939
35.8 11.3109 44.4939
35.9 11.3109 44.4939
36 11.3109 44.4939
36.1 11.3109 44.4939
36.2 11.3109 44.4939
36.3 11.3109 44.4939
36.4 11.3109 44.4939
36.5 11.3109 44.4939
36.6 11.3109 44.4939
36.7 11.3109 44.4939
36.8 11.3109 44.494
36.9 11.3109 44.494
37 11.3109 44.494
37.1 11.3109 44.494
37.2 11.3109 44.494
37.3 11.3109 44.494
37.4 11.311 44.494
37.5 11.311 44.494
37.6 11.311 44.494
37.7 11.311 44.494
37.8 11.311 44.494
37.9 11.311 44.494
38 11.311 44.494
38.1 11.311 44.494
38.2 11.311 44.494
38.3 11.311 44.494
38.4 11.311 44.494
38.5 11.3111 44.494
38.6 11.3111 44.494
38.7 11.3111 44.494
38.8 11.3111 44.494
38.9 11.3111 44.494
39 11.3111 44.494
39.1 11.3111 44.494
39.2 11.3111 44.494
39.3 11.3112 44.494
39.4 11.3112 44.494
39.5 11.3112 44.494
39.6 11.3112 44.494
39.7 11.3112 44.494
39.8 11.3112 44.494
39.9 11.3112 44.494
40 11.3112 44.494
40.1 11.3113 44.494
40.2 11.3113 44.494
40.3 11.3113 44.494
40.4 11.3113 44.494
40.5 11.3113 44.494
40.6 11.3113 44.494
40.7 11.3114 44.4941
40.8 11.3114 44.4941
40.9 11.3114 44.4941
41 11.3114 44.4941
41.1 11.3114 44.4941
41.2 11.3114 44.4941
41.3 11.3115 44.4941
41.4 11.3115 44.4941
41.5 11.3115 44.4941
41.6 11.3115 44.4941
41.7 11.3115 44.4941
41.8 11.3116 44.4941
41.9 11.3116 44.4941
42 11.3116 44.4941
42.1 11.3116 44.4941
42.2 11.3116 44.4941
42.3 11.3117 44.4941
42.4 11.3117 44.4941
42.5 11.3117 44.4941
42.6 11.3117 44.4941
42.7 11.3117 44.4941
42.8 11.3118 44.4941
42.9 11.3118 44.4941
43 11.3118 44.4941
43.1 11.3118 44.4941
43.2 11.3118 44.4941
43.3 11.3119 44.4941
43.4 11.3119 44.4941
43.5 11.3119 44.4941
43.6 11.3119 44.4941
43.7 11.312 44.4941
43.8 11.312 44.4941
43.9 11.312 44.4941
44 11.312 44.4941
44.1 11.3121 44.4941
44.2 11.3121 44.4941
44.3 11.3121 44.4941
44.4 11.3121 44.4941
44.5 11.3122 44.4941
44.6 11.3122 44.4942
44.7 11.3122 44.4942
44.8 11.3122 44.4942
44.9 11.3123 44.4942
45 11.3123 44.4942
45.1 11.3123 44.4942
45.2 11.3123 44.4942
45.3 11.3124 44.4942
45.4 11.3124 44.4942
45.5 11.3124 44.4942
45.6 11.3124 44.4942
45.7 11.3125 44.4942
45.8 11.3125 44.4942
45.9 11.3125 44.4942
46 11.3125 44.4942
46.1 11.3125 44.4942
46.2 11.3126 44.4942
46.3 11.3126 44.4942
46.4 11.3126 44.4942
46.5 11.3126 44.4942
46.6 11.3126 44.4942
46.7 11.3126 44.4942
46.8 11.3127 44.4942
46.9 11.3127 44.4943
47 11.3127 44.4943
47.1 11.3127 44.4943
47.2 11.3127 44.4943
47.3 11.3127 44.4943
47.4 11.3127 44.4943
47.5 11.3128 44.4943
47.6 11.3128 44.4943
47.7 11.3128 44.4943
47.8 11.3128 44.4943
47.9 11.3128 44.4943
48 11.3128 44.4943
48.1 11.3128 44.4943
48.2 11.3128 44.4943
48.3 11.3128 44.4943
48.4 11.3128 44.4943
48.5 11.3128 44.4943
48.6 11.3129 44.4943
48.7 11.3129 44.4943
48.8 11.3129 44.4943
48.9 11.3129 44.4943
49 11.3129 44.4943
49.1 11.3129 44.4943
49.2 11.3129 44.4943
49.3 11.3129 44.4943
49.4 11.3129 44.4944
49.5 11.3129 44.4944
49.6 11.3129 44.4944
49.7 11.3129 44.4944
49.8 11.3129 44.4944
49.9 11.3129 44.4944
50 11.3129 44.4944
50.1 11.3129 44.4944
50.2 11.3129 44.4944
50.3 11.3129 44.4944
50.4 11.3129 44.4944
50.5 11.3129 44.4944
50.6 11.3129 44.4944
50.7 11.3129 44.4944
50.8 11.3129 44.4945
50.9 11.3129 44.4945
51 11.3129 44.4945
51.1 11.3129 44.4945
51.2 11.3129 44.4945
51.3 11.3129 44.4945
51.4 11.3129 44.4945
51.5 11.3129 44.4945
51.6 11.3129 44.4945
51.7 11.3129 44.4945
51.8 11.3129 44.4945
51.9 11.3129 44.4945
52 11.3129 44.4945
52.1 11.3129 44.4945
52.2 11.3129 44.4946
52.3 11.3129 44.4946
52.4 11.3129 44.4946
52.5 11.3129 44.4946
52.6 11.3129 44.4946
52.7 11.3129 44.4946
52.8 11.3129 44.4946
52.9 11.3129 44.4946
53 11.3129 44.4946
53.1 11.3129 44.4946
53.2 11.3129 44.4946
53.3 11.3129 44.4946
53.4 11.3129 44.4946
53.5 11.3129 44.4947
53.6 11.3128 44.4947
53.7 11.3128 44.4947
53.8 11.3128 44.4947
53.9 11.3128 44.4947
54 11.3128 44.4947
54.1 11.3128 44.4947
54.2 11.3128 44.4947
54.3 11.3128 44.4947
54.4 11.3128 44.4947
54.5 11.3128 44.4947
54.6 11.3128 44.4947
54.7 11.3128 44.4947
54.8 11.3128 44.4947
54.9 11.3128 44.4948
55 11.3128 44.4948
55.1 11.3128 44.4948
55.2 11.3128 44.4948
55.3 11.3128 44.4948
55.4 11.3128 44.4948
55.5 11.3128 44.4948
55.6 11.3128 44.4948
55.7 11.3128 44.4948
55.8 11.3128 44.4948
55.9 11.3128 44.4948
56 11.3128 44.4948
56.1 11.3128 44.4948
56.2 11.3128 44.4949
56.3 11.3128 44.4949
56.4 11.3128 44.4949
56.5 11.3128 44.4949
56.6 11.3128 44.4949
56.7 11.3128 44.4949
56.8 11.3128 44.4949
56.9 11.3128 44.4949
57 11.3128 44.4949
57.1 11.3128 44.4949
57.2 11.3128 44.4949
57.3 11.3128 44.4949
57.4 11.3128 44.4949
57.5 11.3128 44.4949
57.6 11.3128 44.495
57.7 11.3128 44.495
57.8 11.3128 44.495
57.9 11.3128 44.495
58 11.3128 44.495
58.1 11.3128 44.495
58.2 11.3128 44.495
58.3 11.3128 44.495
58.4 11.3128 44.495
58.5 11.3128 44.495
58.6 11.3128 44.495
58.7 11.3128 44.495
58.8 11.3128 44.495
58.9 11.3128 44.4951
59 11.3128 44.4951
59.1 11.3128 44.4951
59.2 11.3128 44.4951
59.3 11.3128 44.4951
59.4 11.3128 44.4951
59.5 11.3128 44.4951
59.6 11.3128 44.4951
59.7 11.3128 44.4951
59.8 11.3128 44.4951
59.9 11.3128 44.4951
60 11.3128 44.4951
60.1 11.3128 44.4951
60.2 11.3128 44.4951
60.3 11.3128 44.4952
60.4 11.3128 44.4952
60.5 11.3128 44.4952
60.6 11.3128 44.4952
60.7 11.3128 44.4952
60.8 11.3128 44.4952
60.9 11.3128 44.4952
61 11.3128 44.4952
61.1 11.3128 44.4952
61.2 11.3128 44.4952
61.3 11.3128 44.4952
61.4 11.3128 44.4952
61.5 11.3128 44.4952
61.6 11.3128 44.4952
61.7 11.3128 44.4952
61.8 11.3128 44.4952
61.9 11.3128 44.4952
62 11.3128 44.4952
62.1 11.3128 44.4953
62.2 11.3128 44.4953
62.3 11.3128 44.4953
62.4 11.3128 44.4953
62.5 11.3128 44.4953
62.6 11.3128 44.4953
62.7 11.3128 44.4953
62.8 11.3129 44.4953
62.9 11.3129 44.4953
63 11.3129 44.4953
63.1 11.3129 44.4953
63.2 11.3129 44.4953
63.3 11.3129 44.4953
63.4 11.3129 44.4953
63.5 11.3129 44.4953
63.6 11.3129 44.4953
63.7 11.3129 44.4953
63.8 11.313 44.4953
63.9 11.313 44.4953
64 11.313 44.4953
64.1 11.313 44.4953
64.2 11.313 44.4953
64.3 11.313 44.4953
64.4 11.313 44.4953
64.5 11.313 44.4953
64.6 11.313 44.4953
64.7 11.313 44.4953
64.8 11.3131 44.4953
64.9 11.3131 44.4953
65 11.3131 44.4953
65.1 11.3131 44.4953
65.2 11.3131 44.4953
65.3 11.3131 44.4953
65.4 11.3131 44.4953
65.5 11.3131 44.4953
65.6 11.3131 44.4953
65.7 11.3131 44.4953
65.8 11.3132 44.4953
65.9 11.3132 44.4953
66 11.3132 44.4953
66.1 11.3132 44.4953
66.2 11.3132 44.4953
66.3 11.3132 44.4953
66.4 11.3132 44.4953
66.5 11.3132 44.4953
66.6 11.3132 44.4953
66.7 11.3133 44.4953
66.8 11.3133 44.4953
66.9 11.3133 44.4953
67 11.3133 44.4953
67.1 11.3133 44.4953
67.2 11.3133 44.4953
67.3 11.3133 44.4953
67.4 11.3133 44.4953
67.5 11.3133 44.4953
67.6 11.3133 44.4953
67.7 11.3134 44.4953
67.8 11.3134 44.4953
67.9 11.3134 44.4953
68 11.3134 44.4953
68.1 11.3134 44.4953
68.2 11.3134 44.4953
68.3 11.3134 44.4953
68.4 11.3134 44.4953
68.5 11.3134 44.4953
68.6 11.3134 44.4953
68.7 11.3135 44.4953
68.8 11.3135 44.4953
68.9 11.3135 44.4954
69 11.3135 44.4954
69.1 11.3135 44.4954
69.2 11.3135 44.4954
69.3 11.3135 44.4954
69.4 11.3135 44.4954
69.5 11.3135 44.4954
69.6 11.3135 44.4954
69.7 11.3136 44.4954
69.8 11.3136 44.4954
69.9 11.3136 44.4954
70 11.3136 44.4954
70.1 11.3136 44.4954
70.2 11.3136 44.4954
70.3 11.3136 44.4954
70.4 11.3136 44.4954
70.5 11.3136 44.4954
70.6 11.3136 44.4954
70.7 11.3137 44.4954
70.8 11.3137 44.4954
70.9 11.3137 44.4954
71 11.3137 44.4954
71.1 11.3137 44.4954
71.2 11.3137 44.4954
71.3 11.3137 44.4954
71.4 11.3137 44.4954
71.5 11.3137 44.4954
71.6 11.3137 44.4954
71.7 11.3138 44.4954
71.8 11.3138 44.4954
71.9 11.3138 44.4954
72 11.3138 44.4954
72.1 11.3138 44.4954
72.2 11.3138 44.4954
72.3 11.3138 44.4954
72.4 11.3138 44.4954
72.5 11.3138 44.4954
72.6 11.3139 44.4954
72.7 11.3139 44.4954
72.8 11.3139 44.4954
72.9 11.3139 44.4954
73 11.3139 44.4954
73.1 11.3139 44.4954
73.2 11.3139 44.4954
73.3 11.3139 44.4954
73.4 11.3139 44.4954
73.5 11.3139 44.4954
73.6 11.314 44.4954
73.7 11.314 44.4954
73.8 11.314 44.4954
73.9 11.314 44.4954
74 11.314 44.4954
74.1 11.314 44.4954
74.2 11.314 44.4954
74.3 11.314 44.4954
74.4 11.314 44.4954
74.5 11.314 44.4954
74.6 11.3141 44.4954
74.7 11.3141 44.4954
74.8 11.3141 44.4954
74.9 11.3141 44.4954
75 11.3141 44.4954
75.1 11.3141 44.4954
75.2 11.3141 44.4954
75.3 11.3141 44.4954
75.4 11.3141 44.4954
75.5 11.3141 44.4954
75.6 11.3142 44.4954
75.7 11.3142 44.4954
75.8 11.3142 44.4954
75.9 11.3142 44.4954
76 11.3142 44.4954
76.1 11.3142 44.4955
76.2 11.3142 44.4955
76.3 11.3142 44.4955
76.4 11.3142 44.4955
76.5 11.3142 44.4955
76.6 11.3143 44.4955
76.7 11.3143 44.4955
76.8 11.3143 44.4955
76.9 11.3143 44.4955
77 11.3143 44.4955
77.1 11.3143 44.4955
77.2 11.3143 44.4955
77.3 11.3143 44.4955
77.4 11.3143 44.4955
77.5 11.3143 44.4955
77.6 11.3144 44.4955
77.7 11.3144 44.4955
77.8 11.3144 44.4955
77.9 11.3144 44.4955
78 11.3144 44.4955
78.1 11.3144 44.4955
78.2 11.3144 44.4955
78.3 11.3144 44.4955
78.4 11.3144 44.4955
78.5 11.3144 44.4955
78.6 11.3145 44.4955
78.7 11.3145 44.4955
78.8 11.3145 44.4955
78.9 11.3145 44.4955
79 11.3145 44.4955
79.1 11.3145 44.4955
79.2 11.3145 44.4955
79.3 11.3145 44.4955
79.4 11.3145 44.4955
79.5 11.3145 44.4955
79.6 11.3145 44.4955
79.7 11.3146 44.4955
79.8 11.3146 44.4955
79.9 11.3146 44.4955
80 11.3146 44.4955
80.1 11.3146 44.4955
80.2 11.3146 44.4955
80.3 11.3146 44.4955
80.4 11.3146 44.4955
80.5 11.3146 44.4955
80.6 11.3146 44.4955
80.7 11.3146 44.4955
80.8 11.3147 44.4955
80.9 11.3147 44.4955
81 11.3147 44.4955
81.1 11.3147 44.4955
81.2 11.3147 44.4955
81.3 11.3147 44.4955
81.4 11.3147 44.4955
81.5 11.3147 44.4955
81.6 11.3147 44.4955
81.7 11.3147 44.4955
81.8 11.3147 44.4955
81.9 11.3148 44.4955
82 11.3148 44.4955
82.1 11.3148 44.4955
82.2 11.3148 44.4955
82.3 11.3148 44.4955
82.4 11.3148 44.4955
82.5 11.3148 44.4955
82.6 11.3148 44.4955
82.7 11.3148 44.4955
82.8 11.3148 44.4955
82.9 11.3148 44.4955
83 11.3148 44.4955
83.1 11.3148 44.4955
83.2 11.3148 44.4955
83.3 11.3148 44.4955
83.4 11.3148 44.4955
83.5 11.3148 44.4955
83.6 11.3148 44.4955
83.7 11.3148 44.4955
83.8 11.3148 44.4955
83.9 11.3148 44.4955
84 11.3148 44.4955
84.1 11.3148 44.4955
84.2 11.3148 44.4955
84.3 11.3148 44.4955
84.4 11.3148 44.4955
84.5 11.3148 44.4955
84.6 11.3148 44.4955
84.7 11.3148 44.4955
84.8 11.3148 44.4955
84.9 11.3148 44.4955
85 11.3148 44.4955
85.1 11.3148 44.4955
85.2 11.3148 44.4955
85.3 11.3148 44.4955
85.4 11.3148 44.4955
85.5 11.3148 44.4955
85.6 11.3148 44.4955
85.7 11.3148 44.4955
85.8 11.3148 44.4955
85.9 11.3148 44.4955
86 11.3148 44.4955
86.1 11.3148 44.4955
86.2 11.3148 44.4955
86.3 11.3148 44.4955
86.4 11.3148 44.4955
86.5 11.3148 44.4955
86.6 11.3148 44.4955
86.7 11.3148 44.4955
86.8 11.3148 44.4955
86.9 11.3148 44.4955
87 11.3148 44.4955
87.1 11.3148 44.4955
87.2 11.3148 44.4955
87.3 11.3148 44.4955
87.4 11.3148 44.4955
87.5 11.3148 44.4955
87.6 11.3148 44.4955
87.7 11.3148 44.4955
87.8 11.3148 44.4955
87.9 11.3148 44.4955
88 11.3148 44.4955
88.1 11.3148 44.4955
88.2 11.3148 44.4955
88.3 11.3148 44.4955
88.4 11.3148 44.4955
88.5 11.3148 44.4955
88.6 11.3148 44.4955
88.7 11.3148 44.4955
88.8 11.3148 44.4955
88.9 11.3148 44.4955
89 11.3149 44.4955
89.1 11.3148 44.4955
89.2 11.3148 44.4955
89.3 11.3148 44.4955
89.4 11.3148 44.4955
89.5 11.3148 44.4955
89.6 11.3148 44.4955
89.7 11.3148 44.4955
89.8 11.3148 44.4955
89.9 11.3148 44.4955
