0 11.3142 44.4951
0.1 11.3142 44.4951
0.2 11.3142 44.4951
0.3 11.3142 44.4951
0.4 11.3142 44.4951
0.5 11.3142 44.4951
0.6 11.3142 44.4952
0.7 11.3142 44.4952
0.8 11.3142 44.4952
0.9 11.3142 44.4952
1 11.3142 44.4952
1.1 11.3142 44.4952
1.2 11.3142 44.4952
1.3 11.3142 44.4952
1.4 11.3142 44.4952
1.5 11.3142 44.4953
1.6 11.3142 44.4953
1.7 11.3142 44.4953
1.8 11.3142 44.4953
1.9 11.3142 44.4953
2 11.3142 44.4953
2.1 11.3142 44.4953
2.2 11.3142 44.4953
2.3 11.3142 44.4953
2.4 11.3142 44.4953
2.5 11.3142 44.4953
2.6 11.3142 44.4954
2.7 11.3142 44.4954
2.8 11.3142 44.4954
2.9 11.3142 44.4954
3 11.3142 44.4954
3.1 11.3142 44.4954
3.2 11.3142 44.4954
3.3 11.3142 44.4954
3.4 11.3142 44.4954
3.5 11.3142 44.4954
3.6 11.3142 44.4954
3.7 11.3142 44.4954
3.8 11.3142 44.4954
3.9 11.3142 44.4954
4 11.3143 44.4954
4.1 11.3143 44.4954
4.2 11.3143 44.4954
4.3 11.3143 44.4954
4.4 11.3143 44.4955
4.5 11.3143 44.4955
4.6 11.3143 44.4955
4.7 11.3143 44.4955
4.8 11.3143 44.4955
4.9 11.3143 44.4955
5 11.3143 44.4955
5.1 11.3143 44.4955
5.2 11.3143 44.4955
5.3 11.3143 44.4955
5.4 11.3143 44.4955
5.5 11.3143 44.4955
5.6 11.3144 44.4955
5.7 11.3144 44.4955
5.8 11.3144 44.4955
5.9 11.3144 44.4955
6 11.3144 44.4955
6.1 11.3144 44.4955
6.2 11.3144 44.4955
6.3 11.3144 44.4955
6.4 11.3144 44.4955
6.5 11.3144 44.4955
6.6 11.3144 44.4955
6.7 11.3145 44.4955
6.8 11.3145 44.4955
6.9 11.3145 44.4955
7 11.3145 44.4955
7.1 11.3145 44.4955
7.2 11.3145 44.4955
7.3 11.3145 44.4955
7.4 11.3145 44.4955
7.5 11.3145 44.4955
7.6 11.3145 44.4955
7.7 11.3145 44.4955
7.8 11.3146 44.4955
7.9 11.3146 44.4955
8 11.3146 44.4955
8.1 11.3146 44.4955
8.2 11.3146 44.4955
8.3 11.3146 44.4955
8.4 11.3146 44.4955
8.5 11.3146 44.4955
8.6 11.3146 44.4955
8.7 11.3146 44.4955
8.8 11.3146 44.4955
8.9 11.3147 44.4955
9 11.3147 44.4955
9.1 11.3147 44.4955
9.2 11.3147 44.4955
9.3 11.3147 44.4955
9.4 11.3147 44.4955
9.5 11.3147 44.4955
9.6 11.3147 44.4955
9.7 11.3147 44.4955
9.8 11.3147 44.4955
9.9 11.3147 44.4955
10 11.3148 44.4955
10.1 11.3148 44.4955
10.2 11.3148 44.4955
10.3 11.3148 44.4955
10.4 11.3148 44.4955
10.5 11.3148 44.4955
10.6 11.3148 44.4955
10.7 11.3148 44.4955
10.8 11.3148 44.4955
10.9 11.3148 44.4955
11 11.3148 44.4955
11.1 11.3149 44.4956
11.2 11.3149 44.4956
11.3 11.3149 44.4956
11.4 11.3149 44.4956
11.5 11.3149 44.4956
11.6 11.3149 44.4956
11.7 11.3149 44.4956
11.8 11.3149 44.4956
11.9 11.3149 44.4956
12 11.3149 44.4956
12.1 11.3149 44.4956
12.2 11.315 44.4956
12.3 11.315 44.4956
12.4 11.315 44.4956
12.5 11.315 44.4956
12.6 11.315 44.4956
12.7 11.315 44.4957
12.8 11.315 44.4957
12.9 11.315 44.4957
13 11.315 44.4957
13.1 11.315 44.4957
13.2 11.315 44.4957
13.3 11.315 44.4957
13.4 11.315 44.4957
13.5 11.315 44.4957
13.6 11.315 44.4957
13.7 11.315 44.4957
13.8 11.315 44.4957
13.9 11.315 44.4957
14 11.315 44.4957
14.1 11.315 44.4957
14.2 11.315 44.4958
14.3 11.3151 44.4958
14.4 11.3151 44.4958
14.5 11.3151 44.4958
14.6 11.3151 44.4958
14.7 11.3151 44.4958
14.8 11.3151 44.4958
14.9 11.3151 44.4958
15 11.3151 44.4958
15.1 11.315 44.4958
15.2 11.315 44.4958
15.3 11.315 44.4958
15.4 11.315 44.4958
15.5 11.315 44.4958
15.6 11.315 44.4958
15.7 11.315 44.4958
15.8 11.315 44.4958
15.9 11.315 44.4958
16 11.315 44.4958
16.1 11.315 44.4958
16.2 11.315 44.4958
16.3 11.315 44.4958
16.4 11.315 44.4958
16.5 11.315 44.4958
16.6 11.315 44.4958
16.7 11.315 44.4957
16.8 11.315 44.4957
16.9 11.315 44.4957
17 11.315 44.4957
17.1 11.315 44.4957
17.2 11.315 44.4957
17.3 11.315 44.4957
17.4 11.315 44.4957
17.5 11.315 44.4957
17.6 11.315 44.4957
17.7 11.315 44.4957
17.8 11.315 44.4957
17.9 11.315 44.4957
18 11.315 44.4957
18.1 11.315 44.4957
18.2 11.315 44.4957
18.3 11.315 44.4957
18.4 11.3149 44.4957
18.5 11.3149 44.4957
18.6 11.3149 44.4956
18.7 11.3149 44.4956
18.8 11.3149 44.4956
18.9 11.3149 44.4956
19 11.3149 44.4956
19.1 11.3149 44.4956
19.2 11.3149 44.4956
19.3 11.3149 44.4956
19.4 11.3149 44.4956
19.5 11.3149 44.4956
19.6 11.3149 44.4956
19.7 11.3149 44.4956
19.8 11.3149 44.4956
19.9 11.3149 44.4955
20 11.3149 44.4955
20.1 11.3149 44.4955
20.2 11.3149 44.4955
20.3 11.3149 44.4955
20.4 11.3148 44.4955
20.5 11.3148 44.4955
20.6 11.3148 44.4955
20.7 11.3148 44.4955
20.8 11.3148 44.4955
20.9 11.3148 44.4954
21 11.3148 44.4954
21.1 11.3148 44.4954
21.2 11.3148 44.4954
21.3 11.3148 44.4954
21.4 11.3148 44.4954
21.5 11.3148 44.4954
21.6 11.3148 44.4954
21.7 11.3148 44.4954
21.8 11.3147 44.4953
21.9 11.3147 44.4953
22 11.3147 44.4953
22.1 11.3147 44.4953
22.2 11.3147 44.4953
22.3 11.3147 44.4953
22.4 11.3147 44.4953
22.5 11.3147 44.4953
22.6 11.3147 44.4952
22.7 11.3147 44.4952
22.8 11.3147 44.4952
22.9 11.3146 44.4952
23 11.3146 44.4952
23.1 11.3146 44.4952
23.2 11.3146 44.4952
23.3 11.3146 44.4951
23.4 11.3146 44.4951
23.5 11.3146 44.4951
23.6 11.3146 44.4951
23.7 11.3146 44.4951
23.8 11.3146 44.4951
23.9 11.3146 44.4951
24 11.3145 44.495
24.1 11.3145 44.495
24.2 11.3145 44.495
24.3 11.3145 44.495
24.4 11.3145 44.495
24.5 11.3145 44.495
24.6 11.3145 44.495
24.7 11.3145 44.495
24.8 11.3145 44.495
24.9 11.3145 44.4949
25 11.3145 44.4949
25.1 11.3144 44.4949
25.2 11.3144 44.4949
25.3 11.3144 44.4949
25.4 11.3144 44.4949
25.5 11.3144 44.4949
25.6 11.3144 44.4949
25.7 11.3144 44.4949
25.8 11.3144 44.4949
25.9 11.3144 44.4949
26 11.3144 44.4949
26.1 11.3144 44.4949
26.2 11.3144 44.4949
26.3 11.3144 44.4949
26.4 11.3143 44.4948
26.5 11.3143 44.4948
26.6 11.3143 44.4948
26.7 11.3143 44.4948
26.8 11.3143 44.4948
26.9 11.3143 44.4948
27 11.3143 44.4948
27.1 11.3143 44.4948
27.2 11.3143 44.4948
27.3 11.3143 44.4948
27.4 11.3143 44.4948
27.5 11.3143 44.4948
27.6 11.3143 44.4948
27.7 11.3143 44.4948
27.8 11.3143 44.4948
27.9 11.3142 44.4948
28 11.3142 44.4948
28.1 11.3142 44.4948
28.2 11.3142 44.4948
28.3 11.3142 44.4948
28.4 11.3142 44.4948
28.5 11.3142 44.4948
28.6 11.3142 44.4948
28.7 11.3142 44.4948
28.8 11.3142 44.4948
28.9 11.3142 44.4948
29 11.3142 44.4948
29.1 11.3142 44.4948
29.2 11.3142 44.4948
29.3 11.3142 44.4948
29.4 11.3142 44.4948
29.5 11.3142 44.4949
29.6 11.3142 44.4949
29.7 11.3142 44.4949
29.8 11.3142 44.4949
29.9 11.3142 44.4949
30 11.3142 44.4949
30.1 11.3142 44.4949
30.2 11.3142 44.4949
30.3 11.3142 44.4949
30.4 11.3142 44.4949
30.5 11.3142 44.4949
30.6 11.3142 44.4949
30.7 11.3142 44.4949
30.8 11.3142 44.4949
30.9 11.3142 44.4949
31 11.3142 44.4949
31.1 11.3142 44.4949
31.2 11.3142 44.495
31.3 11.3142 44.495
31.4 11.3142 44.495
31.5 11.3142 44.495
31.6 11.3142 44.495
31.7 11.3142 44.495
31.8 11.3142 44.495
31.9 11.3142 44.495
32 11.3142 44.495
32.1 11.3142 44.495
32.2 11.3142 44.495
32.3 11.3142 44.495
32.4 11.3142 44.4951
32.5 11.3142 44.4951
32.6 11.3142 44.4951
32.7 11.3142 44.4951
32.8 11.3142 44.4951
32.9 11.3142 44.4951
33 11.3142 44.4951
33.1 11.3142 44.4951
33.2 11.3142 44.4951
33.3 11.3142 44.4951
33.4 11.3142 44.4952
33.5 11.3142 44.4952
33.6 11.3142 44.4952
33.7 11.3142 44.4952
33.8 11.3142 44.4952
33.9 11.3142 44.4952
34 11.3142 44.4952
34.1 11.3142 44.4952
34.2 11.3142 44.4952
34.3 11.3142 44.4953
34.4 11.3142 44.4953
34.5 11.3142 44.4953
34.6 11.3142 44.4953
34.7 11.3142 44.4953
34.8 11.3142 44.4953
34.9 11.3142 44.4953
35 11.3142 44.4953
35.1 11.3142 44.4953
35.2 11.3142 44.4953
35.3 11.3142 44.4953
35.4 11.3142 44.4954
35.5 11.3142 44.4954
35.6 11.3142 44.4954
35.7 11.3142 44.4954
35.8 11.3142 44.4954
35.9 11.3142 44.4954
36 11.3142 44.4954
36.1 11.3142 44.4954
36.2 11.3142 44.4954
36.3 11.3142 44.4954
36.4 11.3142 44.4954
36.5 11.3142 44.4954
36.6 11.3142 44.4954
36.7 11.3142 44.4954
36.8 11.3143 44.4954
36.9 11.3143 44.4954
37 11.3143 44.4954
37.1 11.3143 44.4954
37.2 11.3143 44.4955
37.3 11.3143 44.4955
37.4 11.3143 44.4955
37.5 11.3143 44.4955
37.6 11.3143 44.4955
37.7 11.3143 44.4955
37.8 11.3143 44.4955
37.9 11.3143 44.4955
38 11.3143 44.4955
38.1 11.3143 44.4955
38.2 11.3143 44.4955
38.3 11.3143 44.4955
38.4 11.3144 44.4955
38.5 11.3144 44.4955
38.6 11.3144 44.4955
38.7 11.3144 44.4955
38.8 11.3144 44.4955
38.9 11.3144 44.4955
39 11.3144 44.4955
39.1 11.3144 44.4955
39.2 11.3144 44.4955
39.3 11.3144 44.4955
39.4 11.3144 44.4955
39.5 11.3144 44.4955
39.6 11.3144 44.4955
39.7 11.3144 44.4955
39.8 11.3144 44.4955
39.9 11.3144 44.4955
40 11.3144 44.4955
40.1 11.3144 44.4955
40.2 11.3144 44.4955
40.3 11.3145 44.4955
40.4 11.3145 44.4955
40.5 11.3145 44.4955
40.6 11.3145 44.4955
40.7 11.3145 44.4955
40.8 11.3145 44.4955
40.9 11.3145 44.4955
41 11.3145 44.4955
41.1 11.3145 44.4955
41.2 11.3145 44.4955
41.3 11.3145 44.4955
41.4 11.3145 44.4955
41.5 11.3145 44.4955
41.6 11.3145 44.4955
41.7 11.3145 44.4955
41.8 11.3145 44.4955
41.9 11.3145 44.4955
42 11.3145 44.4955
42.1 11.3145 44.4955
42.2 11.3145 44.4955
42.3 11.3145 44.4955
42.4 11.3145 44.4955
42.5 11.3145 44.4955
42.6 11.3145 44.4955
42.7 11.3145 44.4955
42.8 11.3145 44.4955
42.9 11.3145 44.4955
43 11.3145 44.4955
43.1 11.3145 44.4955
43.2 11.3145 44.4955
43.3 11.3145 44.4955
43.4 11.3145 44.4955
43.5 11.3145 44.4955
43.6 11.3145 44.4955
43.7 11.3145 44.4955
43.8 11.3145 44.4955
43.9 11.3145 44.4955
44 11.3145 44.4955
44.1 11.3145 44.4955
44.2 11.3145 44.4955
44.3 11.3145 44.4955
44.4 11.3145 44.4955
44.5 11.3145 44.4955
44.6 11.3145 44.4955
44.7 11.3145 44.4955
44.8 11.3145 44.4955
44.9 11.3145 44.4955
45 11.3145 44.4955
45.1 11.3145 44.4955
45.2 11.3145 44.4955
45.3 11.3145 44.4955
45.4 11.3145 44.4955
45.5 11.3145 44.4955
45.6 11.3145 44.4955
45.7 11.3145 44.4955
45.8 11.3145 44.4955
45.9 11.3145 44.4955
46 11.3145 44.4955
46.1 11.3145 44.4955
46.2 11.3145 44.4955
46.3 11.3145 44.4955
46.4 11.3145 44.4955
46.5 11.3145 44.4955
46.6 11.3145 44.4955
46.7 11.3145 44.4955
46.8 11.3145 44.4955
46.9 11.3145 44.4955
47 11.3146 44.4955
47.1 11.3146 44.4955
47.2 11.3146 44.4955
47.3 11.3146 44.4955
47.4 11.3146 44.4955
47.5 11.3146 44.4955
47.6 11.3146 44.4955
47.7 11.3146 44.4955
47.8 11.3146 44.4955
47.9 11.3146 44.4955
48 11.3146 44.4955
48.1 11.3146 44.4955
48.2 11.3146 44.4955
48.3 11.3146 44.4955
48.4 11.3146 44.4955
48.5 11.3146 44.4955
48.6 11.3146 44.4955
48.7 11.3147 44.4955
48.8 11.3147 44.4955
48.9 11.3147 44.4955
49 11.3147 44.4955
49.1 11.3147 44.4955
49.2 11.3147 44.4955
49.3 11.3147 44.4955
49.4 11.3147 44.4955
49.5 11.3147 44.4955
49.6 11.3147 44.4955
49.7 11.3147 44.4955
49.8 11.3147 44.4955
49.9 11.3147 44.4955
50 11.3147 44.4955
50.1 11.3147 44.4955
50.2 11.3148 44.4955
50.3 11.3148 44.4955
50.4 11.3148 44.4955
50.5 11.3148 44.4955
50.6 11.3148 44.4955
50.7 11.3148 44.4955
50.8 11.3148 44.4955
50.9 11.3148 44.4955
51 11.3148 44.4955
51.1 11.3148 44.4955
51.2 11.3148 44.4955
51.3 11.3148 44.4955
51.4 11.3148 44.4955
51.5 11.3149 44.4956
51.6 11.3149 44.4956
51.7 11.3149 44.4956
51.8 11.3149 44.4956
51.9 11.3149 44.4956
52 11.3149 44.4956
52.1 11.3149 44.4956
52.2 11.3149 44.4956
52.3 11.3149 44.4956
52.4 11.3149 44.4956
52.5 11.3149 44.4956
52.6 11.315 44.4956
52.7 11.315 44.4956
52.8 11.315 44.4956
52.9 11.315 44.4956
53 11.315 44.4956
53.1 11.315 44.4956
53.2 11.315 44.4957
53.3 11.315 44.4957
53.4 11.315 44.4957
53.5 11.315 44.4957
53.6 11.315 44.4957
53.7 11.315 44.4957
53.8 11.315 44.4957
53.9 11.315 44.4957
54 11.315 44.4957
54.1 11.315 44.4957
54.2 11.315 44.4957
54.3 11.315 44.4957
54.4 11.315 44.4957
54.5 11.315 44.4957
54.6 11.315 44.4957
54.7 11.3151 44.4957
54.8 11.3151 44.4958
54.9 11.3151 44.4958
55 11.3151 44.4958
55.1 11.3151 44.4958
55.2 11.3151 44.4958
55.3 11.3151 44.4958
55.4 11.3151 44.4958
55.5 11.3151 44.4958
55.6 11.315 44.4958
55.7 11.315 44.4958
55.8 11.315 44.4958
55.9 11.315 44.4958
56 11.315 44.4958
56.1 11.315 44.4958
56.2 11.315 44.4958
56.3 11.315 44.4958
56.4 11.315 44.4958
56.5 11.315 44.4958
56.6 11.315 44.4958
56.7 11.315 44.4958
56.8 11.315 44.4958
56.9 11.315 44.4958
57 11.315 44.4958
57.1 11.315 44.4958
57.2 11.315 44.4957
57.3 11.315 44.4957
57.4 11.315 44.4957
57.5 11.315 44.4957
57.6 11.315 44.4957
57.7 11.315 44.4957
57.8 11.315 44.4957
57.9 11.315 44.4957
58 11.315 44.4957
58.1 11.315 44.4957
58.2 11.315 44.4957
58.3 11.315 44.4957
58.4 11.315 44.4957
58.5 11.315 44.4957
58.6 11.315 44.4957
58.7 11.315 44.4957
58.8 11.315 44.4957
58.9 11.3149 44.4957
59 11.3149 44.4957
59.1 11.3149 44.4956
59.2 11.3149 44.4956
59.3 11.3149 44.4956
59.4 11.3149 44.4956
59.5 11.3149 44.4956
59.6 11.3149 44.4956
59.7 11.3149 44.4956
59.8 11.3149 44.4956
59.9 11.3149 44.4956
60 11.3149 44.4956
60.1 11.3149 44.4956
60.2 11.3149 44.4956
60.3 11.3149 44.4955
60.4 11.3149 44.4955
60.5 11.3149 44.4955
60.6 11.3149 44.4955
60.7 11.3149 44.4955
60.8 11.3148 44.4955
60.9 11.3148 44.4955
61 11.3148 44.4955
61.1 11.3148 44.4955
61.2 11.3148 44.4955
61.3 11.3148 44.4955
61.4 11.3148 44.4954
61.5 11.3148 44.4954
61.6 11.3148 44.4954
61.7 11.3148 44.4954
61.8 11.3148 44.4954
61.9 11.3148 44.4954
62 11.3148 44.4954
62.1 11.3148 44.4954
62.2 11.3147 44.4953
62.3 11.3147 44.4953
62.4 11.3147 44.4953
62.5 11.3147 44.4953
62.6 11.3147 44.4953
62.7 11.3147 44.4953
62.8 11.3147 44.4953
62.9 11.3147 44.4953
63 11.3147 44.4952
63.1 11.3147 44.4952
63.2 11.3147 44.4952
63.3 11.3147 44.4952
63.4 11.3146 44.4952
63.5 11.3146 44.4952
63.6 11.3146 44.4952
63.7 11.3146 44.4952
63.8 11.3146 44.4951
63.9 11.3146 44.4951
64 11.3146 44.4951
64.1 11.3146 44.4951
64.2 11.3146 44.4951
64.3 11.3146 44.4951
64.4 11.3146 44.4951
64.5 11.3145 44.495
64.6 11.3145 44.495
64.7 11.3145 44.495
64.8 11.3145 44.495
64.9 11.3145 44.495
65 11.3145 44.495
65.1 11.3145 44.495
65.2 11.3145 44.495
65.3 11.3145 44.495
65.4 11.3145 44.495
65.5 11.3145 44.4949
65.6 11.3144 44.4949
65.7 11.3144 44.4949
65.8 11.3144 44.4949
65.9 11.3144 44.4949
66 11.3144 44.4949
66.1 11.3144 44.4949
66.2 11.3144 44.4949
66.3 11.3144 44.4949
66.4 11.3144 44.4949
66.5 11.3144 44.4949
66.6 11.3144 44.4949
66.7 11.3144 44.4949
66.8 11.3144 44.4949
66.9 11.3143 44.4948
67 11.3143 44.4948
67.1 11.3143 44.4948
67.2 11.3143 44.4948
67.3 11.3143 44.4948
67.4 11.3143 44.4948
67.5 11.3143 44.4948
67.6 11.3143 44.4948
67.7 11.3143 44.4948
67.8 11.3143 44.4948
67.9 11.3143 44.4948
68 11.3143 44.4948
68.1 11.3143 44.4948
68.2 11.3143 44.4948
68.3 11.3143 44.4948
68.4 11.3142 44.4948
68.5 11.3142 44.4948
68.6 11.3142 44.4948
68.7 11.3142 44.4948
68.8 11.3142 44.4948
68.9 11.3142 44.4948
69 11.3142 44.4948
69.1 11.3142 44.4948
69.2 11.3142 44.4948
69.3 11.3142 44.4948
69.4 11.3142 44.4948
69.5 11.3142 44.4948
69.6 11.3142 44.4948
69.7 11.3142 44.4948
69.8 11.3142 44.4948
69.9 11.3142 44.4948
70 11.3142 44.4949
70.1 11.3142 44.4949
70.2 11.3142 44.4949
70.3 11.3142 44.4949
70.4 11.3142 44.4949
70.5 11.3142 44.4949
70.6 11.3142 44.4949
70.7 11.3142 44.4949
70.8 11.3142 44.4949
70.9 11.3142 44.4949
71 11.3142 44.4949
71.1 11.3142 44.4949
71.2 11.3142 44.4949
71.3 11.3142 44.4949
71.4 11.3142 44.4949
71.5 11.3142 44.4949
71.6 11.3142 44.4949
71.7 11.3142 44.495
71.8 11.3142 44.495
71.9 11.3142 44.495
72 11.3142 44.495
72.1 11.3142 44.495
72.2 11.3142 44.495
72.3 11.3142 44.495
72.4 11.3142 44.495
72.5 11.3142 44.495
72.6 11.3142 44.495
72.7 11.3142 44.495
72.8 11.3142 44.4951
72.9 11.3142 44.4951
73 11.3142 44.4951
73.1 11.3142 44.4951
73.2 11.3142 44.4951
73.3 11.3142 44.4951
73.4 11.3142 44.4951
73.5 11.3142 44.4951
73.6 11.3142 44.4951
73.7 11.3142 44.4951
73.8 11.3142 44.4952
73.9 11.3142 44.4952
74 11.3142 44.4952
74.1 11.3142 44.4952
74.2 11.3142 44.4952
74.3 11.3142 44.4952
74.4 11.3142 44.4952
74.5 11.3142 44.4952
74.6 11.3142 44.4952
74.7 11.3142 44.4953
74.8 11.3142 44.4953
74.9 11.3142 44.4953
75 11.3142 44.4953
75.1 11.3142 44.4953
75.2 11.3142 44.4953
75.3 11.3142 44.4953
75.4 11.3142 44.4953
75.5 11.3142 44.4953
75.6 11.3142 44.4953
75.7 11.3142 44.4953
75.8 11.3142 44.4954
75.9 11.3142 44.4954
76 11.3142 44.4954
76.1 11.3142 44.4954
76.2 11.3142 44.4954
76.3 11.3142 44.4954
76.4 11.3142 44.4954
76.5 11.3142 44.4954
76.6 11.3142 44.4954
76.7 11.3142 44.4954
76.8 11.3142 44.4954
76.9 11.3142 44.4954
77 11.3142 44.4954
77.1 11.3142 44.4954
77.2 11.3142 44.4954
77.3 11.3142 44.4954
77.4 11.3142 44.4954
77.5 11.3142 44.4954
77.6 11.3142 44.4954
77.7 11.3142 44.4954
77.8 11.3143 44.4954
77.9 11.3143 44.4954
78 11.3143 44.4954
78.1 11.3143 44.4954
78.2 11.3143 44.4954
78.3 11.3143 44.4955
78.4 11.3143 44.4955
78.5 11.3143 44.4955
78.6 11.3143 44.4955
78.7 11.3143 44.4955
78.8 11.3143 44.4955
78.9 11.3143 44.4955
79 11.3143 44.4955
79.1 11.3143 44.4955
79.2 11.3143 44.4955
79.3 11.3143 44.4955
79.4 11.3143 44.4955
79.5 11.3144 44.4955
79.6 11.3144 44.4955
79.7 11.3144 44.4955
79.8 11.3144 44.4955
79.9 11.3144 44.4955
80 11.3144 44.4955
80.1 11.3144 44.4955
80.2 11.3144 44.4955
80.3 11.3144 44.4955
80.4 11.3144 44.4955
80.5 11.3144 44.4955
80.6 11.3145 44.4955
80.7 11.3145 44.4955
80.8 11.3145 44.4955
80.9 11.3145 44.4955
81 11.3145 44.4955
81.1 11.3145 44.4955
81.2 11.3145 44.4955
81.3 11.3145 44.4955
81.4 11.3145 44.4955
81.5 11.3145 44.4955
81.6 11.3145 44.4955
81.7 11.3146 44.4955
81.8 11.3146 44.4955
81.9 11.3146 44.4955
82 11.3146 44.4955
82.1 11.3146 44.4955
82.2 11.3146 44.4955
82.3 11.3146 44.4955
82.4 11.3146 44.4955
82.5 11.3146 44.4955
82.6 11.3146 44.4955
82.7 11.3146 44.4955
82.8 11.3146 44.4955
82.9 11.3146 44.4955
83 11.3146 44.4955
83.1 11.3146 44.4955
83.2 11.3146 44.4955
83.3 11.3146 44.4955
83.4 11.3147 44.4955
83.5 11.3147 44.4955
83.6 11.3147 44.4955
83.7 11.3147 44.4955
83.8 11.3147 44.4955
83.9 11.3147 44.4955
84 11.3147 44.4955
84.1 11.3147 44.4955
84.2 11.3147 44.4955
84.3 11.3147 44.4955
84.4 11.3147 44.4955
84.5 11.3147 44.4955
84.6 11.3147 44.4955
84.7 11.3147 44.4955
84.8 11.3147 44.4955
84.9 11.3147 44.4955
85 11.3147 44.4955
85.1 11.3147 44.4955
85.2 11.3147 44.4955
85.3 11.3147 44.4955
85.4 11.3147 44.4955
85.5 11.3147 44.4955
85.6 11.3147 44.4955
85.7 11.3147 44.4955
85.8 11.3147 44.4955
85.9 11.3147 44.4955
86 11.3147 44.4955
86.1 11.3147 44.4955
86.2 11.3147 44.4955
86.3 11.3147 44.4955
86.4 11.3147 44.4955
86.5 11.3147 44.4955
86.6 11.3147 44.4955
86.7 11.3147 44.4955
86.8 11.3147 44.4955
86.9 11.3147 44.4955
87 11.3147 44.4955
87.1 11.3147 44.4955
87.2 11.3147 44.4955
87.3 11.3147 44.4955
87.4 11.3147 44.4955
87.5 11.3147 44.4955
87.6 11.3147 44.4955
87.7 11.3147 44.4955
87.8 11.3147 44.4955
87.9 11.3147 44.4955
88 11.3147 44.4955
88.1 11.3147 44.4955
88.2 11.3147 44.4955
88.3 11.3147 44.4955
88.4 11.3147 44.4955
88.5 11.3147 44.4955
88.6 11.3147 44.4955
88.7 11.3147 44.4955
88.8 11.3147 44.4955
88.9 11.3147 44.4955
89 11.3147 44.4955
89.1 11.3147 44.4955
89.2 11.3148 44.4955
89.3 11.3148 44.4955
89.4 11.3148 44.4955
89.5 11.3148 44.4955
89.6 11.3148 44.4955
89.7 11.3148 44.4955
89.8 11.3148 44.4955
89.9 11.3148 44.4955
