0 11.3116 44.4918
0.1 11.3116 44.4918
0.2 11.3116 44.4918
0.3 11.3115 44.4918
0.4 11.3115 44.4918
0.5 11.3115 44.4918
0.6 11.3115 44.4918
0.7 11.3115 44.4918
0.8 11.3115 44.4918
0.9 11.3115 44.4918
1 11.3115 44.4918
1.1 11.3115 44.4918
1.2 11.3115 44.4918
1.3 11.3115 44.4918
1.4 11.3115 44.4918
1.5 11.3114 44.4918
1.6 11.3114 44.4918
1.7 11.3114 44.4918
1.8 11.3114 44.4918
1.9 11.3114 44.4918
2 11.3114 44.4918
2.1 11.3114 44.4918
2.2 11.3114 44.4918
2.3 11.3114 44.4918
2.4 11.3114 44.4918
2.5 11.3114 44.4918
2.6 11.3113 44.4918
2.7 11.3113 44.4918
2.8 11.3113 44.4918
2.9 11.3113 44.4918
3 11.3113 44.4918
3.1 11.3113 44.4918
3.2 11.3113 44.4918
3.3 11.3113 44.4918
3.4 11.3113 44.4918
3.5 11.3113 44.4918
3.6 11.3113 44.4918
3.7 11.3113 44.4918
3.8 11.3113 44.4918
3.9 11.3113 44.4918
4 11.3113 44.4918
4.1 11.3113 44.4918
4.2 11.3113 44.4918
4.3 11.3113 44.4918
4.4 11.3113 44.4918
4.5 11.3113 44.4918
4.6 11.3113 44.4918
4.7 11.3113 44.4918
4.8 11.3113 44.4918
4.9 11.3113 44.4918
5 11.3113 44.4918
5.1 11.3113 44.4918
5.2 11.3113 44.4918
5.3 11.3113 44.4918
5.4 11.3113 44.4918
5.5 11.3113 44.4918
5.6 11.3113 44.4918
5.7 11.3113 44.4918
5.8 11.3113 44.4918
5.9 11.3113 44.4918
6 11.3113 44.4918
6.1 11.3113 44.4918
6.2 11.3113 44.4918
6.3 11.3113 44.4918
6.4 11.3113 44.4918
6.5 11.3113 44.4918
6.6 11.3113 44.4918
6.7 11.3114 44.4918
6.8 11.3114 44.4918
6.9 11.3114 44.4918
7 11.3114 44.4918
7.1 11.3114 44.4918
7.2 11.3114 44.4918
7.3 11.3114 44.4918
7.4 11.3114 44.4918
7.5 11.3114 44.4918
7.6 11.3114 44.4918
7.7 11.3114 44.4918
7.8 11.3114 44.4918
7.9 11.3115 44.4918
8 11.3115 44.4918
8.1 11.3115 44.4918
8.2 11.3115 44.4918
8.3 11.3115 44.4918
8.4 11.3115 44.4918
8.5 11.3115 44.4918
8.6 11.3115 44.4918
8.7 11.3115 44.4918
8.8 11.3115 44.4918
8.9 11.3115 44.4918
9 11.3116 44.4918
9.1 11.3116 44.4918
9.2 11.3116 44.4918
9.3 11.3116 44.4918
9.4 11.3116 44.4918
9.5 11.3116 44.4918
9.6 11.3116 44.4918
9.7 11.3116 44.4918
9.8 11.3116 44.4918
9.9 11.3116 44.4918
10 11.3116 44.4918
10.1 11.3116 44.4918
10.2 11.3117 44.4918
10.3 11.3117 44.4918
10.4 11.3117 44.4918
10.5 11.3117 44.4918
10.6 11.3117 44.4918
10.7 11.3117 44.4918
10.8 11.3117 44.4918
10.9 11.3117 44.4918
11 11.3117 44.4918
11.1 11.3117 44.4918
11.2 11.3117 44.4918
11.3 11.3118 44.4918
11.4 11.3118 44.4918
11.5 11.3118 44.4918
11.6 11.3118 44.4918
11.7 11.3118 44.4918
11.8 11.3118 44.4918
11.9 11.3118 44.4918
12 11.3118 44.4918
12.1 11.3118 44.4918
12.2 11.3118 44.4918
12.3 11.3118 44.4918
12.4 11.3118 44.4918
12.5 11.3119 44.4918
12.6 11.3119 44.4918
12.7 11.3119 44.4918
12.8 11.3119 44.4918
12.9 11.3119 44.4918
13 11.3119 44.4918
13.1 11.3119 44.4918
13.2 11.3119 44.4918
13.3 11.3119 44.4918
13.4 11.3119 44.4918
13.5 11.3119 44.4919
13.6 11.3119 44.4919
13.7 11.312 44.4919
13.8 11.312 44.4919
13.9 11.312 44.4919
14 11.312 44.4919
14.1 11.312 44.4919
14.2 11.312 44.4919
14.3 11.312 44.4919
14.4 11.312 44.4919
14.5 11.312 44.4919
14.6 11.312 44.4919
14.7 11.312 44.4919
14.8 11.312 44.4919
14.9 11.312 44.4919
15 11.312 44.4919
15.1 11.312 44.4919
15.2 11.312 44.4919
15.3 11.312 44.4919
15.4 11.312 44.4919
15.5 11.312 44.492
15.6 11.312 44.492
15.7 11.312 44.492
15.8 11.312 44.492
15.9 11.312 44.492
16 11.312 44.492
16.1 11.312 44.492
16.2 11.312 44.492
16.3 11.312 44.492
16.4 11.312 44.492
16.5 11.312 44.492
16.6 11.312 44.492
16.7 11.312 44.492
16.8 11.312 44.492
16.9 11.312 44.492
17 11.312 44.492
17.1 11.312 44.4921
17.2 11.312 44.4921
17.3 11.312 44.4921
17.4 11.312 44.4921
17.5 11.312 44.4921
17.6 11.312 44.4921
17.7 11.312 44.4921
17.8 11.312 44.4921
17.9 11.312 44.4921
18 11.312 44.4921
18.1 11.312 44.4921
18.2 11.312 44.4921
18.3 11.3119 44.4921
18.4 11.3119 44.4921
18.5 11.3119 44.4921
18.6 11.3119 44.4921
18.7 11.3119 44.4922
18.8 11.3119 44.4922
18.9 11.3119 44.4922
19 11.3119 44.4922
19.1 11.3119 44.4922
19.2 11.3119 44.4922
19.3 11.3119 44.4922
19.4 11.3119 44.4922
19.5 11.3119 44.4922
19.6 11.3119 44.4922
19.7 11.3119 44.4922
19.8 11.3119 44.4922
19.9 11.3119 44.4922
20 11.3119 44.4922
20.1 11.3119 44.4922
20.2 11.3119 44.4922
20.3 11.3119 44.4923
20.4 11.3119 44.4923
20.5 11.3119 44.4923
20.6 11.3119 44.4923
20.7 11.3119 44.4923
20.8 11.3119 44.4923
20.9 11.3119 44.4923
21 11.3119 44.4923
21.1 11.3119 44.4923
21.2 11.3119 44.4923
21.3 11.3119 44.4923
21.4 11.3119 44.4923
21.5 11.3119 44.4923
21.6 11.3119 44.4923
21.7 11.3119 44.4923
21.8 11.3119 44.4923
21.9 11.3119 44.4924
22 11.3119 44.4924
22.1 11.3119 44.4924
22.2 11.3119 44.4924
22.3 11.3119 44.4924
22.4 11.3119 44.4924
22.5 11.3119 44.4924
22.6 11.3119 44.4924
22.7 11.3119 44.4924
22.8 11.3119 44.4924
22.9 11.3119 44.4924
23 11.3119 44.4924
23.1 11.3119 44.4924
23.2 11.3119 44.4924
23.3 11.3119 44.4924
23.4 11.3119 44.4924
23.5 11.3119 44.4925
23.6 11.3119 44.4925
23.7 11.3119 44.4925
23.8 11.3119 44.4925
23.9 11.3119 44.4925
24 11.3119 44.4925
24.1 11.3119 44.4925
24.2 11.3119 44.4925
24.3 11.3119 44.4925
24.4 11.3119 44.4925
24.5 11.3119 44.4925
24.6 11.3119 44.4925
24.7 11.3119 44.4925
24.8 11.3119 44.4925
24.9 11.3119 44.4925
25 11.3119 44.4926
25.1 11.3119 44.4926
25.2 11.3119 44.4926
25.3 11.3119 44.4926
25.4 11.3119 44.4926
25.5 11.3119 44.4926
25.6 11.3119 44.4926
25.7 11.3119 44.4926
25.8 11.3119 44.4926
25.9 11.3119 44.4926
26 11.3119 44.4926
26.1 11.3119 44.4926
26.2 11.3119 44.4926
26.3 11.3119 44.4926
26.4 11.3119 44.4926
26.5 11.3119 44.4926
26.6 11.3119 44.4926
26.7 11.3119 44.4927
26.8 11.3119 44.4927
26.9 11.3119 44.4927
27 11.3119 44.4927
27.1 11.3119 44.4927
27.2 11.3119 44.4927
27.3 11.3118 44.4927
27.4 11.3118 44.4927
27.5 11.3118 44.4927
27.6 11.3118 44.4927
27.7 11.3118 44.4927
27.8 11.3118 44.4927
27.9 11.3118 44.4927
28 11.3118 44.4927
28.1 11.3118 44.4927
28.2 11.3118 44.4928
28.3 11.3118 44.4928
28.4 11.3118 44.4928
28.5 11.3118 44.4928
28.6 11.3118 44.4928
28.7 11.3118 44.4928
28.8 11.3118 44.4928
28.9 11.3118 44.4928
29 11.3118 44.4928
29.1 11.3118 44.4928
29.2 11.3118 44.4928
29.3 11.3118 44.4928
29.4 11.3118 44.4928
29.5 11.3118 44.4928
29.6 11.3118 44.4928
29.7 11.3118 44.4928
29.8 11.3118 44.4929
29.9 11.3118 44.4929
30 11.3118 44.4929
30.1 11.3118 44.4929
30.2 11.3118 44.4929
30.3 11.3118 44.4929
30.4 11.3118 44.4929
30.5 11.3118 44.4929
30.6 11.3118 44.4929
30.7 11.3118 44.4929
30.8 11.3118 44.4929
30.9 11.3118 44.4929
31 11.3118 44.4929
31.1 11.3118 44.4929
31.2 11.3118 44.4929
31.3 11.3118 44.4929
31.4 11.3118 44.4929
31.5 11.3118 44.493
31.6 11.3118 44.493
31.7 11.3118 44.493
31.8 11.3118 44.493
31.9 11.3118 44.493
32 11.3118 44.493
32.1 11.3118 44.493
32.2 11.3118 44.493
32.3 11.3118 44.493
32.4 11.3118 44.493
32.5 11.3118 44.493
32.6 11.3118 44.493
32.7 11.3118 44.493
32.8 11.3119 44.493
32.9 11.3119 44.493
33 11.3119 44.493
33.1 11.3119 44.493
33.2 11.3119 44.493
33.3 11.3119 44.493
33.4 11.3119 44.493
33.5 11.3119 44.493
33.6 11.3119 44.493
33.7 11.3119 44.493
33.8 11.3119 44.493
33.9 11.3119 44.493
34 11.3119 44.493
34.1 11.3119 44.493
34.2 11.3119 44.493
34.3 11.312 44.493
34.4 11.312 44.493
34.5 11.312 44.493
34.6 11.312 44.493
34.7 11.312 44.493
34.8 11.312 44.4931
34.9 11.312 44.4931
35 11.312 44.4931
35.1 11.312 44.4931
35.2 11.312 44.4931
35.3 11.312 44.4931
35.4 11.312 44.4931
35.5 11.312 44.4931
35.6 11.312 44.4931
35.7 11.312 44.4931
35.8 11.312 44.4931
35.9 11.312 44.4931
36 11.312 44.4931
36.1 11.312 44.4931
36.2 11.312 44.4931
36.3 11.312 44.4931
36.4 11.312 44.4932
36.5 11.312 44.4932
36.6 11.312 44.4932
36.7 11.312 44.4932
36.8 11.3119 44.4932
36.9 11.3119 44.4932
37 11.3119 44.4932
37.1 11.3119 44.4932
37.2 11.3119 44.4932
37.3 11.3119 44.4932
37.4 11.3119 44.4932
37.5 11.3119 44.4932
37.6 11.3119 44.4933
37.7 11.3119 44.4933
37.8 11.3119 44.4933
37.9 11.3119 44.4933
38 11.3119 44.4933
38.1 11.3119 44.4933
38.2 11.3119 44.4933
38.3 11.3119 44.4933
38.4 11.3119 44.4933
38.5 11.3119 44.4933
38.6 11.3119 44.4934
38.7 11.3119 44.4934
38.8 11.3119 44.4934
38.9 11.3119 44.4934
39 11.3119 44.4934
39.1 11.3119 44.4934
39.2 11.3119 44.4934
39.3 11.3119 44.4934
39.4 11.3119 44.4934
39.5 11.3119 44.4934
39.6 11.3119 44.4935
39.7 11.3119 44.4935
39.8 11.3119 44.4935
39.9 11.3119 44.4935
40 11.3119 44.4935
40.1 11.3119 44.4935
40.2 11.3119 44.4935
40.3 11.3119 44.4935
40.4 11.3119 44.4935
40.5 11.3119 44.4936
40.6 11.3119 44.4936
40.7 11.3119 44.4936
40.8 11.3119 44.4936
40.9 11.3119 44.4936
41 11.3119 44.4936
41.1 11.3119 44.4936
41.2 11.3119 44.4936
41.3 11.3119 44.4936
41.4 11.3119 44.4936
41.5 11.3119 44.4937
41.6 11.3119 44.4937
41.7 11.3119 44.4937
41.8 11.3119 44.4937
41.9 11.3119 44.4937
42 11.3119 44.4937
42.1 11.3119 44.4937
42.2 11.3119 44.4937
42.3 11.3119 44.4937
42.4 11.3119 44.4938
42.5 11.3119 44.4938
42.6 11.3119 44.4938
42.7 11.3119 44.4938
42.8 11.3119 44.4938
42.9 11.3119 44.4938
43 11.3119 44.4938
43.1 11.3119 44.4938
43.2 11.3119 44.4938
43.3 11.3119 44.4938
43.4 11.3119 44.4939
43.5 11.3118 44.4939
43.6 11.3118 44.4939
43.7 11.3118 44.4939
43.8 11.3118 44.4939
43.9 11.3118 44.4939
44 11.3118 44.4939
44.1 11.3118 44.4939
44.2 11.3118 44.4939
44.3 11.3118 44.4939
44.4 11.3118 44.494
44.5 11.3118 44.494
44.6 11.3118 44.494
44.7 11.3118 44.494
44.8 11.3118 44.494
44.9 11.3118 44.494
45 11.3118 44.494
45.1 11.3118 44.494
45.2 11.3118 44.494
45.3 11.3118 44.494
45.4 11.3118 44.494
45.5 11.3118 44.494
45.6 11.3118 44.494
45.7 11.3118 44.494
45.8 11.3118 44.4941
45.9 11.3118 44.4941
46 11.3118 44.4941
46.1 11.3118 44.4941
46.2 11.3118 44.4941
46.3 11.3118 44.4941
46.4 11.3118 44.4941
46.5 11.3118 44.4941
46.6 11.3118 44.4941
46.7 11.3118 44.4941
46.8 11.3118 44.4941
46.9 11.3118 44.4941
47 11.3118 44.4941
47.1 11.3118 44.4941
47.2 11.3118 44.4941
47.3 11.3118 44.4941
47.4 11.3118 44.4941
47.5 11.3118 44.4941
47.6 11.3118 44.4941
47.7 11.3117 44.4941
47.8 11.3117 44.4941
47.9 11.3117 44.4941
48 11.3117 44.4941
48.1 11.3117 44.4941
48.2 11.3117 44.4941
48.3 11.3117 44.4941
48.4 11.3117 44.4941
48.5 11.3117 44.4941
48.6 11.3117 44.4941
48.7 11.3117 44.4941
48.8 11.3116 44.4941
48.9 11.3116 44.4941
49 11.3116 44.4941
49.1 11.3116 44.4941
49.2 11.3116 44.4941
49.3 11.3116 44.4941
49.4 11.3116 44.4941
49.5 11.3116 44.4941
49.6 11.3116 44.4941
49.7 11.3115 44.4941
49.8 11.3115 44.4941
49.9 11.3115 44.4941
50 11.3115 44.4941
50.1 11.3115 44.4941
50.2 11.3115 44.4941
50.3 11.3115 44.4941
50.4 11.3114 44.4941
50.5 11.3114 44.4941
50.6 11.3114 44.4941
50.7 11.3114 44.4941
50.8 11.3114 44.4941
50.9 11.3114 44.4941
51 11.3114 44.4941
51.1 11.3114 44.4941
51.2 11.3113 44.4941
51.3 11.3113 44.4941
51.4 11.3113 44.4941
51.5 11.3113 44.4941
51.6 11.3113 44.4941
51.7 11.3113 44.4941
51.8 11.3113 44.4941
51.9 11.3113 44.4941
52 11.3113 44.4941
52.1 11.3112 44.4941
52.2 11.3112 44.4941
52.3 11.3112 44.4941
52.4 11.3112 44.4941
52.5 11.3112 44.4941
52.6 11.3112 44.4941
52.7 11.3112 44.4941
52.8 11.3112 44.4941
52.9 11.3112 44.4941
53 11.3112 44.4941
53.1 11.3112 44.4941
53.2 11.3112 44.4941
53.3 11.3112 44.494
53.4 11.3112 44.494
53.5 11.3112 44.494
53.6 11.3112 44.494
53.7 11.3112 44.494
53.8 11.3112 44.494
53.9 11.3112 44.494
54 11.3112 44.494
54.1 11.3112 44.494
54.2 11.3112 44.494
54.3 11.3112 44.494
54.4 11.3112 44.494
54.5 11.3112 44.494
54.6 11.3112 44.494
54.7 11.3112 44.494
54.8 11.3112 44.494
54.9 11.3112 44.494
55 11.3113 44.494
55.1 11.3113 44.494
55.2 11.3113 44.494
55.3 11.3113 44.494
55.4 11.3113 44.494
55.5 11.3113 44.494
55.6 11.3113 44.494
55.7 11.3113 44.494
55.8 11.3113 44.494
55.9 11.3113 44.494
56 11.3113 44.494
56.1 11.3113 44.494
56.2 11.3113 44.494
56.3 11.3113 44.494
56.4 11.3114 44.4941
56.5 11.3114 44.4941
56.6 11.3114 44.4941
56.7 11.3114 44.4941
56.8 11.3114 44.4941
56.9 11.3114 44.4941
57 11.3114 44.4941
57.1 11.3114 44.4941
57.2 11.3114 44.4941
57.3 11.3114 44.4941
57.4 11.3115 44.4941
57.5 11.3115 44.4941
57.6 11.3115 44.4941
57.7 11.3115 44.4941
57.8 11.3115 44.4941
57.9 11.3115 44.4941
58 11.3115 44.4941
58.1 11.3115 44.4941
58.2 11.3116 44.4941
58.3 11.3116 44.4941
58.4 11.3116 44.4941
58.5 11.3116 44.4941
58.6 11.3116 44.4941
58.7 11.3116 44.4941
58.8 11.3116 44.4941
58.9 11.3117 44.4941
59 11.3117 44.4941
59.1 11.3117 44.4941
59.2 11.3117 44.4941
59.3 11.3117 44.4941
59.4 11.3117 44.4941
59.5 11.3118 44.4941
59.6 11.3118 44.4941
59.7 11.3118 44.4941
59.8 11.3118 44.4941
59.9 11.3118 44.4941
60 11.3118 44.4941
60.1 11.3119 44.4941
60.2 11.3119 44.4941
60.3 11.3119 44.4941
60.4 11.3119 44.4941
60.5 11.3119 44.4941
60.6 11.312 44.4941
60.7 11.312 44.4941
60.8 11.312 44.4941
60.9 11.312 44.4941
61 11.312 44.4941
61.1 11.312 44.4941
61.2 11.3121 44.4941
61.3 11.3121 44.4941
61.4 11.3121 44.4941
61.5 11.3121 44.4941
61.6 11.3122 44.4941
61.7 11.3122 44.4941
61.8 11.3122 44.4942
61.9 11.3122 44.4942
62 11.3122 44.4942
62.1 11.3123 44.4942
62.2 11.3123 44.4942
62.3 11.3123 44.4942
62.4 11.3123 44.4942
62.5 11.3124 44.4942
62.6 11.3124 44.4942
62.7 11.3124 44.4942
62.8 11.3124 44.4942
62.9 11.3124 44.4942
63 11.3125 44.4942
63.1 11.3125 44.4942
63.2 11.3125 44.4942
63.3 11.3125 44.4942
63.4 11.3125 44.4942
63.5 11.3126 44.4942
63.6 11.3126 44.4942
63.7 11.3126 44.4942
63.8 11.3126 44.4942
63.9 11.3126 44.4942
64 11.3127 44.4942
64.1 11.3127 44.4943
64.2 11.3127 44.4943
64.3 11.3127 44.4943
64.4 11.3127 44.4943
64.5 11.3127 44.4943
64.6 11.3127 44.4943
64.7 11.3127 44.4943
64.8 11.3128 44.4943
64.9 11.3128 44.4943
65 11.3128 44.4943
65.1 11.3128 44.4943
65.2 11.3128 44.4943
65.3 11.3128 44.4943
65.4 11.3128 44.4943
65.5 11.3128 44.4943
65.6 11.3128 44.4943
65.7 11.3128 44.4943
65.8 11.3128 44.4943
65.9 11.3129 44.4943
66 11.3129 44.4943
66.1 11.3129 44.4943
66.2 11.3129 44.4943
66.3 11.3129 44.4943
66.4 11.3129 44.4943
66.5 11.3129 44.4943
66.6 11.3129 44.4943
66.7 11.3129 44.4943
66.8 11.3129 44.4943
66.9 11.3129 44.4943
67 11.3129 44.4943
67.1 11.3129 44.4943
67.2 11.3129 44.4943
67.3 11.3129 44.4943
67.4 11.3129 44.4943
67.5 11.3129 44.4944
67.6 11.3129 44.4944
67.7 11.3129 44.4944
67.8 11.3129 44.4944
67.9 11.3129 44.4944
68 11.3129 44.4944
68.1 11.3129 44.4944
68.2 11.3129 44.4944
68.3 11.3129 44.4944
68.4 11.3129 44.4944
68.5 11.3129 44.4944
68.6 11.3129 44.4944
68.7 11.3129 44.4944
68.8 11.3129 44.4944
68.9 11.3129 44.4944
69 11.3129 44.4944
69.1 11.3129 44.4944
69.2 11.3129 44.4944
69.3 11.3129 44.4945
69.4 11.3129 44.4945
69.5 11.3129 44.4945
69.6 11.3129 44.4945
69.7 11.3129 44.4945
69.8 11.3129 44.4945
69.9 11.3129 44.4945
70 11.3129 44.4945
70.1 11.3129 44.4945
70.2 11.3129 44.4945
70.3 11.3129 44.4945
70.4 11.3129 44.4945
70.5 11.3129 44.4945
70.6 11.3129 44.4945
70.7 11.3129 44.4945
70.8 11.3129 44.4945
70.9 11.3129 44.4946
71 11.3129 44.4946
71.1 11.3129 44.4946
71.2 11.3129 44.4946
71.3 11.3129 44.4946
71.4 11.3129 44.4946
71.5 11.3129 44.4946
71.6 11.3129 44.4946
71.7 11.3129 44.4946
71.8 11.3129 44.4946
71.9 11.3129 44.4946
72 11.3129 44.4946
72.1 11.3129 44.4946
72.2 11.3129 44.4946
72.3 11.3129 44.4946
72.4 11.3129 44.4946
72.5 11.3129 44.4947
72.6 11.3129 44.4947
72.7 11.3128 44.4947
72.8 11.3128 44.4947
72.9 11.3128 44.4947
73 11.3128 44.4947
73.1 11.3128 44.4947
73.2 11.3128 44.4947
73.3 11.3128 44.4947
73.4 11.3128 44.4947
73.5 11.3128 44.4947
73.6 11.3128 44.4947
73.7 11.3128 44.4947
73.8 11.3128 44.4947
73.9 11.3128 44.4947
74 11.3128 44.4947
74.1 11.3128 44.4948
74.2 11.3128 44.4948
74.3 11.3128 44.4948
74.4 11.3128 44.4948
74.5 11.3128 44.4948
74.6 11.3128 44.4948
74.7 11.3128 44.4948
74.8 11.3128 44.4948
74.9 11.3128 44.4948
75 11.3128 44.4948
75.1 11.3128 44.4948
75.2 11.3128 44.4948
75.3 11.3128 44.4948
75.4 11.3128 44.4948
75.5 11.3128 44.4948
75.6 11.3128 44.4949
75.7 11.3128 44.4949
75.8 11.3128 44.4949
75.9 11.3128 44.4949
76 11.3128 44.4949
76.1 11.3128 44.4949
76.2 11.3128 44.4949
76.3 11.3128 44.4949
76.4 11.3128 44.4949
76.5 11.3128 44.4949
76.6 11.3128 44.4949
76.7 11.3128 44.4949
76.8 11.3128 44.4949
76.9 11.3128 44.4949
77 11.3128 44.4949
77.1 11.3128 44.4949
77.2 11.3128 44.495
77.3 11.3128 44.495
77.4 11.3128 44.495
77.5 11.3128 44.495
77.6 11.3128 44.495
77.7 11.3128 44.495
77.8 11.3128 44.495
77.9 11.3128 44.495
78 11.3128 44.495
78.1 11.3128 44.495
78.2 11.3128 44.495
78.3 11.3128 44.495
78.4 11.3128 44.495
78.5 11.3128 44.495
78.6 11.3128 44.495
78.7 11.3128 44.495
78.8 11.3128 44.4951
78.9 11.3128 44.4951
79 11.3128 44.4951
79.1 11.3128 44.4951
79.2 11.3128 44.4951
79.3 11.3128 44.4951
79.4 11.3128 44.4951
79.5 11.3128 44.4951
79.6 11.3128 44.4951
79.7 11.3128 44.4951
79.8 11.3128 44.4951
79.9 11.3128 44.4951
80 11.3128 44.4951
80.1 11.3128 44.4951
80.2 11.3128 44.4951
80.3 11.3128 44.4951
80.4 11.3128 44.4952
80.5 11.3128 44.4952
80.6 11.3128 44.4952
80.7 11.3128 44.4952
80.8 11.3128 44.4952
80.9 11.3128 44.4952
81 11.3128 44.4952
81.1 11.3128 44.4952
81.2 11.3128 44.4952
81.3 11.3128 44.4952
81.4 11.3128 44.4952
81.5 11.3128 44.4952
81.6 11.3128 44.4952
81.7 11.3128 44.4952
81.8 11.3128 44.4952
81.9 11.3128 44.4952
82 11.3128 44.4952
82.1 11.3128 44.4952
82.2 11.3128 44.4952
82.3 11.3128 44.4953
82.4 11.3128 44.4953
82.5 11.3128 44.4953
82.6 11.3128 44.4953
82.7 11.3128 44.4953
82.8 11.3128 44.4953
82.9 11.3128 44.4953
83 11.3128 44.4953
83.1 11.3129 44.4953
83.2 11.3129 44.4953
83.3 11.3129 44.4953
83.4 11.3129 44.4953
83.5 11.3129 44.4953
83.6 11.3129 44.4953
83.7 11.3129 44.4953
83.8 11.3129 44.4953
83.9 11.3129 44.4953
84 11.3129 44.4953
84.1 11.3129 44.4953
84.2 11.3129 44.4953
84.3 11.313 44.4953
84.4 11.313 44.4953
84.5 11.313 44.4953
84.6 11.313 44.4953
84.7 11.313 44.4953
84.8 11.313 44.4953
84.9 11.313 44.4953
85 11.313 44.4953
85.1 11.313 44.4953
85.2 11.313 44.4953
85.3 11.313 44.4953
85.4 11.313 44.4953
85.5 11.3131 44.4953
85.6 11.3131 44.4953
85.7 11.3131 44.4953
85.8 11.3131 44.4953
85.9 11.3131 44.4953
86 11.3131 44.4953
86.1 11.3131 44.4953
86.2 11.3131 44.4953
86.3 11.3131 44.4953
86.4 11.3131 44.4953
86.5 11.3131 44.4953
86.6 11.3132 44.4953
86.7 11.3132 44.4953
86.8 11.3132 44.4953
86.9 11.3132 44.4953
87 11.3132 44.4953
87.1 11.3132 44.4953
87.2 11.3132 44.4953
87.3 11.3132 44.4953
87.4 11.3132 44.4953
87.5 11.3132 44.4953
87.6 11.3132 44.4953
87.7 11.3132 44.4953
87.8 11.3133 44.4953
87.9 11.3133 44.4953
88 11.3133 44.4953
88.1 11.3133 44.4953
88.2 11.3133 44.4953
88.3 11.3133 44.4953
88.4 11.3133 44.4953
88.5 11.3133 44.4953
88.6 11.3133 44.4953
88.7 11.3133 44.4953
88.8 11.3133 44.4953
88.9 11.3133 44.4953
89 11.3134 44.4953
89.1 11.3134 44.4953
89.2 11.3134 44.4953
89.3 11.3134 44.4953
89.4 11.3134 44.4953
89.5 11.3134 44.4953
89.6 11.3134 44.4953
89.7 11.3134 44.4953
89.8 11.3134 44.4953
89.9 11.3134 44.4953
