0 11.3141 44.4924
0.1 11.3141 44.4924
0.2 11.3141 44.4924
0.3 11.3141 44.4924
0.4 11.3141 44.4924
0.5 11.3141 44.4924
0.6 11.3141 44.4924
0.7 11.3141 44.4924
0.8 11.3141 44.4924
0.9 11.3141 44.4924
1 11.3141 44.4924
1.1 11.3141 44.4924
1.2 11.3141 44.4925
1.3 11.3141 44.4925
1.4 11.3141 44.4925
1.5 11.3141 44.4925
1.6 11.3141 44.4925
1.7 11.3141 44.4925
1.8 11.3141 44.4925
1.9 11.3141 44.4925
2 11.3141 44.4925
2.1 11.3141 44.4925
2.2 11.3141 44.4925
2.3 11.3141 44.4925
2.4 11.3141 44.4925
2.5 11.3142 44.4926
2.6 11.3142 44.4926
2.7 11.3142 44.4926
2.8 11.3142 44.4926
2.9 11.3142 44.4926
3 11.3142 44.4926
3.1 11.3142 44.4926
3.2 11.3142 44.4926
3.3 11.3142 44.4926
3.4 11.3142 44.4926
3.5 11.3142 44.4926
3.6 11.3142 44.4926
3.7 11.3142 44.4926
3.8 11.3142 44.4927
3.9 11.3142 44.4927
4 11.3142 44.4927
4.1 11.3142 44.4927
4.2 11.3142 44.4927
4.3 11.3142 44.4927
4.4 11.3142 44.4927
4.5 11.3142 44.4927
4.6 11.3142 44.4927
4.7 11.3142 44.4927
4.8 11.3142 44.4927
4.9 11.3142 44.4927
5 11.3142 44.4927
5.1 11.3142 44.4928
5.2 11.3142 44.4928
5.3 11.3142 44.4928
5.4 11.3142 44.4928
5.5 11.3143 44.4928
5.6 11.3143 44.4928
5.7 11.3143 44.4928
5.8 11.3143 44.4928
5.9 11.3143 44.4928
6 11.3143 44.4928
6.1 11.3143 44.4928
6.2 11.3143 44.4928
6.3 11.3143 44.4928
6.4 11.3143 44.4929
6.5 11.3143 44.4929
6.6 11.3143 44.4929
6.7 11.3143 44.4929
6.8 11.3143 44.4929
6.9 11.3143 44.4929
7 11.3143 44.4929
7.1 11.3143 44.4929
7.2 11.3143 44.4929
7.3 11.3143 44.4929
7.4 11.3143 44.4929
7.5 11.3143 44.4929
7.6 11.3143 44.4929
7.7 11.3143 44.493
7.8 11.3143 44.493
7.9 11.3143 44.493
8 11.3143 44.493
8.1 11.3143 44.493
8.2 11.3143 44.493
8.3 11.3143 44.493
8.4 11.3144 44.493
8.5 11.3144 44.493
8.6 11.3144 44.493
8.7 11.3144 44.493
8.8 11.3144 44.493
8.9 11.3144 44.493
9 11.3144 44.4931
9.1 11.3144 44.4931
9.2 11.3144 44.4931
9.3 11.3144 44.4931
9.4 11.3144 44.4931
9.5 11.3144 44.4931
9.6 11.3144 44.4931
9.7 11.3144 44.4931
9.8 11.3144 44.4931
9.9 11.3144 44.4931
10 11.3144 44.4931
10.1 11.3144 44.4931
10.2 11.3144 44.4931
10.3 11.3144 44.4931
10.4 11.3144 44.4931
10.5 11.3144 44.4932
10.6 11.3144 44.4932
10.7 11.3144 44.4932
10.8 11.3144 44.4932
10.9 11.3144 44.4932
11 11.3144 44.4932
11.1 11.3144 44.4932
11.2 11.3145 44.4932
11.3 11.3145 44.4932
11.4 11.3145 44.4932
11.5 11.3145 44.4932
11.6 11.3145 44.4932
11.7 11.3145 44.4932
11.8 11.3145 44.4932
11.9 11.3145 44.4932
12 11.3145 44.4932
12.1 11.3146 44.4932
12.2 11.3146 44.4932
12.3 11.3146 44.4932
12.4 11.3146 44.4932
12.5 11.3146 44.4932
12.6 11.3146 44.4932
12.7 11.3146 44.4932
12.8 11.3146 44.4932
12.9 11.3146 44.4932
13 11.3147 44.4932
13.1 11.3147 44.4932
13.2 11.3147 44.4932
13.3 11.3147 44.4932
13.4 11.3147 44.4932
13.5 11.3147 44.4932
13.6 11.3147 44.4932
13.7 11.3147 44.4932
13.8 11.3147 44.4932
13.9 11.3148 44.4932
14 11.3148 44.4932
14.1 11.3148 44.4932
14.2 11.3148 44.4932
14.3 11.3148 44.4932
14.4 11.3148 44.4932
14.5 11.3148 44.4932
14.6 11.3148 44.4932
14.7 11.3148 44.4932
14.8 11.3149 44.4932
14.9 11.3149 44.4932
15 11.3149 44.4932
15.1 11.3149 44.4932
15.2 11.3149 44.4932
15.3 11.3149 44.4932
15.4 11.3149 44.4932
15.5 11.3149 44.4932
15.6 11.3149 44.4932
15.7 11.3149 44.4932
15.8 11.3149 44.4932
15.9 11.315 44.4932
16 11.315 44.4932
16.1 11.315 44.4932
16.2 11.315 44.4932
16.3 11.315 44.4932
16.4 11.315 44.4932
16.5 11.315 44.4932
16.6 11.315 44.4932
16.7 11.315 44.4932
16.8 11.3151 44.4932
16.9 11.3151 44.4932
17 11.3151 44.4932
17.1 11.3151 44.4932
17.2 11.3151 44.4932
17.3 11.3151 44.4932
17.4 11.3151 44.4932
17.5 11.3151 44.4932
17.6 11.3151 44.4932
17.7 11.3152 44.4932
17.8 11.3152 44.4932
17.9 11.3152 44.4933
18 11.3152 44.4933
18.1 11.3152 44.4933
18.2 11.3152 44.4933
18.3 11.3152 44.4933
18.4 11.3152 44.4933
18.5 11.3152 44.4933
18.6 11.3153 44.4933
18.7 11.3153 44.4933
18.8 11.3153 44.4933
18.9 11.3153 44.4933
19 11.3153 44.4933
19.1 11.3153 44.4933
19.2 11.3153 44.4933
19.3 11.3153 44.4933
19.4 11.3153 44.4933
19.5 11.3154 44.4933
19.6 11.3154 44.4933
19.7 11.3154 44.4933
19.8 11.3154 44.4933
19.9 11.3154 44.4933
20 11.3154 44.4933
20.1 11.3154 44.4933
20.2 11.3154 44.4933
20.3 11.3154 44.4933
20.4 11.3155 44.4933
20.5 11.3155 44.4933
20.6 11.3155 44.4933
20.7 11.3155 44.4933
20.8 11.3155 44.4933
20.9 11.3155 44.4933
21 11.3155 44.4933
21.1 11.3155 44.4933
21.2 11.3156 44.4933
21.3 11.3156 44.4933
21.4 11.3156 44.4933
21.5 11.3156 44.4933
21.6 11.3156 44.4933
21.7 11.3156 44.4933
21.8 11.3156 44.4933
21.9 11.3156 44.4933
22 11.3156 44.4933
22.1 11.3156 44.4933
22.2 11.3156 44.4933
22.3 11.3157 44.4933
22.4 11.3157 44.4933
22.5 11.3157 44.4933
22.6 11.3157 44.4933
22.7 11.3157 44.4933
22.8 11.3157 44.4933
22.9 11.3157 44.4933
23 11.3157 44.4933
23.1 11.3157 44.4933
23.2 11.3157 44.4933
23.3 11.3157 44.4933
23.4 11.3157 44.4933
23.5 11.3157 44.4933
23.6 11.3157 44.4933
23.7 11.3157 44.4934
23.8 11.3157 44.4934
23.9 11.3157 44.4934
24 11.3157 44.4934
24.1 11.3157 44.4934
24.2 11.3157 44.4934
24.3 11.3157 44.4934
24.4 11.3157 44.4934
24.5 11.3157 44.4934
24.6 11.3157 44.4934
24.7 11.3157 44.4934
24.8 11.3157 44.4934
24.9 11.3157 44.4934
25 11.3157 44.4934
25.1 11.3157 44.4935
25.2 11.3157 44.4935
25.3 11.3157 44.4935
25.4 11.3157 44.4935
25.5 11.3157 44.4935
25.6 11.3157 44.4935
25.7 11.3157 44.4935
25.8 11.3157 44.4935
25.9 11.3157 44.4935
26 11.3157 44.4935
26.1 11.3157 44.4935
26.2 11.3157 44.4935
26.3 11.3156 44.4935
26.4 11.3156 44.4936
26.5 11.3156 44.4936
26.6 11.3156 44.4936
26.7 11.3156 44.4936
26.8 11.3156 44.4936
26.9 11.3156 44.4936
27 11.3156 44.4936
27.1 11.3156 44.4936
27.2 11.3156 44.4936
27.3 11.3156 44.4936
27.4 11.3156 44.4936
27.5 11.3156 44.4936
27.6 11.3156 44.4936
27.7 11.3156 44.4936
27.8 11.3156 44.4936
27.9 11.3156 44.4937
28 11.3155 44.4937
28.1 11.3155 44.4937
28.2 11.3155 44.4937
28.3 11.3155 44.4937
28.4 11.3155 44.4937
28.5 11.3155 44.4937
28.6 11.3155 44.4937
28.7 11.3155 44.4937
28.8 11.3155 44.4937
28.9 11.3155 44.4937
29 11.3155 44.4937
29.1 11.3155 44.4937
29.2 11.3155 44.4937
29.3 11.3155 44.4937
29.4 11.3154 44.4937
29.5 11.3154 44.4938
29.6 11.3154 44.4938
29.7 11.3154 44.4938
29.8 11.3154 44.4938
29.9 11.3154 44.4938
30 11.3154 44.4938
30.1 11.3154 44.4938
30.2 11.3154 44.4938
30.3 11.3154 44.4938
30.4 11.3154 44.4938
30.5 11.3154 44.4938
30.6 11.3154 44.4938
30.7 11.3153 44.4938
30.8 11.3153 44.4938
30.9 11.3153 44.4938
31 11.3153 44.4938
31.1 11.3153 44.4938
31.2 11.3153 44.4939
31.3 11.3153 44.4939
31.4 11.3153 44.4939
31.5 11.3153 44.4939
31.6 11.3153 44.4939
31.7 11.3153 44.4939
31.8 11.3153 44.4939
31.9 11.3153 44.4939
32 11.3152 44.4939
32.1 11.3152 44.4939
32.2 11.3152 44.4939
32.3 11.3152 44.4939
32.4 11.3152 44.4939
32.5 11.3152 44.4939
32.6 11.3152 44.4939
32.7 11.3152 44.4939
32.8 11.3152 44.4939
32.9 11.3152 44.4939
33 11.3152 44.4939
33.1 11.3152 44.4939
33.2 11.3152 44.4939
33.3 11.3152 44.4939
33.4 11.3152 44.4939
33.5 11.3151 44.4939
33.6 11.3151 44.4939
33.7 11.3151 44.4939
33.8 11.3151 44.4939
33.9 11.3151 44.4939
34 11.3151 44.4939
34.1 11.3151 44.4939
34.2 11.3151 44.4939
34.3 11.3151 44.4939
34.4 11.3151 44.4939
34.5 11.3151 44.4939
34.6 11.3151 44.4939
34.7 11.3151 44.4939
34.8 11.3151 44.4939
34.9 11.315 44.4939
35 11.315 44.4939
35.1 11.315 44.4939
35.2 11.315 44.4939
35.3 11.315 44.4939
35.4 11.315 44.4939
35.5 11.315 44.4938
35.6 11.315 44.4938
35.7 11.315 44.4938
35.8 11.315 44.4938
35.9 11.315 44.4938
36 11.315 44.4938
36.1 11.315 44.4938
36.2 11.3149 44.4938
36.3 11.3149 44.4938
36.4 11.3149 44.4938
36.5 11.3149 44.4938
36.6 11.3149 44.4938
36.7 11.3149 44.4938
36.8 11.3149 44.4938
36.9 11.3149 44.4938
37 11.3149 44.4938
37.1 11.3149 44.4937
37.2 11.3149 44.4937
37.3 11.3149 44.4937
37.4 11.3149 44.4937
37.5 11.3149 44.4937
37.6 11.3149 44.4937
37.7 11.3148 44.4937
37.8 11.3148 44.4937
37.9 11.3148 44.4937
38 11.3148 44.4937
38.1 11.3148 44.4937
38.2 11.3148 44.4937
38.3 11.3148 44.4937
38.4 11.3148 44.4937
38.5 11.3148 44.4937
38.6 11.3148 44.4936
38.7 11.3148 44.4936
38.8 11.3148 44.4936
38.9 11.3148 44.4936
39 11.3148 44.4936
39.1 11.3147 44.4936
39.2 11.3147 44.4936
39.3 11.3147 44.4936
39.4 11.3147 44.4936
39.5 11.3147 44.4936
39.6 11.3147 44.4936
39.7 11.3147 44.4936
39.8 11.3147 44.4936
39.9 11.3147 44.4936
40 11.3147 44.4936
40.1 11.3147 44.4935
40.2 11.3147 44.4935
40.3 11.3147 44.4935
40.4 11.3147 44.4935
40.5 11.3147 44.4935
40.6 11.3147 44.4935
40.7 11.3146 44.4935
40.8 11.3146 44.4935
40.9 11.3146 44.4935
41 11.3146 44.4935
41.1 11.3146 44.4935
41.2 11.3146 44.4935
41.3 11.3146 44.4935
41.4 11.3146 44.4935
41.5 11.3146 44.4935
41.6 11.3146 44.4934
41.7 11.3146 44.4934
41.8 11.3146 44.4934
41.9 11.3146 44.4934
42 11.3146 44.4934
42.1 11.3146 44.4934
42.2 11.3146 44.4934
42.3 11.3146 44.4934
42.4 11.3145 44.4934
42.5 11.3145 44.4934
42.6 11.3145 44.4934
42.7 11.3145 44.4934
42.8 11.3145 44.4934
42.9 11.3145 44.4934
43 11.3145 44.4933
43.1 11.3145 44.4933
43.2 11.3145 44.4933
43.3 11.3145 44.4933
43.4 11.3145 44.4933
43.5 11.3145 44.4933
43.6 11.3145 44.4933
43.7 11.3145 44.4933
43.8 11.3145 44.4933
43.9 11.3145 44.4933
44 11.3145 44.4933
44.1 11.3145 44.4933
44.2 11.3145 44.4933
44.3 11.3145 44.4933
44.4 11.3145 44.4933
44.5 11.3145 44.4933
44.6 11.3145 44.4933
44.7 11.3145 44.4932
44.8 11.3145 44.4932
44.9 11.3145 44.4932
45 11.3145 44.4932
45.1 11.3145 44.4932
45.2 11.3145 44.4932
45.3 11.3145 44.4932
45.4 11.3145 44.4932
45.5 11.3145 44.4932
45.6 11.3145 44.4932
45.7 11.3145 44.4932
45.8 11.3145 44.4932
45.9 11.3145 44.4932
46 11.3145 44.4932
46.1 11.3145 44.4932
46.2 11.3146 44.4932
46.3 11.3146 44.4932
46.4 11.3146 44.4932
46.5 11.3146 44.4932
46.6 11.3146 44.4932
46.7 11.3146 44.4932
46.8 11.3146 44.4932
46.9 11.3146 44.4932
47 11.3146 44.4932
47.1 11.3146 44.4932
47.2 11.3147 44.4932
47.3 11.3147 44.4932
47.4 11.3147 44.4932
47.5 11.3147 44.4932
47.6 11.3147 44.4932
47.7 11.3147 44.4932
47.8 11.3147 44.4932
47.9 11.3147 44.4932
48 11.3147 44.4932
48.1 11.3148 44.4932
48.2 11.3148 44.4932
48.3 11.3148 44.4932
48.4 11.3148 44.4932
48.5 11.3148 44.4932
48.6 11.3148 44.4932
48.7 11.3148 44.4932
48.8 11.3148 44.4932
48.9 11.3148 44.4932
49 11.3149 44.4932
49.1 11.3149 44.4932
49.2 11.3149 44.4932
49.3 11.3149 44.4932
49.4 11.3149 44.4932
49.5 11.3149 44.4932
49.6 11.3149 44.4932
49.7 11.3149 44.4932
49.8 11.3149 44.4932
49.9 11.3149 44.4932
50 11.3149 44.4932
50.1 11.315 44.4932
50.2 11.315 44.4932
50.3 11.315 44.4932
50.4 11.315 44.4932
50.5 11.315 44.4932
50.6 11.315 44.4932
50.7 11.315 44.4932
50.8 11.315 44.4932
50.9 11.315 44.4932
51 11.3151 44.4932
51.1 11.3151 44.4932
51.2 11.3151 44.4932
51.3 11.3151 44.4932
51.4 11.3151 44.4932
51.5 11.3151 44.4932
51.6 11.3151 44.4932
51.7 11.3151 44.4932
51.8 11.3151 44.4932
51.9 11.3152 44.4932
52 11.3152 44.4932
52.1 11.3152 44.4933
52.2 11.3152 44.4933
52.3 11.3152 44.4933
52.4 11.3152 44.4933
52.5 11.3152 44.4933
52.6 11.3152 44.4933
52.7 11.3152 44.4933
52.8 11.3153 44.4933
52.9 11.3153 44.4933
53 11.3153 44.4933
53.1 11.3153 44.4933
53.2 11.3153 44.4933
53.3 11.3153 44.4933
53.4 11.3153 44.4933
53.5 11.3153 44.4933
53.6 11.3153 44.4933
53.7 11.3154 44.4933
53.8 11.3154 44.4933
53.9 11.3154 44.4933
54 11.3154 44.4933
54.1 11.3154 44.4933
54.2 11.3154 44.4933
54.3 11.3154 44.4933
54.4 11.3154 44.4933
54.5 11.3154 44.4933
54.6 11.3155 44.4933
54.7 11.3155 44.4933
54.8 11.3155 44.4933
54.9 11.3155 44.4933
55 11.3155 44.4933
55.1 11.3155 44.4933
55.2 11.3155 44.4933
55.3 11.3155 44.4933
55.4 11.3156 44.4933
55.5 11.3156 44.4933
55.6 11.3156 44.4933
55.7 11.3156 44.4933
55.8 11.3156 44.4933
55.9 11.3156 44.4933
56 11.3156 44.4933
56.1 11.3156 44.4933
56.2 11.3156 44.4933
56.3 11.3156 44.4933
56.4 11.3156 44.4933
56.5 11.3157 44.4933
56.6 11.3157 44.4933
56.7 11.3157 44.4933
56.8 11.3157 44.4933
56.9 11.3157 44.4933
57 11.3157 44.4933
57.1 11.3157 44.4933
57.2 11.3157 44.4933
57.3 11.3157 44.4933
57.4 11.3157 44.4933
57.5 11.3157 44.4933
57.6 11.3157 44.4933
57.7 11.3157 44.4933
57.8 11.3157 44.4933
57.9 11.3157 44.4932
58 11.3157 44.4932
58.1 11.3157 44.4932
58.2 11.3157 44.4932
58.3 11.3157 44.4932
58.4 11.3157 44.4932
58.5 11.3157 44.4932
58.6 11.3157 44.4932
58.7 11.3157 44.4932
58.8 11.3157 44.4932
58.9 11.3157 44.4932
59 11.3157 44.4932
59.1 11.3157 44.4932
59.2 11.3157 44.4932
59.3 11.3157 44.4932
59.4 11.3157 44.4931
59.5 11.3157 44.4931
59.6 11.3157 44.4931
59.7 11.3157 44.4931
59.8 11.3157 44.4931
59.9 11.3157 44.4931
60 11.3157 44.4931
60.1 11.3157 44.4931
60.2 11.3157 44.4931
60.3 11.3157 44.4931
60.4 11.3157 44.4931
60.5 11.3157 44.4931
60.6 11.3157 44.493
60.7 11.3157 44.493
60.8 11.3157 44.493
60.9 11.3157 44.493
61 11.3157 44.493
61.1 11.3157 44.493
61.2 11.3157 44.493
61.3 11.3157 44.493
61.4 11.3157 44.493
61.5 11.3157 44.493
61.6 11.3157 44.493
61.7 11.3157 44.493
61.8 11.3157 44.4929
61.9 11.3157 44.4929
62 11.3157 44.4929
62.1 11.3157 44.4929
62.2 11.3157 44.4929
62.3 11.3157 44.4929
62.4 11.3157 44.4929
62.5 11.3157 44.4929
62.6 11.3157 44.4929
62.7 11.3157 44.4929
62.8 11.3157 44.4929
62.9 11.3157 44.4929
63 11.3157 44.4929
63.1 11.3157 44.4928
63.2 11.3157 44.4928
63.3 11.3157 44.4928
63.4 11.3157 44.4928
63.5 11.3157 44.4928
63.6 11.3157 44.4928
63.7 11.3157 44.4928
63.8 11.3157 44.4928
63.9 11.3157 44.4928
64 11.3157 44.4928
64.1 11.3157 44.4928
64.2 11.3157 44.4928
64.3 11.3157 44.4927
64.4 11.3157 44.4927
64.5 11.3157 44.4927
64.6 11.3157 44.4927
64.7 11.3157 44.4927
64.8 11.3157 44.4927
64.9 11.3157 44.4927
65 11.3157 44.4927
65.1 11.3157 44.4927
65.2 11.3157 44.4927
65.3 11.3157 44.4927
65.4 11.3157 44.4927
65.5 11.3157 44.4926
65.6 11.3157 44.4926
65.7 11.3157 44.4926
65.8 11.3157 44.4926
65.9 11.3157 44.4926
66 11.3157 44.4926
66.1 11.3157 44.4926
66.2 11.3157 44.4926
66.3 11.3157 44.4926
66.4 11.3157 44.4926
66.5 11.3157 44.4926
66.6 11.3157 44.4926
66.7 11.3157 44.4926
66.8 11.3157 44.4925
66.9 11.3157 44.4925
67 11.3157 44.4925
67.1 11.3157 44.4925
67.2 11.3157 44.4925
67.3 11.3157 44.4925
67.4 11.3157 44.4925
67.5 11.3157 44.4925
67.6 11.3157 44.4925
67.7 11.3157 44.4925
67.8 11.3157 44.4925
67.9 11.3157 44.4925
68 11.3157 44.4924
68.1 11.3157 44.4924
68.2 11.3157 44.4924
68.3 11.3157 44.4924
68.4 11.3157 44.4924
68.5 11.3157 44.4924
68.6 11.3157 44.4924
68.7 11.3157 44.4924
68.8 11.3157 44.4924
68.9 11.3157 44.4924
69 11.3157 44.4924
69.1 11.3157 44.4924
69.2 11.3157 44.4923
69.3 11.3157 44.4923
69.4 11.3157 44.4923
69.5 11.3157 44.4923
69.6 11.3157 44.4923
69.7 11.3157 44.4923
69.8 11.3157 44.4923
69.9 11.3157 44.4923
70 11.3157 44.4923
70.1 11.3157 44.4923
70.2 11.3157 44.4923
70.3 11.3157 44.4923
70.4 11.3157 44.4923
70.5 11.3157 44.4922
70.6 11.3157 44.4922
70.7 11.3157 44.4922
70.8 11.3157 44.4922
70.9 11.3157 44.4922
71 11.3157 44.4922
71.1 11.3157 44.4922
71.2 11.3157 44.4922
71.3 11.3157 44.4922
71.4 11.3157 44.4922
71.5 11.3157 44.4922
71.6 11.3157 44.4922
71.7 11.3157 44.4922
71.8 11.3157 44.4922
71.9 11.3157 44.4921
72 11.3157 44.4921
72.1 11.3157 44.4921
72.2 11.3157 44.4921
72.3 11.3157 44.4921
72.4 11.3157 44.4921
72.5 11.3157 44.4921
72.6 11.3157 44.4921
72.7 11.3157 44.4921
72.8 11.3157 44.4921
72.9 11.3157 44.4921
73 11.3157 44.4921
73.1 11.3157 44.4921
73.2 11.3157 44.4921
73.3 11.3157 44.4921
73.4 11.3157 44.4921
73.5 11.3157 44.4921
73.6 11.3156 44.4921
73.7 11.3156 44.4921
73.8 11.3156 44.4921
73.9 11.3156 44.4921
74 11.3156 44.4921
74.1 11.3156 44.4921
74.2 11.3156 44.4921
74.3 11.3156 44.4921
74.4 11.3156 44.4921
74.5 11.3155 44.4921
74.6 11.3155 44.4921
74.7 11.3155 44.4921
74.8 11.3155 44.4921
74.9 11.3155 44.4921
75 11.3155 44.4921
75.1 11.3155 44.4921
75.2 11.3155 44.4921
75.3 11.3155 44.4921
75.4 11.3154 44.4921
75.5 11.3154 44.4921
75.6 11.3154 44.4921
75.7 11.3154 44.4921
75.8 11.3154 44.4921
75.9 11.3154 44.4921
76 11.3154 44.4921
76.1 11.3154 44.4921
76.2 11.3154 44.4921
76.3 11.3153 44.4921
76.4 11.3153 44.4921
76.5 11.3153 44.4921
76.6 11.3153 44.4921
76.7 11.3153 44.4921
76.8 11.3153 44.4921
76.9 11.3153 44.4921
77 11.3153 44.4921
77.1 11.3153 44.4921
77.2 11.3152 44.4921
77.3 11.3152 44.4921
77.4 11.3152 44.4921
77.5 11.3152 44.4921
77.6 11.3152 44.4921
77.7 11.3152 44.4921
77.8 11.3152 44.4921
77.9 11.3152 44.4921
78 11.3152 44.4921
78.1 11.3152 44.4921
78.2 11.3151 44.4921
78.3 11.3151 44.4921
78.4 11.3151 44.4921
78.5 11.3151 44.4921
78.6 11.3151 44.4921
78.7 11.3151 44.4921
78.8 11.3151 44.4921
78.9 11.3151 44.4921
79 11.3151 44.4921
79.1 11.3151 44.4921
79.2 11.315 44.4921
79.3 11.315 44.4921
79.4 11.315 44.492
79.5 11.315 44.492
79.6 11.315 44.492
79.7 11.315 44.492
79.8 11.315 44.492
79.9 11.315 44.492
80 11.315 44.492
80.1 11.3149 44.492
80.2 11.3149 44.492
80.3 11.3149 44.492
80.4 11.3149 44.492
80.5 11.3149 44.492
80.6 11.3149 44.492
80.7 11.3149 44.492
80.8 11.3149 44.492
80.9 11.3149 44.492
81 11.3148 44.492
81.1 11.3148 44.492
81.2 11.3148 44.492
81.3 11.3148 44.492
81.4 11.3148 44.492
81.5 11.3148 44.492
81.6 11.3148 44.492
81.7 11.3148 44.492
81.8 11.3148 44.492
81.9 11.3147 44.492
82 11.3147 44.492
82.1 11.3147 44.492
82.2 11.3147 44.492
82.3 11.3147 44.492
82.4 11.3147 44.492
82.5 11.3147 44.492
82.6 11.3147 44.492
82.7 11.3147 44.492
82.8 11.3146 44.492
82.9 11.3146 44.492
83 11.3146 44.492
83.1 11.3146 44.492
83.2 11.3146 44.492
83.3 11.3146 44.492
83.4 11.3146 44.492
83.5 11.3146 44.492
83.6 11.3146 44.492
83.7 11.3145 44.492
83.8 11.3145 44.492
83.9 11.3145 44.492
84 11.3145 44.492
84.1 11.3145 44.492
84.2 11.3145 44.492
84.3 11.3145 44.492
84.4 11.3145 44.492
84.5 11.3144 44.492
84.6 11.3144 44.492
84.7 11.3144 44.492
84.8 11.3144 44.492
84.9 11.3144 44.492
85 11.3144 44.492
85.1 11.3144 44.492
85.2 11.3144 44.492
85.3 11.3144 44.492
85.4 11.3143 44.492
85.5 11.3143 44.492
85.6 11.3143 44.492
85.7 11.3143 44.492
85.8 11.3143 44.492
85.9 11.3143 44.492
86 11.3143 44.492
86.1 11.3143 44.492
86.2 11.3143 44.492
86.3 11.3142 44.492
86.4 11.3142 44.492
86.5 11.3142 44.492
86.6 11.3142 44.492
86.7 11.3142 44.492
86.8 11.3142 44.492
86.9 11.3142 44.492
87 11.3142 44.492
87.1 11.3142 44.492
87.2 11.3141 44.492
87.3 11.3141 44.492
87.4 11.3141 44.492
87.5 11.3141 44.492
87.6 11.3141 44.492
87.7 11.3141 44.492
87.8 11.3141 44.492
87.9 11.3141 44.492
88 11.3141 44.492
88.1 11.314 44.492
88.2 11.314 44.492
88.3 11.314 44.492
88.4 11.314 44.492
88.5 11.314 44.492
88.6 11.314 44.492
88.7 11.314 44.492
88.8 11.314 44.492
88.9 11.314 44.492
89 11.314 44.492
89.1 11.314 44.492
89.2 11.314 44.492
89.3 11.3139 44.492
89.4 11.3139 44.492
89.5 11.3139 44.492
89.6 11.3139 44.492
89.7 11.3139 44.492
89.8 11.3139 44.492
89.9 11.3139 44.492
