0 11.3144 44.4932
0.1 11.3144 44.4932
0.2 11.3144 44.4932
0.3 11.3144 44.4932
0.4 11.3144 44.4932
0.5 11.3144 44.4932
0.6 11.3144 44.4932
0.7 11.3144 44.4932
0.8 11.3144 44.4932
0.9 11.3143 44.4932
1 11.3143 44.4932
1.1 11.3143 44.4932
1.2 11.3143 44.4932
1.3 11.3143 44.4932
1.4 11.3143 44.4932
1.5 11.3143 44.4932
1.6 11.3143 44.4932
1.7 11.3142 44.4932
1.8 11.3142 44.4932
1.9 11.3142 44.4932
2 11.3142 44.4932
2.1 11.3142 44.4932
2.2 11.3142 44.4932
2.3 11.3142 44.4932
2.4 11.3142 44.4932
2.5 11.3142 44.4932
2.6 11.3141 44.4932
2.7 11.3141 44.4932
2.8 11.3141 44.4932
2.9 11.3141 44.4932
3 11.3141 44.4932
3.1 11.3141 44.4932
3.2 11.3141 44.4932
3.3 11.3141 44.4932
3.4 11.3141 44.4932
3.5 11.314 44.4932
3.6 11.314 44.4932
3.7 11.314 44.4932
3.8 11.314 44.4932
3.9 11.314 44.4932
4 11.314 44.4932
4.1 11.314 44.4932
4.2 11.314 44.4932
4.3 11.314 44.4932
4.4 11.3139 44.4932
4.5 11.3139 44.4932
4.6 11.3139 44.4932
4.7 11.3139 44.4932
4.8 11.3139 44.4932
4.9 11.3139 44.4932
5 11.3139 44.4932
5.1 11.3139 44.4932
5.2 11.3139 44.4932
5.3 11.3138 44.4932
5.4 11.3138 44.4932
5.5 11.3138 44.4932
5.6 11.3138 44.4932
5.7 11.3138 44.4932
5.8 11.3138 44.4932
5.9 11.3138 44.4932
6 11.3138 44.4932
6.1 11.3138 44.4932
6.2 11.3137 44.4932
6.3 11.3137 44.4932
6.4 11.3137 44.4932
6.5 11.3137 44.4932
6.6 11.3137 44.4932
6.7 11.3137 44.4932
6.8 11.3137 44.4932
6.9 11.3137 44.4932
7 11.3137 44.4932
7.1 11.3136 44.4932
7.2 11.3136 44.4932
7.3 11.3136 44.4932
7.4 11.3136 44.4932
7.5 11.3136 44.4932
7.6 11.3136 44.4932
7.7 11.3136 44.4932
7.8 11.3136 44.4932
7.9 11.3136 44.4932
8 11.3135 44.4932
8.1 11.3135 44.4932
8.2 11.3135 44.4932
8.3 11.3135 44.4932
8.4 11.3135 44.4932
8.5 11.3135 44.4932
8.6 11.3135 44.4932
8.7 11.3135 44.4932
8.8 11.3135 44.4932
8.9 11.3135 44.4932
9 11.3135 44.4932
9.1 11.3134 44.4932
9.2 11.3134 44.4932
9.3 11.3134 44.4932
9.4 11.3134 44.4932
9.5 11.3134 44.4932
9.6 11.3134 44.4932
9.7 11.3134 44.4931
9.8 11.3134 44.4931
9.9 11.3134 44.4931
10 11.3133 44.4931
10.1 11.3133 44.4931
10.2 11.3133 44.4931
10.3 11.3133 44.4931
10.4 11.3133 44.4931
10.5 11.3133 44.4931
10.6 11.3133 44.4931
10.7 11.3133 44.4931
10.8 11.3133 44.4931
10.9 11.3132 44.4931
11 11.3132 44.4931
11.1 11.3132 44.4931
11.2 11.3132 44.4931
11.3 11.3132 44.4931
11.4 11.3132 44.4931
11.5 11.3132 44.4931
11.6 11.3132 44.4931
11.7 11.3132 44.4931
11.8 11.3131 44.4931
11.9 11.3131 44.4931
12 11.3131 44.4931
12.1 11.3131 44.4931
12.2 11.3131 44.4931
12.3 11.3131 44.4931
12.4 11.3131 44.4931
12.5 11.3131 44.4931
12.6 11.3131 44.4931
12.7 11.313 44.4931
12.8 11.313 44.4931
12.9 11.313 44.4931
13 11.313 44.4931
13.1 11.313 44.4931
13.2 11.313 44.4931
13.3 11.313 44.4931
13.4 11.313 44.4931
13.5 11.3129 44.4931
13.6 11.3129 44.4931
13.7 11.3129 44.4931
13.8 11.3129 44.4931
13.9 11.3129 44.4931
14 11.3129 44.4931
14.1 11.3129 44.4931
14.2 11.3129 44.4931
14.3 11.3129 44.4931
14.4 11.3128 44.4931
14.5 11.3128 44.4931
14.6 11.3128 44.4931
14.7 11.3128 44.4931
14.8 11.3128 44.4931
14.9 11.3128 44.4931
15 11.3128 44.4931
15.1 11.3128 44.4931
15.2 11.3128 44.4931
15.3 11.3127 44.4931
15.4 11.3127 44.4931
15.5 11.3127 44.4931
15.6 11.3127 44.4931
15.7 11.3127 44.4931
15.8 11.3127 44.4931
15.9 11.3127 44.4931
16 11.3127 44.4931
16.1 11.3127 44.4931
16.2 11.3126 44.4931
16.3 11.3126 44.4931
16.4 11.3126 44.4931
16.5 11.3126 44.4931
16.6 11.3126 44.4931
16.7 11.3126 44.4931
16.8 11.3126 44.4931
16.9 11.3126 44.4931
17 11.3126 44.4931
17.1 11.3125 44.4931
17.2 11.3125 44.4931
17.3 11.3125 44.4931
17.4 11.3125 44.4931
17.5 11.3125 44.4931
17.6 11.3125 44.4931
17.7 11.3125 44.4931
17.8 11.3125 44.4931
17.9 11.3125 44.4931
18 11.3124 44.4931
18.1 11.3124 44.4931
18.2 11.3124 44.4931
18.3 11.3124 44.4931
18.4 11.3124 44.4931
18.5 11.3124 44.4931
18.6 11.3124 44.4931
18.7 11.3124 44.4931
18.8 11.3124 44.4931
18.9 11.3123 44.4931
19 11.3123 44.4931
19.1 11.3123 44.4931
19.2 11.3123 44.4931
19.3 11.3123 44.4931
19.4 11.3123 44.4931
19.5 11.3123 44.4931
19.6 11.3123 44.4931
19.7 11.3123 44.4931
19.8 11.3122 44.4931
19.9 11.3122 44.4931
20 11.3122 44.4931
20.1 11.3122 44.4931
20.2 11.3122 44.4931
20.3 11.3122 44.4931
20.4 11.3122 44.4931
20.5 11.3122 44.4931
20.6 11.3122 44.493
20.7 11.3121 44.493
20.8 11.3121 44.493
20.9 11.3121 44.493
21 11.3121 44.493
21.1 11.3121 44.493
21.2 11.3121 44.493
21.3 11.3121 44.493
21.4 11.3121 44.493
21.5 11.3121 44.493
21.6 11.312 44.493
21.7 11.312 44.493
21.8 11.312 44.493
21.9 11.312 44.493
22 11.312 44.493
22.1 11.312 44.493
22.2 11.312 44.493
22.3 11.312 44.4931
22.4 11.312 44.4931
22.5 11.312 44.4931
22.6 11.312 44.4931
22.7 11.312 44.4931
22.8 11.312 44.4931
22.9 11.312 44.4931
23 11.312 44.4931
23.1 11.312 44.4931
23.2 11.312 44.4931
23.3 11.312 44.4931
23.4 11.312 44.4931
23.5 11.312 44.4931
23.6 11.312 44.4931
23.7 11.312 44.4931
23.8 11.312 44.4932
23.9 11.312 44.4932
24 11.312 44.4932
24.1 11.3119 44.4932
24.2 11.3119 44.4932
24.3 11.3119 44.4932
24.4 11.3119 44.4932
24.5 11.3119 44.4932
24.6 11.3119 44.4932
24.7 11.3119 44.4932
24.8 11.3119 44.4932
24.9 11.3119 44.4933
25 11.3119 44.4933
25.1 11.3119 44.4933
25.2 11.3119 44.4933
25.3 11.3119 44.4933
25.4 11.3119 44.4933
25.5 11.3119 44.4933
25.6 11.3119 44.4933
25.7 11.3119 44.4933
25.8 11.3119 44.4933
25.9 11.3119 44.4934
26 11.3119 44.4934
26.1 11.3119 44.4934
26.2 11.3119 44.4934
26.3 11.3119 44.4934
26.4 11.3119 44.4934
26.5 11.3119 44.4934
26.6 11.3119 44.4934
26.7 11.3119 44.4935
26.8 11.3119 44.4935
26.9 11.3119 44.4935
27 11.3119 44.4935
27.1 11.3119 44.4935
27.2 11.3119 44.4935
27.3 11.3119 44.4935
27.4 11.3119 44.4936
27.5 11.3119 44.4936
27.6 11.3119 44.4936
27.7 11.3119 44.4936
27.8 11.3119 44.4936
27.9 11.3119 44.4936
28 11.3119 44.4936
28.1 11.3119 44.4936
28.2 11.3119 44.4937
28.3 11.3119 44.4937
28.4 11.3119 44.4937
28.5 11.3119 44.4937
28.6 11.3119 44.4937
28.7 11.3119 44.4937
28.8 11.3119 44.4937
28.9 11.3119 44.4938
29 11.3119 44.4938
29.1 11.3119 44.4938
29.2 11.3119 44.4938
29.3 11.3119 44.4938
29.4 11.3119 44.4938
29.5 11.3119 44.4938
29.6 11.3119 44.4938
29.7 11.3119 44.4939
29.8 11.3118 44.4939
29.9 11.3118 44.4939
30 11.3118 44.4939
30.1 11.3118 44.4939
30.2 11.3118 44.4939
30.3 11.3118 44.4939
30.4 11.3118 44.4939
30.5 11.3118 44.4939
30.6 11.3118 44.494
30.7 11.3118 44.494
30.8 11.3118 44.494
30.9 11.3118 44.494
31 11.3118 44.494
31.1 11.3118 44.494
31.2 11.3118 44.494
31.3 11.3118 44.494
31.4 11.3118 44.494
31.5 11.3118 44.494
31.6 11.3118 44.494
31.7 11.3118 44.494
31.8 11.3118 44.494
31.9 11.3118 44.494
32 11.3118 44.4941
32.1 11.3118 44.4941
32.2 11.3118 44.4941
32.3 11.3118 44.4941
32.4 11.3118 44.4941
32.5 11.3118 44.4941
32.6 11.3118 44.4941
32.7 11.3118 44.4941
32.8 11.3118 44.4941
32.9 11.3119 44.4941
33 11.3119 44.4941
33.1 11.3119 44.4941
33.2 11.3119 44.4941
33.3 11.3119 44.4941
33.4 11.3119 44.4941
33.5 11.3119 44.4941
33.6 11.3119 44.4941
33.7 11.3119 44.4941
33.8 11.3119 44.4941
33.9 11.3119 44.4941
34 11.312 44.4941
34.1 11.312 44.4941
34.2 11.312 44.4941
34.3 11.312 44.4941
34.4 11.312 44.4941
34.5 11.312 44.4941
34.6 11.312 44.4941
34.7 11.312 44.4941
34.8 11.312 44.4941
34.9 11.3121 44.4941
35 11.3121 44.4941
35.1 11.3121 44.4941
35.2 11.3121 44.4941
35.3 11.3121 44.4941
35.4 11.3121 44.4941
35.5 11.3121 44.4941
35.6 11.3122 44.4941
35.7 11.3122 44.4941
35.8 11.3122 44.4941
35.9 11.3122 44.4942
36 11.3122 44.4942
36.1 11.3122 44.4942
36.2 11.3122 44.4942
36.3 11.3123 44.4942
36.4 11.3123 44.4942
36.5 11.3123 44.4942
36.6 11.3123 44.4942
36.7 11.3123 44.4942
36.8 11.3123 44.4942
36.9 11.3124 44.4942
37 11.3124 44.4942
37.1 11.3124 44.4942
37.2 11.3124 44.4942
37.3 11.3124 44.4942
37.4 11.3125 44.4942
37.5 11.3125 44.4942
37.6 11.3125 44.4942
37.7 11.3125 44.4942
37.8 11.3125 44.4942
37.9 11.3125 44.4942
38 11.3126 44.4942
38.1 11.3126 44.4942
38.2 11.3126 44.4942
38.3 11.3126 44.4942
38.4 11.3126 44.4942
38.5 11.3127 44.4943
38.6 11.3127 44.4943
38.7 11.3127 44.4943
38.8 11.3127 44.4943
38.9 11.3127 44.4943
39 11.3128 44.4943
39.1 11.3128 44.4943
39.2 11.3128 44.4943
39.3 11.3128 44.4943
39.4 11.3129 44.4943
39.5 11.3129 44.4943
39.6 11.3129 44.4943
39.7 11.3129 44.4943
39.8 11.313 44.4943
39.9 11.313 44.4943
40 11.313 44.4943
40.1 11.313 44.4943
40.2 11.313 44.4943
40.3 11.3131 44.4944
40.4 11.3131 44.4944
40.5 11.3131 44.4944
40.6 11.3131 44.4944
40.7 11.3132 44.4944
40.8 11.3132 44.4944
40.9 11.3132 44.4944
41 11.3132 44.4944
41.1 11.3133 44.4944
41.2 11.3133 44.4944
41.3 11.3133 44.4944
41.4 11.3134 44.4944
41.5 11.3134 44.4944
41.6 11.3134 44.4944
41.7 11.3134 44.4944
41.8 11.3135 44.4944
41.9 11.3135 44.4945
42 11.3135 44.4945
42.1 11.3136 44.4945
42.2 11.3136 44.4945
42.3 11.3136 44.4945
42.4 11.3136 44.4945
42.5 11.3137 44.4945
42.6 11.3137 44.4945
42.7 11.3137 44.4945
42.8 11.3137 44.4945
42.9 11.3138 44.4945
43 11.3138 44.4945
43.1 11.3138 44.4945
43.2 11.3138 44.4945
43.3 11.3139 44.4945
43.4 11.3139 44.4945
43.5 11.3139 44.4945
43.6 11.3139 44.4945
43.7 11.314 44.4945
43.8 11.314 44.4945
43.9 11.314 44.4945
44 11.314 44.4944
44.1 11.314 44.4944
44.2 11.314 44.4944
44.3 11.314 44.4944
44.4 11.314 44.4944
44.5 11.314 44.4944
44.6 11.3141 44.4944
44.7 11.3141 44.4944
44.8 11.3141 44.4943
44.9 11.3141 44.4943
45 11.3141 44.4943
45.1 11.3141 44.4943
45.2 11.3141 44.4943
45.3 11.3141 44.4943
45.4 11.314 44.4943
45.5 11.314 44.4943
45.6 11.314 44.4942
45.7 11.314 44.4942
45.8 11.314 44.4942
45.9 11.314 44.4942
46 11.314 44.4942
46.1 11.314 44.4942
46.2 11.314 44.4942
46.3 11.314 44.4942
46.4 11.314 44.4941
46.5 11.314 44.4941
46.6 11.314 44.4941
46.7 11.3139 44.4941
46.8 11.3139 44.4941
46.9 11.3139 44.4941
47 11.3139 44.4941
47.1 11.3139 44.494
47.2 11.3139 44.494
47.3 11.3139 44.494
47.4 11.3139 44.494
47.5 11.3139 44.494
47.6 11.3139 44.494
47.7 11.3139 44.494
47.8 11.3139 44.494
47.9 11.3138 44.4939
48 11.3138 44.4939
48.1 11.3138 44.4939
48.2 11.3138 44.4939
48.3 11.3138 44.4939
48.4 11.3138 44.4939
48.5 11.3138 44.4939
48.6 11.3138 44.4939
48.7 11.3138 44.4939
48.8 11.3138 44.4938
48.9 11.3138 44.4938
49 11.3138 44.4938
49.1 11.3138 44.4938
49.2 11.3138 44.4938
49.3 11.3138 44.4938
49.4 11.3138 44.4938
49.5 11.3137 44.4938
49.6 11.3137 44.4938
49.7 11.3137 44.4938
49.8 11.3137 44.4938
49.9 11.3137 44.4938
50 11.3137 44.4938
50.1 11.3137 44.4938
50.2 11.3137 44.4938
50.3 11.3137 44.4938
50.4 11.3137 44.4938
50.5 11.3137 44.4938
50.6 11.3137 44.4937
50.7 11.3137 44.4937
50.8 11.3137 44.4937
50.9 11.3137 44.4937
51 11.3137 44.4937
51.1 11.3137 44.4937
51.2 11.3137 44.4937
51.3 11.3138 44.4937
51.4 11.3138 44.4937
51.5 11.3138 44.4937
51.6 11.3138 44.4938
51.7 11.3138 44.4938
51.8 11.3138 44.4938
51.9 11.3138 44.4938
52 11.3138 44.4938
52.1 11.3138 44.4938
52.2 11.3138 44.4938
52.3 11.3138 44.4938
52.4 11.3138 44.4938
52.5 11.3138 44.4938
52.6 11.3138 44.4938
52.7 11.3138 44.4938
52.8 11.3138 44.4938
52.9 11.3138 44.4938
53 11.3138 44.4938
53.1 11.3138 44.4938
53.2 11.3138 44.4938
53.3 11.3138 44.4938
53.4 11.3138 44.4938
53.5 11.3138 44.4938
53.6 11.3138 44.4939
53.7 11.3138 44.4939
53.8 11.3138 44.4939
53.9 11.3138 44.4939
54 11.3138 44.4939
54.1 11.3139 44.4939
54.2 11.3139 44.4939
54.3 11.3139 44.4939
54.4 11.3139 44.4939
54.5 11.3139 44.4939
54.6 11.3139 44.4939
54.7 11.3139 44.4939
54.8 11.3139 44.4939
54.9 11.3139 44.494
55 11.3139 44.494
55.1 11.3139 44.494
55.2 11.3139 44.494
55.3 11.3139 44.494
55.4 11.3139 44.494
55.5 11.3139 44.494
55.6 11.3139 44.494
55.7 11.3139 44.494
55.8 11.3139 44.494
55.9 11.314 44.494
56 11.314 44.4941
56.1 11.314 44.4941
56.2 11.314 44.4941
56.3 11.314 44.4941
56.4 11.314 44.4941
56.5 11.314 44.4941
56.6 11.314 44.4941
56.7 11.314 44.4941
56.8 11.314 44.4941
56.9 11.314 44.4942
57 11.314 44.4942
57.1 11.314 44.4942
57.2 11.3141 44.4942
57.3 11.3141 44.4942
57.4 11.3141 44.4942
57.5 11.3141 44.4942
57.6 11.3141 44.4942
57.7 11.3141 44.4943
57.8 11.3141 44.4943
57.9 11.3141 44.4943
58 11.3141 44.4943
58.1 11.3141 44.4943
58.2 11.3141 44.4943
58.3 11.3142 44.4943
58.4 11.3142 44.4943
58.5 11.3142 44.4943
58.6 11.3142 44.4943
58.7 11.3142 44.4943
58.8 11.3142 44.4944
58.9 11.3142 44.4944
59 11.3142 44.4944
59.1 11.3142 44.4944
59.2 11.3142 44.4944
59.3 11.3142 44.4944
59.4 11.3142 44.4944
59.5 11.3142 44.4944
59.6 11.3142 44.4944
59.7 11.3143 44.4944
59.8 11.3143 44.4944
59.9 11.3143 44.4944
60 11.3143 44.4944
60.1 11.3143 44.4945
60.2 11.3143 44.4945
60.3 11.3143 44.4945
60.4 11.3143 44.4945
60.5 11.3143 44.4945
60.6 11.3143 44.4945
60.7 11.3143 44.4945
60.8 11.3144 44.4945
60.9 11.3144 44.4945
61 11.3144 44.4945
61.1 11.3144 44.4945
61.2 11.3144 44.4945
61.3 11.3144 44.4945
61.4 11.3144 44.4945
61.5 11.3144 44.4945
61.6 11.3144 44.4945
61.7 11.3144 44.4945
61.8 11.3145 44.4945
61.9 11.3145 44.4945
62 11.3145 44.4945
62.1 11.3145 44.4945
62.2 11.3145 44.4945
62.3 11.3145 44.4945
62.4 11.3145 44.4945
62.5 11.3145 44.4945
62.6 11.3145 44.4945
62.7 11.3145 44.4945
62.8 11.3145 44.4944
62.9 11.3145 44.4944
63 11.3145 44.4944
63.1 11.3146 44.4944
63.2 11.3146 44.4944
63.3 11.3146 44.4944
63.4 11.3146 44.4944
63.5 11.3146 44.4944
63.6 11.3146 44.4944
63.7 11.3146 44.4944
63.8 11.3146 44.4944
63.9 11.3146 44.4944
64 11.3146 44.4944
64.1 11.3146 44.4944
64.2 11.3146 44.4944
64.3 11.3146 44.4944
64.4 11.3147 44.4944
64.5 11.3147 44.4943
64.6 11.3147 44.4943
64.7 11.3147 44.4943
64.8 11.3147 44.4943
64.9 11.3147 44.4943
65 11.3147 44.4943
65.1 11.3147 44.4943
65.2 11.3147 44.4943
65.3 11.3147 44.4943
65.4 11.3147 44.4943
65.5 11.3147 44.4943
65.6 11.3148 44.4943
65.7 11.3148 44.4943
65.8 11.3148 44.4943
65.9 11.3148 44.4943
66 11.3148 44.4943
66.1 11.3148 44.4943
66.2 11.3148 44.4942
66.3 11.3148 44.4942
66.4 11.3148 44.4942
66.5 11.3148 44.4942
66.6 11.3148 44.4942
66.7 11.3148 44.4942
66.8 11.3148 44.4942
66.9 11.3149 44.4942
67 11.3149 44.4942
67.1 11.3149 44.4942
67.2 11.3149 44.4942
67.3 11.3149 44.4942
67.4 11.3149 44.4942
67.5 11.3149 44.4942
67.6 11.3149 44.4942
67.7 11.3149 44.4942
67.8 11.3149 44.4941
67.9 11.3149 44.4941
68 11.3149 44.4941
68.1 11.3149 44.4941
68.2 11.315 44.4941
68.3 11.315 44.4941
68.4 11.315 44.4941
68.5 11.315 44.4941
68.6 11.315 44.4941
68.7 11.315 44.4941
68.8 11.315 44.4941
68.9 11.315 44.4941
69 11.315 44.4941
69.1 11.315 44.4941
69.2 11.315 44.4941
69.3 11.315 44.4941
69.4 11.315 44.4941
69.5 11.3151 44.494
69.6 11.3151 44.494
69.7 11.3151 44.494
69.8 11.3151 44.494
69.9 11.3151 44.494
70 11.3151 44.494
70.1 11.3151 44.494
70.2 11.3151 44.494
70.3 11.3151 44.494
70.4 11.3151 44.494
70.5 11.3151 44.494
70.6 11.3151 44.494
70.7 11.3151 44.494
70.8 11.3151 44.494
70.9 11.3151 44.494
71 11.3151 44.494
71.1 11.3151 44.494
71.2 11.3151 44.494
71.3 11.3151 44.494
71.4 11.3151 44.4939
71.5 11.3151 44.4939
71.6 11.3151 44.4939
71.7 11.3151 44.4939
71.8 11.3151 44.4939
71.9 11.3151 44.4939
72 11.3151 44.4939
72.1 11.3151 44.4939
72.2 11.3151 44.4939
72.3 11.3151 44.4939
72.4 11.3151 44.4939
72.5 11.3151 44.4939
72.6 11.3151 44.4939
72.7 11.3151 44.4939
72.8 11.315 44.4939
72.9 11.315 44.4939
73 11.315 44.4939
73.1 11.315 44.4939
73.2 11.315 44.4939
73.3 11.315 44.4938
73.4 11.315 44.4938
73.5 11.315 44.4938
73.6 11.315 44.4938
73.7 11.315 44.4938
73.8 11.315 44.4938
73.9 11.315 44.4938
74 11.315 44.4938
74.1 11.3149 44.4938
74.2 11.3149 44.4938
74.3 11.3149 44.4938
74.4 11.3149 44.4938
74.5 11.3149 44.4938
74.6 11.3149 44.4938
74.7 11.3149 44.4938
74.8 11.3149 44.4938
74.9 11.3149 44.4937
75 11.3149 44.4937
75.1 11.3149 44.4937
75.2 11.3149 44.4937
75.3 11.3149 44.4937
75.4 11.3149 44.4937
75.5 11.3148 44.4937
75.6 11.3148 44.4937
75.7 11.3148 44.4937
75.8 11.3148 44.4937
75.9 11.3148 44.4937
76 11.3148 44.4937
76.1 11.3148 44.4937
76.2 11.3148 44.4937
76.3 11.3148 44.4937
76.4 11.3148 44.4937
76.5 11.3148 44.4936
76.6 11.3148 44.4936
76.7 11.3148 44.4936
76.8 11.3148 44.4936
76.9 11.3148 44.4936
77 11.3147 44.4936
77.1 11.3147 44.4936
77.2 11.3147 44.4936
77.3 11.3147 44.4936
77.4 11.3147 44.4936
77.5 11.3147 44.4936
77.6 11.3147 44.4936
77.7 11.3147 44.4936
77.8 11.3147 44.4936
77.9 11.3147 44.4936
78 11.3147 44.4935
78.1 11.3147 44.4935
78.2 11.3147 44.4935
78.3 11.3147 44.4935
78.4 11.3147 44.4935
78.5 11.3146 44.4935
78.6 11.3146 44.4935
78.7 11.3146 44.4935
78.8 11.3146 44.4935
78.9 11.3146 44.4935
79 11.3146 44.4935
79.1 11.3146 44.4935
79.2 11.3146 44.4935
79.3 11.3146 44.4935
79.4 11.3146 44.4935
79.5 11.3146 44.4934
79.6 11.3146 44.4934
79.7 11.3146 44.4934
79.8 11.3146 44.4934
79.9 11.3146 44.4934
80 11.3146 44.4934
80.1 11.3146 44.4934
80.2 11.3145 44.4934
80.3 11.3145 44.4934
80.4 11.3145 44.4934
80.5 11.3145 44.4934
80.6 11.3145 44.4934
80.7 11.3145 44.4934
80.8 11.3145 44.4934
80.9 11.3145 44.4933
81 11.3145 44.4933
81.1 11.3145 44.4933
81.2 11.3145 44.4933
81.3 11.3145 44.4933
81.4 11.3145 44.4933
81.5 11.3145 44.4933
81.6 11.3145 44.4933
81.7 11.3145 44.4933
81.8 11.3145 44.4933
81.9 11.3145 44.4933
82 11.3145 44.4933
82.1 11.3145 44.4933
82.2 11.3145 44.4933
82.3 11.3145 44.4933
82.4 11.3145 44.4933
82.5 11.3145 44.4932
82.6 11.3145 44.4932
82.7 11.3145 44.4932
82.8 11.3145 44.4932
82.9 11.3145 44.4932
83 11.3145 44.4932
83.1 11.3145 44.4932
83.2 11.3145 44.4932
83.3 11.3145 44.4932
83.4 11.3145 44.4932
83.5 11.3145 44.4932
83.6 11.3145 44.4932
83.7 11.3145 44.4932
83.8 11.3145 44.4932
83.9 11.3145 44.4932
84 11.3146 44.4932
84.1 11.3146 44.4932
84.2 11.3146 44.4932
84.3 11.3146 44.4932
84.4 11.3146 44.4932
84.5 11.3146 44.4932
84.6 11.3146 44.4932
84.7 11.3146 44.4932
84.8 11.3146 44.4932
84.9 11.3146 44.4932
85 11.3147 44.4932
85.1 11.3147 44.4932
85.2 11.3147 44.4932
85.3 11.3147 44.4932
85.4 11.3147 44.4932
85.5 11.3147 44.4932
85.6 11.3147 44.4932
85.7 11.3147 44.4932
85.8 11.3147 44.4932
85.9 11.3148 44.4932
86 11.3148 44.4932
86.1 11.3148 44.4932
86.2 11.3148 44.4932
86.3 11.3148 44.4932
86.4 11.3148 44.4932
86.5 11.3148 44.4932
86.6 11.3148 44.4932
86.7 11.3148 44.4932
86.8 11.3149 44.4932
86.9 11.3149 44.4932
87 11.3149 44.4932
87.1 11.3149 44.4932
87.2 11.3149 44.4932
87.3 11.3149 44.4932
87.4 11.3149 44.4932
87.5 11.3149 44.4932
87.6 11.3149 44.4932
87.7 11.3149 44.4932
87.8 11.3149 44.4932
87.9 11.315 44.4932
88 11.315 44.4932
88.1 11.315 44.4932
88.2 11.315 44.4932
88.3 11.315 44.4932
88.4 11.315 44.4932
88.5 11.315 44.4932
88.6 11.315 44.4932
88.7 11.315 44.4932
88.8 11.3151 44.4932
88.9 11.3151 44.4932
89 11.3151 44.4932
89.1 11.3151 44.4932
89.2 11.3151 44.4932
89.3 11.3151 44.4932
89.4 11.3151 44.4932
89.5 11.3151 44.4932
89.6 11.3151 44.4932
89.7 11.3152 44.4932
89.8 11.3152 44.4932
89.9 11.3152 44.4933
