0 11.3119 44.4934
0.1 11.3119 44.4934
0.2 11.3119 44.4934
0.3 11.3119 44.4934
0.4 11.3119 44.4934
0.5 11.3119 44.4934
0.6 11.3119 44.4934
0.7 11.3119 44.4935
0.8 11.3119 44.4935
0.9 11.3119 44.4935
1 11.3119 44.4935
1.1 11.3119 44.4935
1.2 11.3119 44.4935
1.3 11.3119 44.4935
1.4 11.3119 44.4935
1.5 11.3119 44.4935
1.6 11.3119 44.4936
1.7 11.3119 44.4936
1.8 11.3119 44.4936
1.9 11.3119 44.4936
2 11.3119 44.4936
2.1 11.3119 44.4936
2.2 11.3119 44.4936
2.3 11.3119 44.4936
2.4 11.3119 44.4936
2.5 11.3119 44.4937
2.6 11.3119 44.4937
2.7 11.3119 44.4937
2.8 11.3119 44.4937
2.9 11.3119 44.4937
3 11.3119 44.4937
3.1 11.3119 44.4937
3.2 11.3119 44.4937
3.3 11.3119 44.4937
3.4 11.3119 44.4938
3.5 11.3119 44.4938
3.6 11.3119 44.4938
3.7 11.3119 44.4938
3.8 11.3119 44.4938
3.9 11.3119 44.4938
4 11.3119 44.4938
4.1 11.3119 44.4938
4.2 11.3119 44.4938
4.3 11.3119 44.4939
4.4 11.3118 44.4939
4.5 11.3118 44.4939
4.6 11.3118 44.4939
4.7 11.3118 44.4939
4.8 11.3118 44.4939
4.9 11.3118 44.4939
5 11.3118 44.4939
5.1 11.3118 44.4939
5.2 11.3118 44.4939
5.3 11.3118 44.494
5.4 11.3118 44.494
5.5 11.3118 44.494
5.6 11.3118 44.494
5.7 11.3118 44.494
5.8 11.3118 44.494
5.9 11.3118 44.494
6 11.3118 44.494
6.1 11.3118 44.494
6.2 11.3118 44.494
6.3 11.3118 44.494
6.4 11.3118 44.494
6.5 11.3118 44.494
6.6 11.3118 44.494
6.7 11.3118 44.494
6.8 11.3118 44.494
6.9 11.3118 44.494
7 11.3118 44.494
7.1 11.3118 44.494
7.2 11.3118 44.4941
7.3 11.3118 44.4941
7.4 11.3118 44.4941
7.5 11.3118 44.4941
7.6 11.3118 44.4941
7.7 11.3118 44.4941
7.8 11.3118 44.4941
7.9 11.3118 44.4941
8 11.3118 44.4941
8.1 11.3118 44.4941
8.2 11.3118 44.4941
8.3 11.3118 44.4941
8.4 11.3118 44.4941
8.5 11.3118 44.4941
8.6 11.3118 44.4941
8.7 11.3118 44.4941
8.8 11.3118 44.4941
8.9 11.3118 44.4941
9 11.3118 44.4941
9.1 11.3118 44.4941
9.2 11.3118 44.4941
9.3 11.3118 44.4941
9.4 11.3118 44.4941
9.5 11.3118 44.4941
9.6 11.3118 44.4941
9.7 11.3118 44.4941
9.8 11.3118 44.4941
9.9 11.3118 44.4941
10 11.3118 44.4941
10.1 11.3118 44.4941
10.2 11.3118 44.4941
10.3 11.3118 44.4941
10.4 11.3118 44.4941
10.5 11.3118 44.4941
10.6 11.3118 44.4941
10.7 11.3118 44.4941
10.8 11.3118 44.4941
10.9 11.3119 44.4941
11 11.3119 44.4941
11.1 11.3119 44.4941
11.2 11.3119 44.4941
11.3 11.3119 44.4941
11.4 11.3119 44.4941
11.5 11.3119 44.4941
11.6 11.3119 44.4941
11.7 11.3119 44.4941
11.8 11.3119 44.4941
11.9 11.3119 44.4941
12 11.3119 44.4941
12.1 11.3119 44.4941
12.2 11.312 44.4941
12.3 11.312 44.4941
12.4 11.312 44.4941
12.5 11.312 44.4941
12.6 11.312 44.4941
12.7 11.312 44.4941
12.8 11.312 44.4941
12.9 11.312 44.4941
13 11.312 44.4941
13.1 11.312 44.4941
13.2 11.3121 44.4941
13.3 11.3121 44.4941
13.4 11.3121 44.4941
13.5 11.3121 44.4941
13.6 11.3121 44.4941
13.7 11.3121 44.4941
13.8 11.3121 44.4941
13.9 11.3121 44.4941
14 11.3122 44.4941
14.1 11.3122 44.4941
14.2 11.3122 44.4942
14.3 11.3122 44.4942
14.4 11.3122 44.4942
14.5 11.3122 44.4942
14.6 11.3122 44.4942
14.7 11.3123 44.4942
14.8 11.3123 44.4942
14.9 11.3123 44.4942
15 11.3123 44.4942
15.1 11.3123 44.4942
15.2 11.3123 44.4942
15.3 11.3124 44.4942
15.4 11.3124 44.4942
15.5 11.3124 44.4942
15.6 11.3124 44.4942
15.7 11.3124 44.4942
15.8 11.3124 44.4942
15.9 11.3125 44.4942
16 11.3125 44.4942
16.1 11.3125 44.4942
16.2 11.3125 44.4942
16.3 11.3125 44.4942
16.4 11.3125 44.4942
16.5 11.3126 44.4942
16.6 11.3126 44.4942
16.7 11.3126 44.4942
16.8 11.3126 44.4942
16.9 11.3126 44.4942
17 11.3127 44.4942
17.1 11.3127 44.4943
17.2 11.3127 44.4943
17.3 11.3127 44.4943
17.4 11.3127 44.4943
17.5 11.3128 44.4943
17.6 11.3128 44.4943
17.7 11.3128 44.4943
17.8 11.3128 44.4943
17.9 11.3128 44.4943
18 11.3129 44.4943
18.1 11.3129 44.4943
18.2 11.3129 44.4943
18.3 11.3129 44.4943
18.4 11.3129 44.4943
18.5 11.313 44.4943
18.6 11.313 44.4943
18.7 11.313 44.4943
18.8 11.313 44.4943
18.9 11.3131 44.4944
19 11.3131 44.4944
19.1 11.3131 44.4944
19.2 11.3131 44.4944
19.3 11.3132 44.4944
19.4 11.3132 44.4944
19.5 11.3132 44.4944
19.6 11.3132 44.4944
19.7 11.3133 44.4944
19.8 11.3133 44.4944
19.9 11.3133 44.4944
20 11.3133 44.4944
20.1 11.3134 44.4944
20.2 11.3134 44.4944
20.3 11.3134 44.4944
20.4 11.3135 44.4944
20.5 11.3135 44.4945
20.6 11.3135 44.4945
20.7 11.3135 44.4945
20.8 11.3136 44.4945
20.9 11.3136 44.4945
21 11.3136 44.4945
21.1 11.3137 44.4945
21.2 11.3137 44.4945
21.3 11.3137 44.4945
21.4 11.3137 44.4945
21.5 11.3138 44.4945
21.6 11.3138 44.4945
21.7 11.3138 44.4945
21.8 11.3138 44.4945
21.9 11.3138 44.4945
22 11.3139 44.4945
22.1 11.3139 44.4945
22.2 11.3139 44.4945
22.3 11.3139 44.4945
22.4 11.3139 44.4945
22.5 11.314 44.4945
22.6 11.314 44.4945
22.7 11.314 44.4945
22.8 11.314 44.4944
22.9 11.314 44.4944
23 11.314 44.4944
23.1 11.314 44.4944
23.2 11.314 44.4944
23.3 11.314 44.4944
23.4 11.314 44.4944
23.5 11.3141 44.4944
23.6 11.3141 44.4944
23.7 11.3141 44.4944
23.8 11.3141 44.4943
23.9 11.3141 44.4943
24 11.3141 44.4943
24.1 11.3141 44.4943
24.2 11.3141 44.4943
24.3 11.3141 44.4943
24.4 11.3141 44.4943
24.5 11.314 44.4943
24.6 11.314 44.4943
24.7 11.314 44.4943
24.8 11.314 44.4942
24.9 11.314 44.4942
25 11.314 44.4942
25.1 11.314 44.4942
25.2 11.314 44.4942
25.3 11.314 44.4942
25.4 11.314 44.4942
25.5 11.314 44.4942
25.6 11.314 44.4942
25.7 11.314 44.4941
25.8 11.314 44.4941
25.9 11.314 44.4941
26 11.314 44.4941
26.1 11.3139 44.4941
26.2 11.3139 44.4941
26.3 11.3139 44.4941
26.4 11.3139 44.4941
26.5 11.3139 44.494
26.6 11.3139 44.494
26.7 11.3139 44.494
26.8 11.3139 44.494
26.9 11.3139 44.494
27 11.3139 44.494
27.1 11.3139 44.494
27.2 11.3139 44.494
27.3 11.3138 44.4939
27.4 11.3138 44.4939
27.5 11.3138 44.4939
27.6 11.3138 44.4939
27.7 11.3138 44.4939
27.8 11.3138 44.4939
27.9 11.3138 44.4939
28 11.3138 44.4939
28.1 11.3138 44.4939
28.2 11.3138 44.4939
28.3 11.3138 44.4938
28.4 11.3138 44.4938
28.5 11.3138 44.4938
28.6 11.3138 44.4938
28.7 11.3138 44.4938
28.8 11.3138 44.4938
28.9 11.3138 44.4938
29 11.3137 44.4938
29.1 11.3137 44.4938
29.2 11.3137 44.4938
29.3 11.3137 44.4938
29.4 11.3137 44.4938
29.5 11.3137 44.4938
29.6 11.3137 44.4938
29.7 11.3137 44.4938
29.8 11.3137 44.4938
29.9 11.3137 44.4938
30 11.3137 44.4938
30.1 11.3137 44.4938
30.2 11.3137 44.4937
30.3 11.3137 44.4937
30.4 11.3137 44.4937
30.5 11.3137 44.4937
30.6 11.3137 44.4937
30.7 11.3137 44.4937
30.8 11.3137 44.4937
30.9 11.3137 44.4937
31 11.3138 44.4937
31.1 11.3138 44.4937
31.2 11.3138 44.4937
31.3 11.3138 44.4937
31.4 11.3138 44.4937
31.5 11.3138 44.4938
31.6 11.3138 44.4938
31.7 11.3138 44.4938
31.8 11.3138 44.4938
31.9 11.3138 44.4938
32 11.3138 44.4938
32.1 11.3138 44.4938
32.2 11.3138 44.4938
32.3 11.3138 44.4938
32.4 11.3138 44.4938
32.5 11.3138 44.4938
32.6 11.3138 44.4938
32.7 11.3138 44.4938
32.8 11.3138 44.4938
32.9 11.3138 44.4938
33 11.3138 44.4938
33.1 11.3138 44.4938
33.2 11.3138 44.4938
33.3 11.3138 44.4938
33.4 11.3138 44.4938
33.5 11.3138 44.4938
33.6 11.3138 44.4938
33.7 11.3138 44.4939
33.8 11.3138 44.4939
33.9 11.3138 44.4939
34 11.3138 44.4939
34.1 11.3138 44.4939
34.2 11.3138 44.4939
34.3 11.3139 44.4939
34.4 11.3139 44.4939
34.5 11.3139 44.4939
34.6 11.3139 44.4939
34.7 11.3139 44.4939
34.8 11.3139 44.4939
34.9 11.3139 44.4939
35 11.3139 44.4939
35.1 11.3139 44.494
35.2 11.3139 44.494
35.3 11.3139 44.494
35.4 11.3139 44.494
35.5 11.3139 44.494
35.6 11.3139 44.494
35.7 11.3139 44.494
35.8 11.3139 44.494
35.9 11.3139 44.494
36 11.3139 44.494
36.1 11.314 44.494
36.2 11.314 44.4941
36.3 11.314 44.4941
36.4 11.314 44.4941
36.5 11.314 44.4941
36.6 11.314 44.4941
36.7 11.314 44.4941
36.8 11.314 44.4941
36.9 11.314 44.4941
37 11.314 44.4941
37.1 11.314 44.4941
37.2 11.314 44.4942
37.3 11.314 44.4942
37.4 11.3141 44.4942
37.5 11.3141 44.4942
37.6 11.3141 44.4942
37.7 11.3141 44.4942
37.8 11.3141 44.4942
37.9 11.3141 44.4942
38 11.3141 44.4943
38.1 11.3141 44.4943
38.2 11.3141 44.4943
38.3 11.3141 44.4943
38.4 11.3141 44.4943
38.5 11.3141 44.4943
38.6 11.3142 44.4943
38.7 11.3142 44.4943
38.8 11.3142 44.4943
38.9 11.3142 44.4943
39 11.3142 44.4944
39.1 11.3142 44.4944
39.2 11.3142 44.4944
39.3 11.3142 44.4944
39.4 11.3142 44.4944
39.5 11.3142 44.4944
39.6 11.3142 44.4944
39.7 11.3142 44.4944
39.8 11.3142 44.4944
39.9 11.3142 44.4944
40 11.3143 44.4944
40.1 11.3143 44.4944
40.2 11.3143 44.4944
40.3 11.3143 44.4944
40.4 11.3143 44.4944
40.5 11.3143 44.4945
40.6 11.3143 44.4945
40.7 11.3143 44.4945
40.8 11.3143 44.4945
40.9 11.3143 44.4945
41 11.3143 44.4945
41.1 11.3143 44.4945
41.2 11.3143 44.4945
41.3 11.3143 44.4945
41.4 11.3144 44.4945
41.5 11.3144 44.4945
41.6 11.3144 44.4945
41.7 11.3144 44.4945
41.8 11.3144 44.4945
41.9 11.3144 44.4945
42 11.3144 44.4945
42.1 11.3144 44.4945
42.2 11.3144 44.4945
42.3 11.3144 44.4945
42.4 11.3144 44.4945
42.5 11.3145 44.4945
42.6 11.3145 44.4945
42.7 11.3145 44.4945
42.8 11.3145 44.4945
42.9 11.3145 44.4945
43 11.3145 44.4945
43.1 11.3145 44.4945
43.2 11.3145 44.4945
43.3 11.3145 44.4945
43.4 11.3145 44.4945
43.5 11.3145 44.4945
43.6 11.3145 44.4945
43.7 11.3145 44.4944
43.8 11.3145 44.4944
43.9 11.3145 44.4944
44 11.3145 44.4944
44.1 11.3146 44.4944
44.2 11.3146 44.4944
44.3 11.3146 44.4944
44.4 11.3146 44.4944
44.5 11.3146 44.4944
44.6 11.3146 44.4944
44.7 11.3146 44.4944
44.8 11.3146 44.4944
44.9 11.3146 44.4944
45 11.3146 44.4944
45.1 11.3146 44.4944
45.2 11.3146 44.4944
45.3 11.3146 44.4944
45.4 11.3146 44.4944
45.5 11.3146 44.4944
45.6 11.3146 44.4944
45.7 11.3147 44.4944
45.8 11.3147 44.4943
45.9 11.3147 44.4943
46 11.3147 44.4943
46.1 11.3147 44.4943
46.2 11.3147 44.4943
46.3 11.3147 44.4943
46.4 11.3147 44.4943
46.5 11.3147 44.4943
46.6 11.3147 44.4943
46.7 11.3147 44.4943
46.8 11.3147 44.4943
46.9 11.3147 44.4943
47 11.3147 44.4943
47.1 11.3147 44.4943
47.2 11.3148 44.4943
47.3 11.3148 44.4943
47.4 11.3148 44.4943
47.5 11.3148 44.4943
47.6 11.3148 44.4943
47.7 11.3148 44.4943
47.8 11.3148 44.4943
47.9 11.3148 44.4942
48 11.3148 44.4942
48.1 11.3148 44.4942
48.2 11.3148 44.4942
48.3 11.3148 44.4942
48.4 11.3148 44.4942
48.5 11.3148 44.4942
48.6 11.3148 44.4942
48.7 11.3148 44.4942
48.8 11.3148 44.4942
48.9 11.3149 44.4942
49 11.3149 44.4942
49.1 11.3149 44.4942
49.2 11.3149 44.4942
49.3 11.3149 44.4942
49.4 11.3149 44.4942
49.5 11.3149 44.4942
49.6 11.3149 44.4942
49.7 11.3149 44.4942
49.8 11.3149 44.4942
49.9 11.3149 44.4942
50 11.3149 44.4941
50.1 11.3149 44.4941
50.2 11.3149 44.4941
50.3 11.3149 44.4941
50.4 11.3149 44.4941
50.5 11.315 44.4941
50.6 11.315 44.4941
50.7 11.315 44.4941
50.8 11.315 44.4941
50.9 11.315 44.4941
51 11.315 44.4941
51.1 11.315 44.4941
51.2 11.315 44.4941
51.3 11.315 44.4941
51.4 11.315 44.4941
51.5 11.315 44.4941
51.6 11.315 44.4941
51.7 11.315 44.4941
51.8 11.315 44.4941
51.9 11.315 44.4941
52 11.315 44.494
52.1 11.3151 44.494
52.2 11.3151 44.494
52.3 11.3151 44.494
52.4 11.3151 44.494
52.5 11.3151 44.494
52.6 11.3151 44.494
52.7 11.3151 44.494
52.8 11.3151 44.494
52.9 11.3151 44.494
53 11.3151 44.494
53.1 11.3151 44.494
53.2 11.3151 44.494
53.3 11.3151 44.494
53.4 11.3151 44.494
53.5 11.3151 44.494
53.6 11.3151 44.494
53.7 11.3151 44.494
53.8 11.3151 44.494
53.9 11.3151 44.494
54 11.3151 44.494
54.1 11.3151 44.494
54.2 11.3151 44.4939
54.3 11.3151 44.4939
54.4 11.3151 44.4939
54.5 11.3151 44.4939
54.6 11.3151 44.4939
54.7 11.3151 44.4939
54.8 11.3151 44.4939
54.9 11.3151 44.4939
55 11.3151 44.4939
55.1 11.3151 44.4939
55.2 11.3151 44.4939
55.3 11.3151 44.4939
55.4 11.3151 44.4939
55.5 11.3151 44.4939
55.6 11.3151 44.4939
55.7 11.3151 44.4939
55.8 11.315 44.4939
55.9 11.315 44.4939
56 11.315 44.4939
56.1 11.315 44.4939
56.2 11.315 44.4939
56.3 11.315 44.4939
56.4 11.315 44.4939
56.5 11.315 44.4938
56.6 11.315 44.4938
56.7 11.315 44.4938
56.8 11.315 44.4938
56.9 11.315 44.4938
57 11.315 44.4938
57.1 11.315 44.4938
57.2 11.315 44.4938
57.3 11.315 44.4938
57.4 11.3149 44.4938
57.5 11.3149 44.4938
57.6 11.3149 44.4938
57.7 11.3149 44.4938
57.8 11.3149 44.4938
57.9 11.3149 44.4938
58 11.3149 44.4938
58.1 11.3149 44.4938
58.2 11.3149 44.4938
58.3 11.3149 44.4938
58.4 11.3149 44.4938
58.5 11.3149 44.4937
58.6 11.3149 44.4937
58.7 11.3149 44.4937
58.8 11.3149 44.4937
58.9 11.3149 44.4937
59 11.3149 44.4937
59.1 11.3149 44.4937
59.2 11.3148 44.4937
59.3 11.3148 44.4937
59.4 11.3148 44.4937
59.5 11.3148 44.4937
59.6 11.3148 44.4937
59.7 11.3148 44.4937
59.8 11.3148 44.4937
59.9 11.3148 44.4937
60 11.3148 44.4937
60.1 11.3148 44.4937
60.2 11.3148 44.4937
60.3 11.3148 44.4936
60.4 11.3148 44.4936
60.5 11.3148 44.4936
60.6 11.3148 44.4936
60.7 11.3148 44.4936
60.8 11.3148 44.4936
60.9 11.3148 44.4936
61 11.3147 44.4936
61.1 11.3147 44.4936
61.2 11.3147 44.4936
61.3 11.3147 44.4936
61.4 11.3147 44.4936
61.5 11.3147 44.4936
61.6 11.3147 44.4936
61.7 11.3147 44.4936
61.8 11.3147 44.4936
61.9 11.3147 44.4936
62 11.3147 44.4936
62.1 11.3147 44.4936
62.2 11.3147 44.4935
62.3 11.3147 44.4935
62.4 11.3147 44.4935
62.5 11.3147 44.4935
62.6 11.3147 44.4935
62.7 11.3147 44.4935
62.8 11.3147 44.4935
62.9 11.3146 44.4935
63 11.3146 44.4935
63.1 11.3146 44.4935
63.2 11.3146 44.4935
63.3 11.3146 44.4935
63.4 11.3146 44.4935
63.5 11.3146 44.4935
63.6 11.3146 44.4935
63.7 11.3146 44.4935
63.8 11.3146 44.4935
63.9 11.3146 44.4935
64 11.3146 44.4935
64.1 11.3146 44.4934
64.2 11.3146 44.4934
64.3 11.3146 44.4934
64.4 11.3146 44.4934
64.5 11.3146 44.4934
64.6 11.3146 44.4934
64.7 11.3146 44.4934
64.8 11.3146 44.4934
64.9 11.3146 44.4934
65 11.3145 44.4934
65.1 11.3145 44.4934
65.2 11.3145 44.4934
65.3 11.3145 44.4934
65.4 11.3145 44.4934
65.5 11.3145 44.4934
65.6 11.3145 44.4934
65.7 11.3145 44.4934
65.8 11.3145 44.4933
65.9 11.3145 44.4933
66 11.3145 44.4933
66.1 11.3145 44.4933
66.2 11.3145 44.4933
66.3 11.3145 44.4933
66.4 11.3145 44.4933
66.5 11.3145 44.4933
66.6 11.3145 44.4933
66.7 11.3145 44.4933
66.8 11.3145 44.4933
66.9 11.3145 44.4933
67 11.3145 44.4933
67.1 11.3145 44.4933
67.2 11.3145 44.4933
67.3 11.3145 44.4933
67.4 11.3145 44.4933
67.5 11.3144 44.4932
67.6 11.3144 44.4932
67.7 11.3144 44.4932
67.8 11.3144 44.4932
67.9 11.3144 44.4932
68 11.3144 44.4932
68.1 11.3144 44.4932
68.2 11.3144 44.4932
68.3 11.3144 44.4932
68.4 11.3144 44.4932
68.5 11.3144 44.4932
68.6 11.3143 44.4932
68.7 11.3143 44.4932
68.8 11.3143 44.4932
68.9 11.3143 44.4932
69 11.3143 44.4932
69.1 11.3143 44.4932
69.2 11.3143 44.4932
69.3 11.3143 44.4932
69.4 11.3143 44.4932
69.5 11.3143 44.4932
69.6 11.3143 44.4932
69.7 11.3142 44.4932
69.8 11.3142 44.4932
69.9 11.3142 44.4932
70 11.3142 44.4932
70.1 11.3142 44.4932
70.2 11.3142 44.4932
70.3 11.3142 44.4932
70.4 11.3142 44.4932
70.5 11.3142 44.4932
70.6 11.3142 44.4932
70.7 11.3142 44.4932
70.8 11.3141 44.4932
70.9 11.3141 44.4932
71 11.3141 44.4932
71.1 11.3141 44.4932
71.2 11.3141 44.4932
71.3 11.3141 44.4932
71.4 11.3141 44.4932
71.5 11.3141 44.4932
71.6 11.3141 44.4932
71.7 11.3141 44.4932
71.8 11.3141 44.4932
71.9 11.314 44.4932
72 11.314 44.4932
72.1 11.314 44.4932
72.2 11.314 44.4932
72.3 11.314 44.4932
72.4 11.314 44.4932
72.5 11.314 44.4932
72.6 11.314 44.4932
72.7 11.314 44.4932
72.8 11.314 44.4932
72.9 11.314 44.4932
73 11.3139 44.4932
73.1 11.3139 44.4932
73.2 11.3139 44.4932
73.3 11.3139 44.4932
73.4 11.3139 44.4932
73.5 11.3139 44.4932
73.6 11.3139 44.4932
73.7 11.3139 44.4932
73.8 11.3139 44.4932
73.9 11.3139 44.4932
74 11.3139 44.4932
74.1 11.3138 44.4932
74.2 11.3138 44.4932
74.3 11.3138 44.4932
74.4 11.3138 44.4932
74.5 11.3138 44.4932
74.6 11.3138 44.4932
74.7 11.3138 44.4932
74.8 11.3138 44.4932
74.9 11.3138 44.4932
75 11.3138 44.4932
75.1 11.3138 44.4932
75.2 11.3137 44.4932
75.3 11.3137 44.4932
75.4 11.3137 44.4932
75.5 11.3137 44.4932
75.6 11.3137 44.4932
75.7 11.3137 44.4932
75.8 11.3137 44.4932
75.9 11.3137 44.4932
76 11.3137 44.4932
76.1 11.3137 44.4932
76.2 11.3137 44.4932
76.3 11.3136 44.4932
76.4 11.3136 44.4932
76.5 11.3136 44.4932
76.6 11.3136 44.4932
76.7 11.3136 44.4932
76.8 11.3136 44.4932
76.9 11.3136 44.4932
77 11.3136 44.4932
77.1 11.3136 44.4932
77.2 11.3136 44.4932
77.3 11.3136 44.4932
77.4 11.3135 44.4932
77.5 11.3135 44.4932
77.6 11.3135 44.4932
77.7 11.3135 44.4932
77.8 11.3135 44.4932
77.9 11.3135 44.4932
78 11.3135 44.4932
78.1 11.3135 44.4932
78.2 11.3135 44.4932
78.3 11.3135 44.4932
78.4 11.3135 44.4932
78.5 11.3135 44.4932
78.6 11.3135 44.4932
78.7 11.3134 44.4932
78.8 11.3134 44.4932
78.9 11.3134 44.4932
79 11.3134 44.4932
79.1 11.3134 44.4932
79.2 11.3134 44.4932
79.3 11.3134 44.4932
79.4 11.3134 44.4932
79.5 11.3134 44.4932
79.6 11.3134 44.4932
79.7 11.3134 44.4932
79.8 11.3134 44.4932
79.9 11.3134 44.4932
80 11.3134 44.4932
80.1 11.3134 44.4932
80.2 11.3134 44.4932
80.3 11.3134 44.4932
80.4 11.3134 44.4932
80.5 11.3134 44.4932
80.6 11.3134 44.4932
80.7 11.3134 44.4932
80.8 11.3134 44.4932
80.9 11.3134 44.4932
81 11.3134 44.4932
81.1 11.3134 44.4932
81.2 11.3134 44.4933
81.3 11.3135 44.4933
81.4 11.3135 44.4933
81.5 11.3135 44.4933
81.6 11.3135 44.4933
81.7 11.3135 44.4933
81.8 11.3135 44.4933
81.9 11.3135 44.4933
82 11.3135 44.4933
82.1 11.3135 44.4933
82.2 11.3135 44.4933
82.3 11.3135 44.4933
82.4 11.3135 44.4933
82.5 11.3135 44.4933
82.6 11.3135 44.4933
82.7 11.3135 44.4934
82.8 11.3135 44.4934
82.9 11.3135 44.4934
83 11.3135 44.4934
83.1 11.3135 44.4934
83.2 11.3135 44.4934
83.3 11.3135 44.4934
83.4 11.3136 44.4934
83.5 11.3136 44.4934
83.6 11.3136 44.4934
83.7 11.3136 44.4934
83.8 11.3136 44.4935
83.9 11.3136 44.4935
84 11.3136 44.4935
84.1 11.3136 44.4935
84.2 11.3136 44.4935
84.3 11.3136 44.4935
84.4 11.3136 44.4935
84.5 11.3136 44.4935
84.6 11.3136 44.4935
84.7 11.3136 44.4935
84.8 11.3136 44.4936
84.9 11.3136 44.4936
85 11.3137 44.4936
85.1 11.3137 44.4936
85.2 11.3137 44.4936
85.3 11.3137 44.4936
85.4 11.3137 44.4936
85.5 11.3137 44.4936
85.6 11.3137 44.4937
85.7 11.3137 44.4937
85.8 11.3137 44.4937
85.9 11.3137 44.4937
86 11.3137 44.4937
86.1 11.3137 44.4937
86.2 11.3137 44.4937
86.3 11.3138 44.4937
86.4 11.3138 44.4938
86.5 11.3138 44.4938
86.6 11.3138 44.4938
86.7 11.3138 44.4938
86.8 11.3138 44.4938
86.9 11.3138 44.4938
87 11.3138 44.4938
87.1 11.3138 44.4939
87.2 11.3138 44.4939
87.3 11.3139 44.4939
87.4 11.3139 44.4939
87.5 11.3139 44.4939
87.6 11.3139 44.4939
87.7 11.3139 44.4939
87.8 11.3139 44.494
87.9 11.3139 44.494
88 11.3139 44.494
88.1 11.3139 44.494
88.2 11.3139 44.494
88.3 11.314 44.494
88.4 11.314 44.4941
88.5 11.314 44.4941
88.6 11.314 44.4941
88.7 11.314 44.4941
88.8 11.314 44.4941
88.9 11.314 44.4941
89 11.314 44.4942
89.1 11.314 44.4942
89.2 11.314 44.4942
89.3 11.3141 44.4942
89.4 11.3141 44.4942
89.5 11.3141 44.4942
89.6 11.3141 44.4942
89.7 11.3141 44.4942
89.8 11.3141 44.4943
89.9 11.3141 44.4943
