0 11.316 44.4952
0.1 11.316 44.4952
0.2 11.316 44.4952
0.3 11.316 44.4952
0.4 11.316 44.4952
0.5 11.316 44.4952
0.6 11.316 44.4952
0.7 11.316 44.4952
0.8 11.316 44.4952
0.9 11.316 44.4951
1 11.3161 44.4951
1.1 11.3161 44.4951
1.2 11.3161 44.4951
1.3 11.3161 44.4951
1.4 11.3161 44.4951
1.5 11.3161 44.4951
1.6 11.3161 44.4951
1.7 11.3161 44.4951
1.8 11.3161 44.4951
1.9 11.3161 44.4951
2 11.3161 44.4951
2.1 11.3161 44.4951
2.2 11.3161 44.4951
2.3 11.3161 44.495
2.4 11.3161 44.495
2.5 11.3161 44.495
2.6 11.3161 44.495
2.7 11.3161 44.495
2.8 11.3161 44.495
2.9 11.3161 44.495
3 11.3161 44.495
3.1 11.3161 44.495
3.2 11.3161 44.495
3.3 11.3161 44.495
3.4 11.3161 44.495
3.5 11.3161 44.495
3.6 11.3162 44.495
3.7 11.3162 44.495
3.8 11.3162 44.495
3.9 11.3162 44.495
4 11.3162 44.495
4.1 11.3162 44.495
4.2 11.3162 44.495
4.3 11.3162 44.495
4.4 11.3162 44.495
4.5 11.3162 44.495
4.6 11.3162 44.495
4.7 11.3162 44.495
4.8 11.3163 44.495
4.9 11.3163 44.495
5 11.3163 44.495
5.1 11.3163 44.495
5.2 11.3163 44.495
5.3 11.3163 44.495
5.4 11.3163 44.495
5.5 11.3163 44.495
5.6 11.3163 44.495
5.7 11.3163 44.495
5.8 11.3164 44.495
5.9 11.3164 44.495
6 11.3164 44.495
6.1 11.3164 44.495
6.2 11.3164 44.495
6.3 11.3164 44.4951
6.4 11.3164 44.4951
6.5 11.3164 44.4951
6.6 11.3165 44.4951
6.7 11.3165 44.4951
6.8 11.3165 44.4951
6.9 11.3165 44.4951
7 11.3165 44.4951
7.1 11.3165 44.4951
7.2 11.3165 44.4951
7.3 11.3166 44.4951
7.4 11.3166 44.4951
7.5 11.3166 44.4951
7.6 11.3166 44.4951
7.7 11.3166 44.4951
7.8 11.3166 44.4951
7.9 11.3167 44.4951
8 11.3167 44.4951
8.1 11.3167 44.4951
8.2 11.3167 44.4951
8.3 11.3167 44.4951
8.4 11.3167 44.4951
8.5 11.3168 44.4951
8.6 11.3168 44.4951
8.7 11.3168 44.4951
8.8 11.3168 44.4951
8.9 11.3168 44.4951
9 11.3169 44.4951
9.1 11.3169 44.4951
9.2 11.3169 44.4951
9.3 11.3169 44.4951
9.4 11.3169 44.4951
9.5 11.317 44.4952
9.6 11.317 44.4952
9.7 11.317 44.4952
9.8 11.317 44.4952
9.9 11.317 44.4952
10 11.3171 44.4952
10.1 11.3171 44.4952
10.2 11.3171 44.4952
10.3 11.3171 44.4952
10.4 11.3172 44.4952
10.5 11.3172 44.4952
10.6 11.3172 44.4952
10.7 11.3172 44.4952
10.8 11.3173 44.4952
10.9 11.3173 44.4952
11 11.3173 44.4952
11.1 11.3173 44.4952
11.2 11.3173 44.4952
11.3 11.3174 44.4952
11.4 11.3174 44.4952
11.5 11.3174 44.4952
11.6 11.3174 44.4952
11.7 11.3175 44.4952
11.8 11.3175 44.4952
11.9 11.3175 44.4952
12 11.3175 44.4952
12.1 11.3175 44.4952
12.2 11.3176 44.4952
12.3 11.3176 44.4952
12.4 11.3176 44.4952
12.5 11.3176 44.4952
12.6 11.3176 44.4952
12.7 11.3177 44.4952
12.8 11.3177 44.4952
12.9 11.3177 44.4952
13 11.3177 44.4952
13.1 11.3177 44.4952
13.2 11.3178 44.4952
13.3 11.3178 44.4952
13.4 11.3178 44.4952
13.5 11.3178 44.4952
13.6 11.3178 44.4952
13.7 11.3179 44.4952
13.8 11.3179 44.4952
13.9 11.3179 44.4952
14 11.3179 44.4952
14.1 11.3179 44.4952
14.2 11.318 44.4952
14.3 11.318 44.4952
14.4 11.318 44.4952
14.5 11.318 44.4952
14.6 11.3181 44.4952
14.7 11.3181 44.4952
14.8 11.3181 44.4952
14.9 11.3181 44.4952
15 11.3181 44.4952
15.1 11.3182 44.4952
15.2 11.3182 44.4952
15.3 11.3182 44.4952
15.4 11.3182 44.4952
15.5 11.3182 44.4952
15.6 11.3183 44.4952
15.7 11.3183 44.4952
15.8 11.3183 44.4952
15.9 11.3183 44.4952
16 11.3183 44.4952
16.1 11.3184 44.4952
16.2 11.3184 44.4952
16.3 11.3184 44.4952
16.4 11.3184 44.4952
16.5 11.3185 44.4952
16.6 11.3185 44.4952
16.7 11.3185 44.4952
16.8 11.3185 44.4952
16.9 11.3185 44.4952
17 11.3186 44.4952
17.1 11.3186 44.4952
17.2 11.3186 44.4952
17.3 11.3186 44.4952
17.4 11.3187 44.4952
17.5 11.3187 44.4952
17.6 11.3187 44.4952
17.7 11.3187 44.4952
17.8 11.3187 44.4952
17.9 11.3188 44.4952
18 11.3188 44.4952
18.1 11.3188 44.4952
18.2 11.3188 44.4952
18.3 11.3188 44.4952
18.4 11.3188 44.4952
18.5 11.3189 44.4952
18.6 11.3189 44.4952
18.7 11.3189 44.4952
18.8 11.3189 44.4952
18.9 11.3189 44.4952
19 11.3189 44.4952
19.1 11.319 44.4952
19.2 11.319 44.4952
19.3 11.319 44.4952
19.4 11.319 44.4952
19.5 11.319 44.4952
19.6 11.319 44.4952
19.7 11.319 44.4952
19.8 11.319 44.4952
19.9 11.3191 44.4952
20 11.3191 44.4952
20.1 11.3191 44.4952
20.2 11.3191 44.4952
20.3 11.3191 44.4953
20.4 11.3191 44.4953
20.5 11.3191 44.4953
20.6 11.3191 44.4953
20.7 11.3191 44.4953
20.8 11.3191 44.4953
20.9 11.3192 44.4953
21 11.3192 44.4953
21.1 11.3192 44.4953
21.2 11.3192 44.4953
21.3 11.3192 44.4953
21.4 11.3192 44.4953
21.5 11.3192 44.4953
21.6 11.3192 44.4953
21.7 11.3192 44.4953
21.8 11.3192 44.4953
21.9 11.3192 44.4953
22 11.3192 44.4953
22.1 11.3192 44.4953
22.2 11.3192 44.4953
22.3 11.3192 44.4953
22.4 11.3192 44.4953
22.5 11.3193 44.4953
22.6 11.3193 44.4953
22.7 11.3193 44.4953
22.8 11.3193 44.4953
22.9 11.3193 44.4953
23 11.3193 44.4953
23.1 11.3193 44.4953
23.2 11.3193 44.4953
23.3 11.3193 44.4953
23.4 11.3193 44.4953
23.5 11.3193 44.4953
23.6 11.3193 44.4953
23.7 11.3193 44.4953
23.8 11.3193 44.4953
23.9 11.3193 44.4953
24 11.3193 44.4953
24.1 11.3193 44.4953
24.2 11.3193 44.4953
24.3 11.3193 44.4953
24.4 11.3193 44.4953
24.5 11.3193 44.4953
24.6 11.3193 44.4953
24.7 11.3193 44.4953
24.8 11.3193 44.4953
24.9 11.3193 44.4953
25 11.3193 44.4953
25.1 11.3193 44.4953
25.2 11.3193 44.4953
25.3 11.3193 44.4953
25.4 11.3193 44.4953
25.5 11.3193 44.4953
25.6 11.3193 44.4953
25.7 11.3193 44.4953
25.8 11.3193 44.4953
25.9 11.3193 44.4953
26 11.3193 44.4953
26.1 11.3193 44.4953
26.2 11.3193 44.4953
26.3 11.3193 44.4953
26.4 11.3193 44.4953
26.5 11.3193 44.4953
26.6 11.3193 44.4953
26.7 11.3193 44.4953
26.8 11.3193 44.4953
26.9 11.3193 44.4953
27 11.3193 44.4953
27.1 11.3193 44.4953
27.2 11.3193 44.4953
27.3 11.3193 44.4953
27.4 11.3193 44.4953
27.5 11.3193 44.4953
27.6 11.3193 44.4953
27.7 11.3193 44.4953
27.8 11.3193 44.4953
27.9 11.3193 44.4953
28 11.3193 44.4953
28.1 11.3193 44.4953
28.2 11.3193 44.4953
28.3 11.3193 44.4953
28.4 11.3193 44.4953
28.5 11.3193 44.4953
28.6 11.3193 44.4953
28.7 11.3193 44.4953
28.8 11.3193 44.4953
28.9 11.3193 44.4953
29 11.3193 44.4953
29.1 11.3193 44.4953
29.2 11.3193 44.4953
29.3 11.3193 44.4953
29.4 11.3193 44.4953
29.5 11.3193 44.4953
29.6 11.3193 44.4953
29.7 11.3193 44.4953
29.8 11.3193 44.4953
29.9 11.3193 44.4953
30 11.3193 44.4953
30.1 11.3193 44.4953
30.2 11.3193 44.4953
30.3 11.3193 44.4953
30.4 11.3193 44.4953
30.5 11.3193 44.4953
30.6 11.3193 44.4953
30.7 11.3193 44.4953
30.8 11.3193 44.4953
30.9 11.3193 44.4953
31 11.3193 44.4953
31.1 11.3193 44.4953
31.2 11.3193 44.4953
31.3 11.3193 44.4953
31.4 11.3193 44.4953
31.5 11.3193 44.4953
31.6 11.3193 44.4953
31.7 11.3193 44.4953
31.8 11.3193 44.4953
31.9 11.3193 44.4953
32 11.3193 44.4953
32.1 11.3193 44.4953
32.2 11.3193 44.4953
32.3 11.3193 44.4953
32.4 11.3193 44.4953
32.5 11.3193 44.4953
32.6 11.3193 44.4953
32.7 11.3193 44.4953
32.8 11.3193 44.4953
32.9 11.3193 44.4953
33 11.3193 44.4953
33.1 11.3193 44.4953
33.2 11.3193 44.4953
33.3 11.3193 44.4953
33.4 11.3193 44.4953
33.5 11.3193 44.4953
33.6 11.3193 44.4953
33.7 11.3193 44.4953
33.8 11.3193 44.4953
33.9 11.3193 44.4953
34 11.3193 44.4953
34.1 11.3193 44.4953
34.2 11.3193 44.4953
34.3 11.3193 44.4953
34.4 11.3193 44.4953
34.5 11.3193 44.4953
34.6 11.3193 44.4953
34.7 11.3193 44.4953
34.8 11.3193 44.4953
34.9 11.3193 44.4953
35 11.3193 44.4953
35.1 11.3193 44.4953
35.2 11.3193 44.4953
35.3 11.3193 44.4953
35.4 11.3193 44.4953
35.5 11.3193 44.4953
35.6 11.3193 44.4953
35.7 11.3193 44.4953
35.8 11.3193 44.4953
35.9 11.3193 44.4953
36 11.3193 44.4953
36.1 11.3193 44.4953
36.2 11.3193 44.4953
36.3 11.3193 44.4953
36.4 11.3193 44.4953
36.5 11.3193 44.4953
36.6 11.3193 44.4953
36.7 11.3193 44.4953
36.8 11.3193 44.4953
36.9 11.3193 44.4953
37 11.3193 44.4953
37.1 11.3193 44.4953
37.2 11.3193 44.4953
37.3 11.3193 44.4953
37.4 11.3193 44.4953
37.5 11.3193 44.4953
37.6 11.3193 44.4953
37.7 11.3193 44.4953
37.8 11.3193 44.4953
37.9 11.3193 44.4953
38 11.3193 44.4953
38.1 11.3193 44.4953
38.2 11.3193 44.4953
38.3 11.3193 44.4953
38.4 11.3193 44.4953
38.5 11.3193 44.4953
38.6 11.3193 44.4953
38.7 11.3193 44.4953
38.8 11.3193 44.4953
38.9 11.3194 44.4953
39 11.3194 44.4953
39.1 11.3194 44.4953
39.2 11.3194 44.4953
39.3 11.3194 44.4953
39.4 11.3194 44.4953
39.5 11.3194 44.4953
39.6 11.3194 44.4953
39.7 11.3194 44.4953
39.8 11.3194 44.4953
39.9 11.3194 44.4953
40 11.3194 44.4953
40.1 11.3194 44.4953
40.2 11.3194 44.4953
40.3 11.3194 44.4953
40.4 11.3194 44.4953
40.5 11.3195 44.4953
40.6 11.3195 44.4953
40.7 11.3195 44.4953
40.8 11.3195 44.4953
40.9 11.3195 44.4953
41 11.3195 44.4953
41.1 11.3195 44.4953
41.2 11.3195 44.4953
41.3 11.3195 44.4953
41.4 11.3195 44.4953
41.5 11.3195 44.4953
41.6 11.3195 44.4953
41.7 11.3196 44.4953
41.8 11.3196 44.4953
41.9 11.3196 44.4953
42 11.3196 44.4953
42.1 11.3196 44.4953
42.2 11.3196 44.4953
42.3 11.3196 44.4953
42.4 11.3196 44.4953
42.5 11.3197 44.4953
42.6 11.3197 44.4953
42.7 11.3197 44.4953
42.8 11.3197 44.4953
42.9 11.3197 44.4953
43 11.3197 44.4953
43.1 11.3197 44.4953
43.2 11.3197 44.4953
43.3 11.3197 44.4953
43.4 11.3198 44.4953
43.5 11.3198 44.4953
43.6 11.3198 44.4953
43.7 11.3198 44.4953
43.8 11.3198 44.4953
43.9 11.3198 44.4953
44 11.3198 44.4953
44.1 11.3198 44.4953
44.2 11.3198 44.4953
44.3 11.3198 44.4953
44.4 11.3199 44.4953
44.5 11.3199 44.4953
44.6 11.3199 44.4953
44.7 11.3199 44.4953
44.8 11.3199 44.4953
44.9 11.3199 44.4953
45 11.3199 44.4953
45.1 11.3199 44.4953
45.2 11.3199 44.4953
45.3 11.3199 44.4953
45.4 11.32 44.4953
45.5 11.32 44.4953
45.6 11.32 44.4953
45.7 11.32 44.4953
45.8 11.32 44.4953
45.9 11.32 44.4953
46 11.32 44.4953
46.1 11.32 44.4953
46.2 11.32 44.4953
46.3 11.32 44.4953
46.4 11.32 44.4953
46.5 11.3201 44.4953
46.6 11.3201 44.4953
46.7 11.3201 44.4953
46.8 11.3201 44.4953
46.9 11.3201 44.4953
47 11.3201 44.4953
47.1 11.3201 44.4953
47.2 11.3201 44.4953
47.3 11.3201 44.4953
47.4 11.3201 44.4953
47.5 11.3201 44.4953
47.6 11.3201 44.4953
47.7 11.3201 44.4953
47.8 11.3202 44.4953
47.9 11.3202 44.4953
48 11.3202 44.4953
48.1 11.3202 44.4953
48.2 11.3202 44.4953
48.3 11.3202 44.4953
48.4 11.3202 44.4953
48.5 11.3202 44.4953
48.6 11.3202 44.4953
48.7 11.3202 44.4953
48.8 11.3202 44.4953
48.9 11.3202 44.4953
49 11.3202 44.4953
49.1 11.3203 44.4953
49.2 11.3203 44.4953
49.3 11.3203 44.4953
49.4 11.3203 44.4953
49.5 11.3203 44.4953
49.6 11.3203 44.4954
49.7 11.3203 44.4954
49.8 11.3203 44.4954
49.9 11.3203 44.4954
50 11.3203 44.4954
50.1 11.3203 44.4954
50.2 11.3203 44.4954
50.3 11.3203 44.4954
50.4 11.3203 44.4954
50.5 11.3203 44.4954
50.6 11.3204 44.4954
50.7 11.3204 44.4954
50.8 11.3204 44.4954
50.9 11.3204 44.4954
51 11.3204 44.4954
51.1 11.3204 44.4954
51.2 11.3204 44.4954
51.3 11.3204 44.4954
51.4 11.3204 44.4954
51.5 11.3204 44.4954
51.6 11.3204 44.4954
51.7 11.3204 44.4954
51.8 11.3204 44.4954
51.9 11.3204 44.4954
52 11.3204 44.4953
52.1 11.3204 44.4953
52.2 11.3204 44.4953
52.3 11.3204 44.4953
52.4 11.3204 44.4953
52.5 11.3204 44.4953
52.6 11.3204 44.4953
52.7 11.3204 44.4953
52.8 11.3204 44.4953
52.9 11.3204 44.4953
53 11.3204 44.4953
53.1 11.3204 44.4953
53.2 11.3204 44.4953
53.3 11.3204 44.4953
53.4 11.3204 44.4953
53.5 11.3204 44.4953
53.6 11.3204 44.4953
53.7 11.3204 44.4953
53.8 11.3204 44.4953
53.9 11.3204 44.4952
54 11.3204 44.4952
54.1 11.3204 44.4952
54.2 11.3204 44.4952
54.3 11.3204 44.4952
54.4 11.3204 44.4952
54.5 11.3204 44.4952
54.6 11.3204 44.4952
54.7 11.3204 44.4952
54.8 11.3204 44.4952
54.9 11.3204 44.4952
55 11.3204 44.4952
55.1 11.3204 44.4952
55.2 11.3204 44.4952
55.3 11.3204 44.4951
55.4 11.3204 44.4951
55.5 11.3204 44.4951
55.6 11.3203 44.4951
55.7 11.3203 44.4951
55.8 11.3203 44.4951
55.9 11.3203 44.4951
56 11.3203 44.4951
56.1 11.3203 44.4951
56.2 11.3203 44.4951
56.3 11.3203 44.4951
56.4 11.3203 44.4951
56.5 11.3203 44.4951
56.6 11.3203 44.4951
56.7 11.3203 44.4951
56.8 11.3203 44.495
56.9 11.3203 44.495
57 11.3203 44.495
57.1 11.3203 44.495
57.2 11.3203 44.495
57.3 11.3203 44.495
57.4 11.3203 44.495
57.5 11.3203 44.495
57.6 11.3203 44.495
57.7 11.3203 44.495
57.8 11.3203 44.495
57.9 11.3203 44.495
58 11.3203 44.495
58.1 11.3203 44.495
58.2 11.3203 44.495
58.3 11.3203 44.4949
58.4 11.3203 44.4949
58.5 11.3203 44.4949
58.6 11.3202 44.4949
58.7 11.3202 44.4949
58.8 11.3202 44.4949
58.9 11.3202 44.4949
59 11.3202 44.4949
59.1 11.3202 44.4949
59.2 11.3202 44.4949
59.3 11.3202 44.4949
59.4 11.3202 44.4949
59.5 11.3202 44.4949
59.6 11.3202 44.4949
59.7 11.3202 44.4949
59.8 11.3202 44.4949
59.9 11.3202 44.4948
60 11.3202 44.4948
60.1 11.3202 44.4948
60.2 11.3202 44.4948
60.3 11.3202 44.4948
60.4 11.3202 44.4948
60.5 11.3202 44.4948
60.6 11.3202 44.4948
60.7 11.3202 44.4948
60.8 11.3202 44.4948
60.9 11.3202 44.4948
61 11.3202 44.4948
61.1 11.3202 44.4948
61.2 11.3202 44.4948
61.3 11.3202 44.4948
61.4 11.3202 44.4947
61.5 11.3202 44.4947
61.6 11.3202 44.4947
61.7 11.3202 44.4947
61.8 11.3201 44.4947
61.9 11.3201 44.4947
62 11.3201 44.4947
62.1 11.3201 44.4947
62.2 11.3201 44.4947
62.3 11.3201 44.4947
62.4 11.3201 44.4947
62.5 11.3201 44.4947
62.6 11.3201 44.4947
62.7 11.3201 44.4947
62.8 11.3201 44.4947
62.9 11.3201 44.4947
63 11.3201 44.4946
63.1 11.3201 44.4946
63.2 11.3201 44.4946
63.3 11.3201 44.4946
63.4 11.3201 44.4946
63.5 11.3201 44.4946
63.6 11.3201 44.4946
63.7 11.3201 44.4946
63.8 11.3201 44.4946
63.9 11.3201 44.4946
64 11.3201 44.4946
64.1 11.3201 44.4946
64.2 11.3201 44.4946
64.3 11.3201 44.4946
64.4 11.3201 44.4946
64.5 11.3201 44.4945
64.6 11.3201 44.4945
64.7 11.3201 44.4945
64.8 11.3201 44.4945
64.9 11.32 44.4945
65 11.32 44.4945
65.1 11.32 44.4945
65.2 11.32 44.4945
65.3 11.32 44.4945
65.4 11.32 44.4945
65.5 11.32 44.4945
65.6 11.32 44.4945
65.7 11.32 44.4945
65.8 11.32 44.4945
65.9 11.32 44.4945
66 11.32 44.4945
66.1 11.32 44.4944
66.2 11.32 44.4944
66.3 11.32 44.4944
66.4 11.32 44.4944
66.5 11.32 44.4944
66.6 11.32 44.4944
66.7 11.32 44.4944
66.8 11.32 44.4944
66.9 11.32 44.4944
67 11.32 44.4944
67.1 11.32 44.4944
67.2 11.32 44.4944
67.3 11.32 44.4944
67.4 11.32 44.4944
67.5 11.32 44.4944
67.6 11.32 44.4943
67.7 11.32 44.4943
67.8 11.32 44.4943
67.9 11.32 44.4943
68 11.3199 44.4943
68.1 11.3199 44.4943
68.2 11.3199 44.4943
68.3 11.3199 44.4943
68.4 11.3199 44.4943
68.5 11.3199 44.4943
68.6 11.3199 44.4943
68.7 11.3199 44.4943
68.8 11.3199 44.4943
68.9 11.3199 44.4943
69 11.3199 44.4943
69.1 11.3199 44.4943
69.2 11.3199 44.4942
69.3 11.3199 44.4942
69.4 11.3199 44.4942
69.5 11.3199 44.4942
69.6 11.3199 44.4942
69.7 11.3199 44.4942
69.8 11.3199 44.4942
69.9 11.3199 44.4942
70 11.3199 44.4942
70.1 11.3199 44.4942
70.2 11.3199 44.4942
70.3 11.3199 44.4942
70.4 11.3199 44.4942
70.5 11.3199 44.4942
70.6 11.3199 44.4942
70.7 11.3199 44.4941
70.8 11.3199 44.4941
70.9 11.3199 44.4941
71 11.3199 44.4941
71.1 11.3199 44.4941
71.2 11.3198 44.4941
71.3 11.3198 44.4941
71.4 11.3198 44.4941
71.5 11.3198 44.4941
71.6 11.3198 44.4941
71.7 11.3198 44.4941
71.8 11.3198 44.4941
71.9 11.3198 44.4941
72 11.3198 44.4941
72.1 11.3198 44.4941
72.2 11.3198 44.4941
72.3 11.3198 44.494
72.4 11.3198 44.494
72.5 11.3198 44.494
72.6 11.3198 44.494
72.7 11.3198 44.494
72.8 11.3198 44.494
72.9 11.3198 44.494
73 11.3198 44.494
73.1 11.3198 44.494
73.2 11.3198 44.494
73.3 11.3198 44.494
73.4 11.3198 44.494
73.5 11.3198 44.494
73.6 11.3198 44.494
73.7 11.3198 44.494
73.8 11.3198 44.494
73.9 11.3198 44.4939
74 11.3198 44.4939
74.1 11.3198 44.4939
74.2 11.3198 44.4939
74.3 11.3197 44.4939
74.4 11.3197 44.4939
74.5 11.3197 44.4939
74.6 11.3197 44.4939
74.7 11.3197 44.4939
74.8 11.3197 44.4939
74.9 11.3197 44.4939
75 11.3197 44.4939
75.1 11.3197 44.4939
75.2 11.3197 44.4939
75.3 11.3197 44.4939
75.4 11.3197 44.4938
75.5 11.3197 44.4938
75.6 11.3197 44.4938
75.7 11.3197 44.4938
75.8 11.3197 44.4938
75.9 11.3197 44.4938
76 11.3197 44.4938
76.1 11.3197 44.4938
76.2 11.3197 44.4938
76.3 11.3197 44.4938
76.4 11.3197 44.4938
76.5 11.3197 44.4938
76.6 11.3197 44.4938
76.7 11.3197 44.4938
76.8 11.3197 44.4938
76.9 11.3197 44.4938
77 11.3197 44.4937
77.1 11.3197 44.4937
77.2 11.3197 44.4937
77.3 11.3197 44.4937
77.4 11.3197 44.4937
77.5 11.3196 44.4937
77.6 11.3196 44.4937
77.7 11.3196 44.4937
77.8 11.3196 44.4937
77.9 11.3196 44.4937
78 11.3196 44.4937
78.1 11.3196 44.4937
78.2 11.3196 44.4937
78.3 11.3196 44.4937
78.4 11.3196 44.4937
78.5 11.3196 44.4936
78.6 11.3196 44.4936
78.7 11.3196 44.4936
78.8 11.3196 44.4936
78.9 11.3196 44.4936
79 11.3196 44.4936
79.1 11.3196 44.4936
79.2 11.3196 44.4936
79.3 11.3196 44.4936
79.4 11.3196 44.4936
79.5 11.3196 44.4936
79.6 11.3196 44.4936
79.7 11.3196 44.4936
79.8 11.3196 44.4936
79.9 11.3196 44.4936
80 11.3196 44.4936
80.1 11.3196 44.4935
80.2 11.3196 44.4935
80.3 11.3196 44.4935
80.4 11.3196 44.4935
80.5 11.3196 44.4935
80.6 11.3195 44.4935
80.7 11.3195 44.4935
80.8 11.3195 44.4935
80.9 11.3195 44.4935
81 11.3195 44.4935
81.1 11.3195 44.4935
81.2 11.3195 44.4935
81.3 11.3195 44.4935
81.4 11.3195 44.4935
81.5 11.3195 44.4935
81.6 11.3195 44.4934
81.7 11.3195 44.4934
81.8 11.3195 44.4934
81.9 11.3195 44.4934
82 11.3195 44.4934
82.1 11.3195 44.4934
82.2 11.3195 44.4934
82.3 11.3195 44.4934
82.4 11.3195 44.4934
82.5 11.3195 44.4934
82.6 11.3195 44.4934
82.7 11.3195 44.4934
82.8 11.3195 44.4934
82.9 11.3195 44.4934
83 11.3195 44.4934
83.1 11.3195 44.4934
83.2 11.3195 44.4933
83.3 11.3195 44.4933
83.4 11.3195 44.4933
83.5 11.3195 44.4933
83.6 11.3195 44.4933
83.7 11.3195 44.4933
83.8 11.3194 44.4933
83.9 11.3194 44.4933
84 11.3194 44.4933
84.1 11.3194 44.4933
84.2 11.3194 44.4933
84.3 11.3194 44.4933
84.4 11.3194 44.4933
84.5 11.3194 44.4933
84.6 11.3194 44.4933
84.7 11.3194 44.4932
84.8 11.3194 44.4932
84.9 11.3194 44.4932
85 11.3194 44.4932
85.1 11.3194 44.4932
85.2 11.3194 44.4932
85.3 11.3194 44.4932
85.4 11.3194 44.4932
85.5 11.3194 44.4932
85.6 11.3194 44.4932
85.7 11.3194 44.4932
85.8 11.3194 44.4932
85.9 11.3194 44.4932
86 11.3194 44.4932
86.1 11.3194 44.4932
86.2 11.3194 44.4932
86.3 11.3194 44.4931
86.4 11.3194 44.4931
86.5 11.3194 44.4931
86.6 11.3194 44.4931
86.7 11.3194 44.4931
86.8 11.3194 44.4931
86.9 11.3193 44.4931
87 11.3193 44.4931
87.1 11.3193 44.4931
87.2 11.3193 44.4931
87.3 11.3193 44.4931
87.4 11.3193 44.4931
87.5 11.3193 44.4931
87.6 11.3193 44.4931
87.7 11.3193 44.4931
87.8 11.3193 44.4931
87.9 11.3193 44.493
88 11.3193 44.493
88.1 11.3193 44.493
88.2 11.3193 44.493
88.3 11.3193 44.493
88.4 11.3193 44.493
88.5 11.3193 44.493
88.6 11.3193 44.493
88.7 11.3193 44.493
88.8 11.3193 44.493
88.9 11.3193 44.493
89 11.3193 44.493
89.1 11.3193 44.493
89.2 11.3193 44.493
89.3 11.3193 44.493
89.4 11.3193 44.4929
89.5 11.3193 44.4929
89.6 11.3193 44.4929
89.7 11.3193 44.4929
89.8 11.3193 44.4929
89.9 11.3193 44.4929
