0 11.3171 44.4952
0.1 11.3171 44.4952
0.2 11.3171 44.4952
0.3 11.3172 44.4952
0.4 11.3172 44.4952
0.5 11.3172 44.4952
0.6 11.3172 44.4952
0.7 11.3173 44.4952
0.8 11.3173 44.4952
0.9 11.3173 44.4952
1 11.3173 44.4952
1.1 11.3174 44.4952
1.2 11.3174 44.4952
1.3 11.3174 44.4952
1.4 11.3174 44.4952
1.5 11.3175 44.4952
1.6 11.3175 44.4952
1.7 11.3175 44.4952
1.8 11.3175 44.4952
1.9 11.3176 44.4952
2 11.3176 44.4952
2.1 11.3176 44.4952
2.2 11.3176 44.4952
2.3 11.3177 44.4952
2.4 11.3177 44.4952
2.5 11.3177 44.4952
2.6 11.3178 44.4952
2.7 11.3178 44.4952
2.8 11.3178 44.4952
2.9 11.3178 44.4952
3 11.3179 44.4952
3.1 11.3179 44.4952
3.2 11.3179 44.4952
3.3 11.318 44.4952
3.4 11.318 44.4952
3.5 11.318 44.4952
3.6 11.3181 44.4952
3.7 11.3181 44.4952
3.8 11.3181 44.4952
3.9 11.3182 44.4952
4 11.3182 44.4952
4.1 11.3182 44.4952
4.2 11.3183 44.4952
4.3 11.3183 44.4952
4.4 11.3183 44.4952
4.5 11.3184 44.4952
4.6 11.3184 44.4952
4.7 11.3184 44.4952
4.8 11.3185 44.4952
4.9 11.3185 44.4952
5 11.3185 44.4952
5.1 11.3185 44.4952
5.2 11.3186 44.4952
5.3 11.3186 44.4953
5.4 11.3186 44.4953
5.5 11.3187 44.4953
5.6 11.3187 44.4953
5.7 11.3187 44.4953
5.8 11.3187 44.4953
5.9 11.3188 44.4953
6 11.3188 44.4953
6.1 11.3188 44.4953
6.2 11.3188 44.4953
6.3 11.3189 44.4953
6.4 11.3189 44.4953
6.5 11.3189 44.4953
6.6 11.3189 44.4953
6.7 11.3189 44.4953
6.8 11.319 44.4953
6.9 11.319 44.4953
7 11.319 44.4953
7.1 11.319 44.4953
7.2 11.319 44.4953
7.3 11.3191 44.4953
7.4 11.3191 44.4953
7.5 11.3191 44.4953
7.6 11.3191 44.4953
7.7 11.3191 44.4953
7.8 11.3191 44.4953
7.9 11.3192 44.4953
8 11.3192 44.4953
8.1 11.3192 44.4953
8.2 11.3192 44.4953
8.3 11.3192 44.4953
8.4 11.3192 44.4953
8.5 11.3192 44.4953
8.6 11.3192 44.4953
8.7 11.3192 44.4953
8.8 11.3193 44.4953
8.9 11.3193 44.4953
9 11.3193 44.4953
9.1 11.3193 44.4953
9.2 11.3193 44.4953
9.3 11.3193 44.4953
9.4 11.3193 44.4953
9.5 11.3193 44.4953
9.6 11.3193 44.4953
9.7 11.3193 44.4953
9.8 11.3193 44.4953
9.9 11.3193 44.4953
10 11.3193 44.4953
10.1 11.3193 44.4953
10.2 11.3193 44.4953
10.3 11.3193 44.4954
10.4 11.3193 44.4954
10.5 11.3193 44.4954
10.6 11.3193 44.4954
10.7 11.3193 44.4954
10.8 11.3193 44.4954
10.9 11.3193 44.4954
11 11.3193 44.4954
11.1 11.3193 44.4954
11.2 11.3193 44.4954
11.3 11.3193 44.4954
11.4 11.3193 44.4954
11.5 11.3193 44.4954
11.6 11.3193 44.4954
11.7 11.3193 44.4955
11.8 11.3193 44.4955
11.9 11.3193 44.4955
12 11.3193 44.4955
12.1 11.3193 44.4955
12.2 11.3193 44.4955
12.3 11.3193 44.4955
12.4 11.3193 44.4955
12.5 11.3193 44.4955
12.6 11.3193 44.4955
12.7 11.3193 44.4956
12.8 11.3193 44.4956
12.9 11.3193 44.4956
13 11.3193 44.4956
13.1 11.3193 44.4956
13.2 11.3193 44.4956
13.3 11.3193 44.4956
13.4 11.3193 44.4956
13.5 11.3193 44.4956
13.6 11.3193 44.4957
13.7 11.3193 44.4957
13.8 11.3193 44.4957
13.9 11.3193 44.4957
14 11.3193 44.4957
14.1 11.3193 44.4957
14.2 11.3193 44.4957
14.3 11.3193 44.4957
14.4 11.3193 44.4958
14.5 11.3193 44.4958
14.6 11.3193 44.4958
14.7 11.3193 44.4958
14.8 11.3193 44.4958
14.9 11.3193 44.4958
15 11.3193 44.4958
15.1 11.3193 44.4958
15.2 11.3193 44.4959
15.3 11.3193 44.4959
15.4 11.3194 44.4959
15.5 11.3194 44.4959
15.6 11.3194 44.4959
15.7 11.3194 44.4959
15.8 11.3194 44.4959
15.9 11.3194 44.4959
16 11.3194 44.496
16.1 11.3194 44.496
16.2 11.3194 44.496
16.3 11.3194 44.496
16.4 11.3194 44.496
16.5 11.3194 44.496
16.6 11.3194 44.496
16.7 11.3194 44.496
16.8 11.3194 44.4961
16.9 11.3194 44.4961
17 11.3194 44.4961
17.1 11.3194 44.4961
17.2 11.3194 44.4961
17.3 11.3194 44.4961
17.4 11.3194 44.4961
17.5 11.3194 44.4961
17.6 11.3194 44.4961
17.7 11.3194 44.4961
17.8 11.3194 44.4961
17.9 11.3194 44.4961
18 11.3194 44.4961
18.1 11.3194 44.4961
18.2 11.3194 44.4962
18.3 11.3194 44.4962
18.4 11.3194 44.4962
18.5 11.3194 44.4962
18.6 11.3194 44.4962
18.7 11.3194 44.4962
18.8 11.3194 44.4962
18.9 11.3194 44.4962
19 11.3193 44.4962
19.1 11.3193 44.4962
19.2 11.3193 44.4962
19.3 11.3193 44.4962
19.4 11.3193 44.4962
19.5 11.3193 44.4962
19.6 11.3193 44.4962
19.7 11.3193 44.4962
19.8 11.3193 44.4962
19.9 11.3193 44.4962
20 11.3193 44.4962
20.1 11.3193 44.4962
20.2 11.3193 44.4962
20.3 11.3193 44.4962
20.4 11.3193 44.4962
20.5 11.3192 44.4962
20.6 11.3192 44.4962
20.7 11.3192 44.4962
20.8 11.3192 44.4962
20.9 11.3192 44.4962
21 11.3192 44.4962
21.1 11.3192 44.4962
21.2 11.3192 44.4962
21.3 11.3192 44.4962
21.4 11.3192 44.4962
21.5 11.3191 44.4962
21.6 11.3191 44.4962
21.7 11.3191 44.4962
21.8 11.3191 44.4962
21.9 11.3191 44.4962
22 11.3191 44.4962
22.1 11.3191 44.4962
22.2 11.3191 44.4962
22.3 11.3191 44.4962
22.4 11.319 44.4962
22.5 11.319 44.4962
22.6 11.319 44.4962
22.7 11.319 44.4962
22.8 11.319 44.4962
22.9 11.319 44.4962
23 11.319 44.4962
23.1 11.3189 44.4962
23.2 11.3189 44.4962
23.3 11.3189 44.4962
23.4 11.3189 44.4962
23.5 11.3189 44.4962
23.6 11.3189 44.4962
23.7 11.3189 44.4962
23.8 11.3188 44.4962
23.9 11.3188 44.4962
24 11.3188 44.4962
24.1 11.3188 44.4962
24.2 11.3188 44.4962
24.3 11.3188 44.4962
24.4 11.3188 44.4962
24.5 11.3187 44.4962
24.6 11.3187 44.4962
24.7 11.3187 44.4962
24.8 11.3187 44.4962
24.9 11.3187 44.4962
25 11.3187 44.4962
25.1 11.3187 44.4962
25.2 11.3187 44.4962
25.3 11.3187 44.4962
25.4 11.3187 44.4962
25.5 11.3187 44.4962
25.6 11.3187 44.4962
25.7 11.3187 44.4962
25.8 11.3187 44.4962
25.9 11.3187 44.4962
26 11.3187 44.4962
26.1 11.3187 44.4962
26.2 11.3186 44.4962
26.3 11.3186 44.4962
26.4 11.3186 44.4962
26.5 11.3186 44.4962
26.6 11.3186 44.4962
26.7 11.3186 44.4962
26.8 11.3186 44.4962
26.9 11.3186 44.4962
27 11.3186 44.4962
27.1 11.3186 44.4962
27.2 11.3186 44.4961
27.3 11.3186 44.4961
27.4 11.3186 44.4961
27.5 11.3186 44.4961
27.6 11.3186 44.4961
27.7 11.3186 44.4961
27.8 11.3186 44.4961
27.9 11.3186 44.4961
28 11.3186 44.4961
28.1 11.3186 44.4961
28.2 11.3186 44.4961
28.3 11.3186 44.4961
28.4 11.3186 44.4961
28.5 11.3186 44.4961
28.6 11.3186 44.4961
28.7 11.3186 44.4961
28.8 11.3186 44.496
28.9 11.3186 44.496
29 11.3186 44.496
29.1 11.3186 44.496
29.2 11.3186 44.496
29.3 11.3186 44.496
29.4 11.3186 44.496
29.5 11.3186 44.496
29.6 11.3186 44.496
29.7 11.3186 44.496
29.8 11.3186 44.496
29.9 11.3186 44.4959
30 11.3186 44.4959
30.1 11.3186 44.4959
30.2 11.3186 44.4959
30.3 11.3186 44.4959
30.4 11.3186 44.4959
30.5 11.3186 44.4959
30.6 11.3186 44.4959
30.7 11.3186 44.4959
30.8 11.3186 44.4958
30.9 11.3186 44.4958
31 11.3186 44.4958
31.1 11.3186 44.4958
31.2 11.3186 44.4958
31.3 11.3186 44.4958
31.4 11.3186 44.4958
31.5 11.3186 44.4958
31.6 11.3186 44.4957
31.7 11.3186 44.4957
31.8 11.3186 44.4957
31.9 11.3186 44.4957
32 11.3186 44.4957
32.1 11.3185 44.4957
32.2 11.3185 44.4957
32.3 11.3185 44.4957
32.4 11.3185 44.4956
32.5 11.3185 44.4956
32.6 11.3185 44.4956
32.7 11.3185 44.4956
32.8 11.3185 44.4956
32.9 11.3185 44.4956
33 11.3185 44.4956
33.1 11.3185 44.4956
33.2 11.3185 44.4955
33.3 11.3185 44.4955
33.4 11.3185 44.4955
33.5 11.3185 44.4955
33.6 11.3185 44.4955
33.7 11.3185 44.4955
33.8 11.3185 44.4955
33.9 11.3185 44.4955
34 11.3185 44.4954
34.1 11.3185 44.4954
34.2 11.3185 44.4954
34.3 11.3185 44.4954
34.4 11.3185 44.4954
34.5 11.3185 44.4954
34.6 11.3185 44.4954
34.7 11.3185 44.4954
34.8 11.3185 44.4954
34.9 11.3185 44.4954
35 11.3185 44.4954
35.1 11.3185 44.4954
35.2 11.3185 44.4953
35.3 11.3185 44.4953
35.4 11.3185 44.4953
35.5 11.3185 44.4953
35.6 11.3185 44.4953
35.7 11.3185 44.4953
35.8 11.3185 44.4953
35.9 11.3185 44.4953
36 11.3185 44.4953
36.1 11.3185 44.4953
36.2 11.3185 44.4953
36.3 11.3185 44.4953
36.4 11.3185 44.4953
36.5 11.3185 44.4953
36.6 11.3185 44.4953
36.7 11.3185 44.4953
36.8 11.3185 44.4953
36.9 11.3185 44.4953
37 11.3185 44.4952
37.1 11.3185 44.4952
37.2 11.3185 44.4952
37.3 11.3185 44.4952
37.4 11.3185 44.4952
37.5 11.3185 44.4952
37.6 11.3185 44.4952
37.7 11.3186 44.4952
37.8 11.3186 44.4952
37.9 11.3186 44.4952
38 11.3186 44.4952
38.1 11.3186 44.4952
38.2 11.3186 44.4953
38.3 11.3186 44.4953
38.4 11.3186 44.4953
38.5 11.3186 44.4953
38.6 11.3186 44.4953
38.7 11.3186 44.4953
38.8 11.3187 44.4953
38.9 11.3187 44.4953
39 11.3187 44.4953
39.1 11.3187 44.4953
39.2 11.3187 44.4953
39.3 11.3187 44.4953
39.4 11.3187 44.4953
39.5 11.3187 44.4953
39.6 11.3188 44.4953
39.7 11.3188 44.4953
39.8 11.3188 44.4953
39.9 11.3188 44.4953
40 11.3188 44.4953
40.1 11.3188 44.4953
40.2 11.3188 44.4953
40.3 11.3189 44.4953
40.4 11.3189 44.4953
40.5 11.3189 44.4953
40.6 11.3189 44.4953
40.7 11.3189 44.4953
40.8 11.3189 44.4953
40.9 11.319 44.4953
41 11.319 44.4953
41.1 11.319 44.4953
41.2 11.319 44.4953
41.3 11.319 44.4953
41.4 11.319 44.4953
41.5 11.3191 44.4953
41.6 11.3191 44.4953
41.7 11.3191 44.4953
41.8 11.3191 44.4953
41.9 11.3191 44.4953
42 11.3191 44.4953
42.1 11.3191 44.4953
42.2 11.3192 44.4953
42.3 11.3192 44.4953
42.4 11.3192 44.4953
42.5 11.3192 44.4953
42.6 11.3192 44.4953
42.7 11.3192 44.4953
42.8 11.3192 44.4953
42.9 11.3192 44.4953
43 11.3193 44.4953
43.1 11.3193 44.4953
43.2 11.3193 44.4953
43.3 11.3193 44.4953
43.4 11.3193 44.4953
43.5 11.3193 44.4953
43.6 11.3193 44.4953
43.7 11.3193 44.4953
43.8 11.3193 44.4953
43.9 11.3193 44.4953
44 11.3193 44.4953
44.1 11.3193 44.4953
44.2 11.3193 44.4953
44.3 11.3193 44.4953
44.4 11.3193 44.4953
44.5 11.3193 44.4953
44.6 11.3193 44.4954
44.7 11.3193 44.4954
44.8 11.3193 44.4954
44.9 11.3193 44.4954
45 11.3193 44.4954
45.1 11.3193 44.4954
45.2 11.3193 44.4954
45.3 11.3193 44.4954
45.4 11.3193 44.4954
45.5 11.3193 44.4954
45.6 11.3193 44.4954
45.7 11.3193 44.4954
45.8 11.3193 44.4954
45.9 11.3193 44.4955
46 11.3193 44.4955
46.1 11.3193 44.4955
46.2 11.3193 44.4955
46.3 11.3193 44.4955
46.4 11.3193 44.4955
46.5 11.3193 44.4955
46.6 11.3193 44.4955
46.7 11.3193 44.4955
46.8 11.3193 44.4955
46.9 11.3193 44.4955
47 11.3193 44.4956
47.1 11.3193 44.4956
47.2 11.3193 44.4956
47.3 11.3193 44.4956
47.4 11.3193 44.4956
47.5 11.3193 44.4956
47.6 11.3193 44.4956
47.7 11.3193 44.4956
47.8 11.3193 44.4957
47.9 11.3193 44.4957
48 11.3193 44.4957
48.1 11.3193 44.4957
48.2 11.3193 44.4957
48.3 11.3193 44.4957
48.4 11.3193 44.4957
48.5 11.3193 44.4957
48.6 11.3193 44.4958
48.7 11.3193 44.4958
48.8 11.3193 44.4958
48.9 11.3193 44.4958
49 11.3193 44.4958
49.1 11.3193 44.4958
49.2 11.3193 44.4958
49.3 11.3193 44.4958
49.4 11.3193 44.4959
49.5 11.3193 44.4959
49.6 11.3193 44.4959
49.7 11.3194 44.4959
49.8 11.3194 44.4959
49.9 11.3194 44.4959
50 11.3194 44.4959
50.1 11.3194 44.4959
50.2 11.3194 44.496
50.3 11.3194 44.496
50.4 11.3194 44.496
50.5 11.3194 44.496
50.6 11.3194 44.496
50.7 11.3194 44.496
50.8 11.3194 44.496
50.9 11.3194 44.496
51 11.3194 44.4961
51.1 11.3194 44.4961
51.2 11.3194 44.4961
51.3 11.3194 44.4961
51.4 11.3194 44.4961
51.5 11.3194 44.4961
51.6 11.3194 44.4961
51.7 11.3194 44.4961
51.8 11.3194 44.4961
51.9 11.3194 44.4961
52 11.3194 44.4961
52.1 11.3194 44.4961
52.2 11.3194 44.4961
52.3 11.3194 44.4961
52.4 11.3194 44.4962
52.5 11.3194 44.4962
52.6 11.3194 44.4962
52.7 11.3194 44.4962
52.8 11.3194 44.4962
52.9 11.3194 44.4962
53 11.3194 44.4962
53.1 11.3194 44.4962
53.2 11.3193 44.4962
53.3 11.3193 44.4962
53.4 11.3193 44.4962
53.5 11.3193 44.4962
53.6 11.3193 44.4962
53.7 11.3193 44.4962
53.8 11.3193 44.4962
53.9 11.3193 44.4962
54 11.3193 44.4962
54.1 11.3193 44.4962
54.2 11.3193 44.4962
54.3 11.3193 44.4962
54.4 11.3193 44.4962
54.5 11.3193 44.4962
54.6 11.3193 44.4962
54.7 11.3192 44.4962
54.8 11.3192 44.4962
54.9 11.3192 44.4962
55 11.3192 44.4962
55.1 11.3192 44.4962
55.2 11.3192 44.4962
55.3 11.3192 44.4962
55.4 11.3192 44.4962
55.5 11.3192 44.4962
55.6 11.3192 44.4962
55.7 11.3191 44.4962
55.8 11.3191 44.4962
55.9 11.3191 44.4962
56 11.3191 44.4962
56.1 11.3191 44.4962
56.2 11.3191 44.4962
56.3 11.3191 44.4962
56.4 11.3191 44.4962
56.5 11.319 44.4962
56.6 11.319 44.4962
56.7 11.319 44.4962
56.8 11.319 44.4962
56.9 11.319 44.4962
57 11.319 44.4962
57.1 11.319 44.4962
57.2 11.3189 44.4962
57.3 11.3189 44.4962
57.4 11.3189 44.4962
57.5 11.3189 44.4962
57.6 11.3189 44.4962
57.7 11.3189 44.4962
57.8 11.3189 44.4962
57.9 11.3188 44.4962
58 11.3188 44.4962
58.1 11.3188 44.4962
58.2 11.3188 44.4962
58.3 11.3188 44.4962
58.4 11.3188 44.4962
58.5 11.3188 44.4962
58.6 11.3188 44.4962
58.7 11.3187 44.4962
58.8 11.3187 44.4962
58.9 11.3187 44.4962
59 11.3187 44.4962
59.1 11.3187 44.4962
59.2 11.3187 44.4962
59.3 11.3187 44.4962
59.4 11.3187 44.4962
59.5 11.3187 44.4962
59.6 11.3187 44.4962
59.7 11.3187 44.4962
59.8 11.3187 44.4962
59.9 11.3187 44.4962
60 11.3187 44.4962
60.1 11.3187 44.4962
60.2 11.3187 44.4962
60.3 11.3186 44.4962
60.4 11.3186 44.4962
60.5 11.3186 44.4962
60.6 11.3186 44.4962
60.7 11.3186 44.4962
60.8 11.3186 44.4962
60.9 11.3186 44.4962
61 11.3186 44.4962
61.1 11.3186 44.4962
61.2 11.3186 44.4962
61.3 11.3186 44.4961
61.4 11.3186 44.4961
61.5 11.3186 44.4961
61.6 11.3186 44.4961
61.7 11.3186 44.4961
61.8 11.3186 44.4961
61.9 11.3186 44.4961
62 11.3186 44.4961
62.1 11.3186 44.4961
62.2 11.3186 44.4961
62.3 11.3186 44.4961
62.4 11.3186 44.4961
62.5 11.3186 44.4961
62.6 11.3186 44.4961
62.7 11.3186 44.4961
62.8 11.3186 44.496
62.9 11.3186 44.496
63 11.3186 44.496
63.1 11.3186 44.496
63.2 11.3186 44.496
63.3 11.3186 44.496
63.4 11.3186 44.496
63.5 11.3186 44.496
63.6 11.3186 44.496
63.7 11.3186 44.496
63.8 11.3186 44.496
63.9 11.3186 44.4959
64 11.3186 44.4959
64.1 11.3186 44.4959
64.2 11.3186 44.4959
64.3 11.3186 44.4959
64.4 11.3186 44.4959
64.5 11.3186 44.4959
64.6 11.3186 44.4959
64.7 11.3186 44.4959
64.8 11.3186 44.4959
64.9 11.3186 44.4958
65 11.3186 44.4958
65.1 11.3186 44.4958
65.2 11.3186 44.4958
65.3 11.3186 44.4958
65.4 11.3186 44.4958
65.5 11.3186 44.4958
65.6 11.3186 44.4958
65.7 11.3186 44.4957
65.8 11.3186 44.4957
65.9 11.3186 44.4957
66 11.3186 44.4957
66.1 11.3186 44.4957
66.2 11.3185 44.4957
66.3 11.3185 44.4957
66.4 11.3185 44.4957
66.5 11.3185 44.4956
66.6 11.3185 44.4956
66.7 11.3185 44.4956
66.8 11.3185 44.4956
66.9 11.3185 44.4956
67 11.3185 44.4956
67.1 11.3185 44.4956
67.2 11.3185 44.4956
67.3 11.3185 44.4955
67.4 11.3185 44.4955
67.5 11.3185 44.4955
67.6 11.3185 44.4955
67.7 11.3185 44.4955
67.8 11.3185 44.4955
67.9 11.3185 44.4955
68 11.3185 44.4955
68.1 11.3185 44.4954
68.2 11.3185 44.4954
68.3 11.3185 44.4954
68.4 11.3185 44.4954
68.5 11.3185 44.4954
68.6 11.3185 44.4954
68.7 11.3185 44.4954
68.8 11.3185 44.4954
68.9 11.3185 44.4954
69 11.3185 44.4954
69.1 11.3185 44.4954
69.2 11.3185 44.4953
69.3 11.3185 44.4953
69.4 11.3185 44.4953
69.5 11.3185 44.4953
69.6 11.3185 44.4953
69.7 11.3185 44.4953
69.8 11.3185 44.4953
69.9 11.3185 44.4953
70 11.3185 44.4953
70.1 11.3185 44.4953
70.2 11.3185 44.4953
70.3 11.3185 44.4953
70.4 11.3185 44.4953
70.5 11.3185 44.4953
70.6 11.3185 44.4953
70.7 11.3185 44.4953
70.8 11.3185 44.4953
70.9 11.3185 44.4953
71 11.3185 44.4953
71.1 11.3185 44.4953
71.2 11.3185 44.4953
71.3 11.3185 44.4953
71.4 11.3185 44.4953
71.5 11.3185 44.4953
71.6 11.3185 44.4953
71.7 11.3185 44.4953
71.8 11.3185 44.4953
71.9 11.3185 44.4953
72 11.3185 44.4953
72.1 11.3185 44.4953
72.2 11.3185 44.4953
72.3 11.3185 44.4953
72.4 11.3185 44.4953
72.5 11.3185 44.4953
72.6 11.3185 44.4953
72.7 11.3185 44.4953
72.8 11.3185 44.4953
72.9 11.3185 44.4953
73 11.3185 44.4953
73.1 11.3185 44.4953
73.2 11.3185 44.4953
73.3 11.3185 44.4953
73.4 11.3185 44.4953
73.5 11.3185 44.4953
73.6 11.3185 44.4953
73.7 11.3185 44.4953
73.8 11.3185 44.4953
73.9 11.3185 44.4953
74 11.3185 44.4953
74.1 11.3185 44.4953
74.2 11.3185 44.4952
74.3 11.3185 44.4952
74.4 11.3185 44.4952
74.5 11.3185 44.4952
74.6 11.3185 44.4952
74.7 11.3185 44.4952
74.8 11.3185 44.4952
74.9 11.3186 44.4952
75 11.3186 44.4952
75.1 11.3186 44.4952
75.2 11.3186 44.4952
75.3 11.3186 44.4952
75.4 11.3186 44.4952
75.5 11.3186 44.4953
75.6 11.3186 44.4953
75.7 11.3186 44.4953
75.8 11.3186 44.4953
75.9 11.3186 44.4953
76 11.3187 44.4953
76.1 11.3187 44.4953
76.2 11.3187 44.4953
76.3 11.3187 44.4953
76.4 11.3187 44.4953
76.5 11.3187 44.4953
76.6 11.3187 44.4953
76.7 11.3187 44.4953
76.8 11.3187 44.4953
76.9 11.3188 44.4953
77 11.3188 44.4953
77.1 11.3188 44.4953
77.2 11.3188 44.4953
77.3 11.3188 44.4953
77.4 11.3188 44.4953
77.5 11.3188 44.4953
77.6 11.3189 44.4953
77.7 11.3189 44.4953
77.8 11.3189 44.4953
77.9 11.3189 44.4953
78 11.3189 44.4953
78.1 11.3189 44.4953
78.2 11.3189 44.4953
78.3 11.319 44.4953
78.4 11.319 44.4953
78.5 11.319 44.4953
78.6 11.319 44.4953
78.7 11.319 44.4953
78.8 11.319 44.4953
78.9 11.3191 44.4953
79 11.3191 44.4953
79.1 11.3191 44.4953
79.2 11.3191 44.4953
79.3 11.3191 44.4953
79.4 11.3191 44.4953
79.5 11.3192 44.4953
79.6 11.3192 44.4953
79.7 11.3192 44.4953
79.8 11.3192 44.4953
79.9 11.3192 44.4953
80 11.3192 44.4953
80.1 11.3192 44.4953
80.2 11.3192 44.4953
80.3 11.3192 44.4953
80.4 11.3193 44.4953
80.5 11.3193 44.4953
80.6 11.3193 44.4953
80.7 11.3193 44.4953
80.8 11.3193 44.4953
80.9 11.3193 44.4953
81 11.3193 44.4953
81.1 11.3193 44.4953
81.2 11.3193 44.4953
81.3 11.3193 44.4953
81.4 11.3193 44.4953
81.5 11.3193 44.4953
81.6 11.3193 44.4953
81.7 11.3193 44.4953
81.8 11.3193 44.4953
81.9 11.3193 44.4954
82 11.3193 44.4954
82.1 11.3193 44.4954
82.2 11.3193 44.4954
82.3 11.3193 44.4954
82.4 11.3193 44.4954
82.5 11.3193 44.4954
82.6 11.3193 44.4954
82.7 11.3193 44.4954
82.8 11.3193 44.4954
82.9 11.3193 44.4954
83 11.3193 44.4954
83.1 11.3193 44.4954
83.2 11.3193 44.4955
83.3 11.3193 44.4955
83.4 11.3193 44.4955
83.5 11.3193 44.4955
83.6 11.3193 44.4955
83.7 11.3193 44.4955
83.8 11.3193 44.4955
83.9 11.3193 44.4955
84 11.3193 44.4955
84.1 11.3193 44.4955
84.2 11.3193 44.4955
84.3 11.3193 44.4956
84.4 11.3193 44.4956
84.5 11.3193 44.4956
84.6 11.3193 44.4956
84.7 11.3193 44.4956
84.8 11.3193 44.4956
84.9 11.3193 44.4956
85 11.3193 44.4956
85.1 11.3193 44.4956
85.2 11.3193 44.4957
85.3 11.3193 44.4957
85.4 11.3193 44.4957
85.5 11.3193 44.4957
85.6 11.3193 44.4957
85.7 11.3193 44.4957
85.8 11.3193 44.4957
85.9 11.3193 44.4957
86 11.3193 44.4958
86.1 11.3193 44.4958
86.2 11.3193 44.4958
86.3 11.3193 44.4958
86.4 11.3193 44.4958
86.5 11.3193 44.4958
86.6 11.3193 44.4958
86.7 11.3193 44.4958
86.8 11.3193 44.4959
86.9 11.3193 44.4959
87 11.3194 44.4959
87.1 11.3194 44.4959
87.2 11.3194 44.4959
87.3 11.3194 44.4959
87.4 11.3194 44.4959
87.5 11.3194 44.496
87.6 11.3194 44.496
87.7 11.3194 44.496
87.8 11.3194 44.496
87.9 11.3194 44.496
88 11.3194 44.496
88.1 11.3194 44.496
88.2 11.3194 44.496
88.3 11.3194 44.496
88.4 11.3194 44.4961
88.5 11.3194 44.4961
88.6 11.3194 44.4961
88.7 11.3194 44.4961
88.8 11.3194 44.4961
88.9 11.3194 44.4961
89 11.3194 44.4961
89.1 11.3194 44.4961
89.2 11.3194 44.4961
89.3 11.3194 44.4961
89.4 11.3194 44.4961
89.5 11.3194 44.4961
89.6 11.3194 44.4961
89.7 11.3194 44.4961
89.8 11.3194 44.4962
89.9 11.3194 44.4962
