0 11.3142 44.4949
0.1 11.3142 44.4949
0.2 11.3142 44.4949
0.3 11.3142 44.4949
0.4 11.3142 44.495
0.5 11.3142 44.495
0.6 11.3142 44.495
0.7 11.3142 44.495
0.8 11.3142 44.495
0.9 11.3142 44.495
1 11.3142 44.495
1.1 11.3142 44.495
1.2 11.3142 44.495
1.3 11.3142 44.495
1.4 11.3142 44.495
1.5 11.3142 44.4951
1.6 11.3142 44.4951
1.7 11.3142 44.4951
1.8 11.3142 44.4951
1.9 11.3142 44.4951
2 11.3142 44.4951
2.1 11.3142 44.4951
2.2 11.3142 44.4951
2.3 11.3142 44.4951
2.4 11.3142 44.4951
2.5 11.3142 44.4952
2.6 11.3142 44.4952
2.7 11.3142 44.4952
2.8 11.3142 44.4952
2.9 11.3142 44.4952
3 11.3142 44.4952
3.1 11.3142 44.4952
3.2 11.3142 44.4952
3.3 11.3142 44.4952
3.4 11.3142 44.4952
3.5 11.3142 44.4952
3.6 11.3142 44.4952
3.7 11.3142 44.4953
3.8 11.3142 44.4953
3.9 11.3142 44.4953
4 11.3142 44.4953
4.1 11.3142 44.4953
4.2 11.3142 44.4953
4.3 11.3142 44.4953
4.4 11.3142 44.4953
4.5 11.3142 44.4953
4.6 11.3142 44.4953
4.7 11.3142 44.4953
4.8 11.3142 44.4953
4.9 11.3142 44.4953
5 11.3142 44.4953
5.1 11.3142 44.4953
5.2 11.3142 44.4954
5.3 11.3142 44.4954
5.4 11.3142 44.4954
5.5 11.3142 44.4954
5.6 11.3142 44.4954
5.7 11.3142 44.4954
5.8 11.3142 44.4954
5.9 11.3142 44.4954
6 11.3142 44.4954
6.1 11.3142 44.4954
6.2 11.3142 44.4954
6.3 11.3142 44.4954
6.4 11.3142 44.4954
6.5 11.3143 44.4954
6.6 11.3143 44.4954
6.7 11.3143 44.4954
6.8 11.3143 44.4954
6.9 11.3143 44.4955
7 11.3143 44.4955
7.1 11.3143 44.4955
7.2 11.3143 44.4955
7.3 11.3143 44.4955
7.4 11.3143 44.4955
7.5 11.3143 44.4955
7.6 11.3143 44.4955
7.7 11.3143 44.4955
7.8 11.3143 44.4955
7.9 11.3144 44.4955
8 11.3144 44.4955
8.1 11.3144 44.4955
8.2 11.3144 44.4955
8.3 11.3144 44.4955
8.4 11.3144 44.4955
8.5 11.3144 44.4955
8.6 11.3144 44.4955
8.7 11.3144 44.4955
8.8 11.3144 44.4955
8.9 11.3145 44.4955
9 11.3145 44.4955
9.1 11.3145 44.4955
9.2 11.3145 44.4955
9.3 11.3145 44.4955
9.4 11.3145 44.4955
9.5 11.3145 44.4955
9.6 11.3145 44.4955
9.7 11.3145 44.4955
9.8 11.3145 44.4955
9.9 11.3145 44.4955
10 11.3146 44.4955
10.1 11.3146 44.4955
10.2 11.3146 44.4955
10.3 11.3146 44.4955
10.4 11.3146 44.4955
10.5 11.3146 44.4955
10.6 11.3146 44.4955
10.7 11.3146 44.4955
10.8 11.3146 44.4955
10.9 11.3146 44.4955
11 11.3147 44.4955
11.1 11.3147 44.4955
11.2 11.3147 44.4955
11.3 11.3147 44.4955
11.4 11.3147 44.4955
11.5 11.3147 44.4955
11.6 11.3147 44.4955
11.7 11.3147 44.4955
11.8 11.3147 44.4955
11.9 11.3147 44.4955
12 11.3147 44.4955
12.1 11.3148 44.4955
12.2 11.3148 44.4955
12.3 11.3148 44.4955
12.4 11.3148 44.4955
12.5 11.3148 44.4955
12.6 11.3148 44.4955
12.7 11.3148 44.4955
12.8 11.3148 44.4955
12.9 11.3148 44.4955
13 11.3148 44.4955
13.1 11.3149 44.4956
13.2 11.3149 44.4956
13.3 11.3149 44.4956
13.4 11.3149 44.4956
13.5 11.3149 44.4956
13.6 11.3149 44.4956
13.7 11.3149 44.4956
13.8 11.3149 44.4956
13.9 11.3149 44.4956
14 11.3149 44.4956
14.1 11.3149 44.4956
14.2 11.315 44.4956
14.3 11.315 44.4956
14.4 11.315 44.4956
14.5 11.315 44.4956
14.6 11.315 44.4956
14.7 11.315 44.4956
14.8 11.315 44.4956
14.9 11.315 44.4956
15 11.315 44.4956
15.1 11.315 44.4956
15.2 11.315 44.4957
15.3 11.315 44.4957
15.4 11.315 44.4957
15.5 11.315 44.4957
15.6 11.315 44.4957
15.7 11.315 44.4957
15.8 11.315 44.4957
15.9 11.315 44.4957
16 11.315 44.4957
16.1 11.315 44.4957
16.2 11.315 44.4957
16.3 11.315 44.4957
16.4 11.315 44.4957
16.5 11.315 44.4957
16.6 11.315 44.4957
16.7 11.315 44.4957
16.8 11.315 44.4957
16.9 11.315 44.4957
17 11.315 44.4957
17.1 11.315 44.4957
17.2 11.315 44.4957
17.3 11.315 44.4957
17.4 11.315 44.4957
17.5 11.315 44.4957
17.6 11.3151 44.4958
17.7 11.3151 44.4958
17.8 11.3151 44.4958
17.9 11.3151 44.4958
18 11.3151 44.4958
18.1 11.3151 44.4958
18.2 11.3151 44.4958
18.3 11.315 44.4958
18.4 11.315 44.4958
18.5 11.315 44.4958
18.6 11.315 44.4958
18.7 11.315 44.4958
18.8 11.315 44.4958
18.9 11.315 44.4958
19 11.315 44.4958
19.1 11.315 44.4958
19.2 11.315 44.4958
19.3 11.315 44.4958
19.4 11.315 44.4958
19.5 11.315 44.4958
19.6 11.315 44.4958
19.7 11.315 44.4957
19.8 11.315 44.4957
19.9 11.315 44.4957
20 11.315 44.4957
20.1 11.315 44.4957
20.2 11.315 44.4957
20.3 11.315 44.4957
20.4 11.315 44.4957
20.5 11.315 44.4957
20.6 11.315 44.4957
20.7 11.315 44.4957
20.8 11.315 44.4957
20.9 11.315 44.4957
21 11.315 44.4957
21.1 11.315 44.4957
21.2 11.315 44.4957
21.3 11.315 44.4957
21.4 11.3149 44.4957
21.5 11.3149 44.4957
21.6 11.3149 44.4956
21.7 11.3149 44.4956
21.8 11.3149 44.4956
21.9 11.3149 44.4956
22 11.3149 44.4956
22.1 11.3149 44.4956
22.2 11.3149 44.4956
22.3 11.3149 44.4956
22.4 11.3149 44.4956
22.5 11.3149 44.4956
22.6 11.3149 44.4956
22.7 11.3149 44.4956
22.8 11.3149 44.4955
22.9 11.3149 44.4955
23 11.3149 44.4955
23.1 11.3149 44.4955
23.2 11.3149 44.4955
23.3 11.3148 44.4955
23.4 11.3148 44.4955
23.5 11.3148 44.4955
23.6 11.3148 44.4955
23.7 11.3148 44.4955
23.8 11.3148 44.4955
23.9 11.3148 44.4954
24 11.3148 44.4954
24.1 11.3148 44.4954
24.2 11.3148 44.4954
24.3 11.3148 44.4954
24.4 11.3148 44.4954
24.5 11.3148 44.4954
24.6 11.3148 44.4954
24.7 11.3147 44.4953
24.8 11.3147 44.4953
24.9 11.3147 44.4953
25 11.3147 44.4953
25.1 11.3147 44.4953
25.2 11.3147 44.4953
25.3 11.3147 44.4953
25.4 11.3147 44.4953
25.5 11.3147 44.4952
25.6 11.3147 44.4952
25.7 11.3147 44.4952
25.8 11.3147 44.4952
25.9 11.3146 44.4952
26 11.3146 44.4952
26.1 11.3146 44.4952
26.2 11.3146 44.4952
26.3 11.3146 44.4951
26.4 11.3146 44.4951
26.5 11.3146 44.4951
26.6 11.3146 44.4951
26.7 11.3146 44.4951
26.8 11.3146 44.4951
26.9 11.3146 44.4951
27 11.3146 44.4951
27.1 11.3145 44.495
27.2 11.3145 44.495
27.3 11.3145 44.495
27.4 11.3145 44.495
27.5 11.3145 44.495
27.6 11.3145 44.495
27.7 11.3145 44.495
27.8 11.3145 44.495
27.9 11.3145 44.495
28 11.3145 44.495
28.1 11.3145 44.495
28.2 11.3145 44.4949
28.3 11.3145 44.4949
28.4 11.3144 44.4949
28.5 11.3144 44.4949
28.6 11.3144 44.4949
28.7 11.3144 44.4949
28.8 11.3144 44.4949
28.9 11.3144 44.4949
29 11.3144 44.4949
29.1 11.3144 44.4949
29.2 11.3144 44.4949
29.3 11.3144 44.4949
29.4 11.3144 44.4949
29.5 11.3144 44.4949
29.6 11.3144 44.4949
29.7 11.3143 44.4948
29.8 11.3143 44.4948
29.9 11.3143 44.4948
30 11.3143 44.4948
30.1 11.3143 44.4948
30.2 11.3143 44.4948
30.3 11.3143 44.4948
30.4 11.3143 44.4948
30.5 11.3143 44.4948
30.6 11.3143 44.4948
30.7 11.3142 44.4948
30.8 11.3142 44.4948
30.9 11.3142 44.4948
31 11.3142 44.4948
31.1 11.3142 44.4948
31.2 11.3142 44.4948
31.3 11.3142 44.4948
31.4 11.3142 44.4948
31.5 11.3141 44.4947
31.6 11.3141 44.4947
31.7 11.3141 44.4947
31.8 11.3141 44.4947
31.9 11.3141 44.4947
32 11.3141 44.4947
32.1 11.3141 44.4947
32.2 11.3141 44.4947
32.3 11.3141 44.4947
32.4 11.3141 44.4947
32.5 11.3141 44.4947
32.6 11.3141 44.4946
32.7 11.3141 44.4946
32.8 11.3141 44.4946
32.9 11.3141 44.4946
33 11.3141 44.4946
33.1 11.3141 44.4946
33.2 11.3141 44.4946
33.3 11.3141 44.4946
33.4 11.3141 44.4946
33.5 11.3141 44.4945
33.6 11.3141 44.4945
33.7 11.3141 44.4945
33.8 11.3141 44.4945
33.9 11.3141 44.4945
34 11.3141 44.4945
34.1 11.3141 44.4945
34.2 11.3141 44.4945
34.3 11.3141 44.4945
34.4 11.3141 44.4945
34.5 11.3141 44.4945
34.6 11.3141 44.4945
34.7 11.3141 44.4945
34.8 11.3141 44.4944
34.9 11.3141 44.4944
35 11.3141 44.4944
35.1 11.3141 44.4944
35.2 11.3141 44.4944
35.3 11.3141 44.4944
35.4 11.3141 44.4944
35.5 11.3141 44.4944
35.6 11.3141 44.4944
35.7 11.3141 44.4944
35.8 11.3141 44.4944
35.9 11.3141 44.4944
36 11.3141 44.4944
36.1 11.3141 44.4944
36.2 11.3141 44.4944
36.3 11.3141 44.4944
36.4 11.3141 44.4943
36.5 11.3141 44.4943
36.6 11.3141 44.4943
36.7 11.3141 44.4943
36.8 11.3141 44.4943
36.9 11.3141 44.4943
37 11.3141 44.4943
37.1 11.3141 44.4943
37.2 11.3141 44.4943
37.3 11.314 44.4943
37.4 11.314 44.4943
37.5 11.314 44.4943
37.6 11.314 44.4942
37.7 11.314 44.4942
37.8 11.314 44.4942
37.9 11.314 44.4942
38 11.314 44.4942
38.1 11.314 44.4942
38.2 11.314 44.4942
38.3 11.314 44.4942
38.4 11.314 44.4942
38.5 11.314 44.4942
38.6 11.314 44.4941
38.7 11.314 44.4941
38.8 11.314 44.4941
38.9 11.314 44.4941
39 11.314 44.4941
39.1 11.3139 44.4941
39.2 11.3139 44.4941
39.3 11.3139 44.4941
39.4 11.3139 44.4941
39.5 11.3139 44.494
39.6 11.3139 44.494
39.7 11.3139 44.494
39.8 11.3139 44.494
39.9 11.3139 44.494
40 11.3139 44.494
40.1 11.3139 44.494
40.2 11.3139 44.494
40.3 11.3138 44.4939
40.4 11.3138 44.4939
40.5 11.3138 44.4939
40.6 11.3138 44.4939
40.7 11.3138 44.4939
40.8 11.3138 44.4939
40.9 11.3138 44.4939
41 11.3138 44.4939
41.1 11.3138 44.4939
41.2 11.3138 44.4939
41.3 11.3138 44.4938
41.4 11.3138 44.4938
41.5 11.3138 44.4938
41.6 11.3138 44.4938
41.7 11.3138 44.4938
41.8 11.3138 44.4938
41.9 11.3138 44.4938
42 11.3137 44.4938
42.1 11.3137 44.4938
42.2 11.3137 44.4938
42.3 11.3137 44.4938
42.4 11.3137 44.4938
42.5 11.3137 44.4938
42.6 11.3137 44.4938
42.7 11.3137 44.4938
42.8 11.3137 44.4938
42.9 11.3137 44.4938
43 11.3137 44.4938
43.1 11.3137 44.4937
43.2 11.3137 44.4937
43.3 11.3137 44.4937
43.4 11.3137 44.4937
43.5 11.3137 44.4937
43.6 11.3137 44.4937
43.7 11.3137 44.4937
43.8 11.3137 44.4937
43.9 11.3138 44.4937
44 11.3138 44.4937
44.1 11.3138 44.4937
44.2 11.3138 44.4937
44.3 11.3138 44.4938
44.4 11.3138 44.4938
44.5 11.3138 44.4938
44.6 11.3138 44.4938
44.7 11.3138 44.4938
44.8 11.3138 44.4938
44.9 11.3138 44.4938
45 11.3138 44.4938
45.1 11.3138 44.4938
45.2 11.3138 44.4938
45.3 11.3138 44.4938
45.4 11.3138 44.4938
45.5 11.3138 44.4938
45.6 11.3138 44.4938
45.7 11.3138 44.4938
45.8 11.3138 44.4938
45.9 11.3138 44.4938
46 11.3138 44.4938
46.1 11.3138 44.4938
46.2 11.3138 44.4938
46.3 11.3138 44.4939
46.4 11.3138 44.4939
46.5 11.3138 44.4939
46.6 11.3138 44.4939
46.7 11.3138 44.4939
46.8 11.3139 44.4939
46.9 11.3139 44.4939
47 11.3139 44.4939
47.1 11.3139 44.4939
47.2 11.3139 44.4939
47.3 11.3139 44.4939
47.4 11.3139 44.4939
47.5 11.3139 44.4939
47.6 11.3139 44.494
47.7 11.3139 44.494
47.8 11.3139 44.494
47.9 11.3139 44.494
48 11.3139 44.494
48.1 11.3139 44.494
48.2 11.3139 44.494
48.3 11.3139 44.494
48.4 11.3139 44.494
48.5 11.3139 44.494
48.6 11.314 44.494
48.7 11.314 44.4941
48.8 11.314 44.4941
48.9 11.314 44.4941
49 11.314 44.4941
49.1 11.314 44.4941
49.2 11.314 44.4941
49.3 11.314 44.4941
49.4 11.314 44.4941
49.5 11.314 44.4941
49.6 11.314 44.4941
49.7 11.314 44.4942
49.8 11.314 44.4942
49.9 11.3141 44.4942
50 11.3141 44.4942
50.1 11.3141 44.4942
50.2 11.3141 44.4942
50.3 11.3141 44.4942
50.4 11.3141 44.4942
50.5 11.3141 44.4943
50.6 11.3141 44.4943
50.7 11.3141 44.4943
50.8 11.3141 44.4943
50.9 11.3141 44.4943
51 11.3141 44.4943
51.1 11.3142 44.4943
51.2 11.3142 44.4943
51.3 11.3142 44.4943
51.4 11.3142 44.4943
51.5 11.3142 44.4944
51.6 11.3142 44.4944
51.7 11.3142 44.4944
51.8 11.3142 44.4944
51.9 11.3142 44.4944
52 11.3142 44.4944
52.1 11.3142 44.4944
52.2 11.3142 44.4944
52.3 11.3142 44.4944
52.4 11.3142 44.4944
52.5 11.3143 44.4944
52.6 11.3143 44.4944
52.7 11.3143 44.4944
52.8 11.3143 44.4944
52.9 11.3143 44.4944
53 11.3143 44.4945
53.1 11.3143 44.4945
53.2 11.3143 44.4945
53.3 11.3143 44.4945
53.4 11.3143 44.4945
53.5 11.3143 44.4945
53.6 11.3143 44.4945
53.7 11.3144 44.4945
53.8 11.3144 44.4945
53.9 11.3144 44.4945
54 11.3144 44.4945
54.1 11.3144 44.4945
54.2 11.3144 44.4945
54.3 11.3144 44.4945
54.4 11.3144 44.4945
54.5 11.3144 44.4945
54.6 11.3144 44.4945
54.7 11.3145 44.4945
54.8 11.3145 44.4945
54.9 11.3145 44.4945
55 11.3145 44.4945
55.1 11.3145 44.4945
55.2 11.3145 44.4945
55.3 11.3145 44.4945
55.4 11.3145 44.4945
55.5 11.3145 44.4945
55.6 11.3145 44.4945
55.7 11.3145 44.4945
55.8 11.3145 44.4944
55.9 11.3145 44.4944
56 11.3145 44.4944
56.1 11.3146 44.4944
56.2 11.3146 44.4944
56.3 11.3146 44.4944
56.4 11.3146 44.4944
56.5 11.3146 44.4944
56.6 11.3146 44.4944
56.7 11.3146 44.4944
56.8 11.3146 44.4944
56.9 11.3146 44.4944
57 11.3146 44.4944
57.1 11.3146 44.4944
57.2 11.3146 44.4944
57.3 11.3146 44.4944
57.4 11.3146 44.4944
57.5 11.3147 44.4944
57.6 11.3147 44.4943
57.7 11.3147 44.4943
57.8 11.3147 44.4943
57.9 11.3147 44.4943
58 11.3147 44.4943
58.1 11.3147 44.4943
58.2 11.3147 44.4943
58.3 11.3147 44.4943
58.4 11.3147 44.4943
58.5 11.3147 44.4943
58.6 11.3147 44.4943
58.7 11.3147 44.4943
58.8 11.3147 44.4943
58.9 11.3148 44.4943
59 11.3148 44.4943
59.1 11.3148 44.4943
59.2 11.3148 44.4943
59.3 11.3148 44.4943
59.4 11.3148 44.4942
59.5 11.3148 44.4942
59.6 11.3148 44.4942
59.7 11.3148 44.4942
59.8 11.3148 44.4942
59.9 11.3148 44.4942
60 11.3148 44.4942
60.1 11.3148 44.4942
60.2 11.3148 44.4942
60.3 11.3149 44.4942
60.4 11.3149 44.4942
60.5 11.3149 44.4942
60.6 11.3149 44.4942
60.7 11.3149 44.4942
60.8 11.3149 44.4942
60.9 11.3149 44.4942
61 11.3149 44.4942
61.1 11.3149 44.4942
61.2 11.3149 44.4942
61.3 11.3149 44.4941
61.4 11.3149 44.4941
61.5 11.3149 44.4941
61.6 11.3149 44.4941
61.7 11.315 44.4941
61.8 11.315 44.4941
61.9 11.315 44.4941
62 11.315 44.4941
62.1 11.315 44.4941
62.2 11.315 44.4941
62.3 11.315 44.4941
62.4 11.315 44.4941
62.5 11.315 44.4941
62.6 11.315 44.4941
62.7 11.315 44.4941
62.8 11.315 44.4941
62.9 11.315 44.4941
63 11.315 44.4941
63.1 11.3151 44.494
63.2 11.3151 44.494
63.3 11.3151 44.494
63.4 11.3151 44.494
63.5 11.3151 44.494
63.6 11.3151 44.494
63.7 11.3151 44.494
63.8 11.3151 44.494
63.9 11.3151 44.494
64 11.3151 44.494
64.1 11.3151 44.494
64.2 11.3151 44.494
64.3 11.3151 44.494
64.4 11.3151 44.494
64.5 11.3151 44.494
64.6 11.3151 44.494
64.7 11.3151 44.494
64.8 11.3151 44.494
64.9 11.3151 44.494
65 11.3151 44.494
65.1 11.3151 44.4939
65.2 11.3151 44.4939
65.3 11.3151 44.4939
65.4 11.3151 44.4939
65.5 11.3151 44.4939
65.6 11.3151 44.4939
65.7 11.3151 44.4939
65.8 11.3151 44.4939
65.9 11.3151 44.4939
66 11.3151 44.4939
66.1 11.3151 44.4939
66.2 11.3151 44.4939
66.3 11.3151 44.4939
66.4 11.3151 44.4939
66.5 11.3151 44.4939
66.6 11.315 44.4939
66.7 11.315 44.4939
66.8 11.315 44.4939
66.9 11.315 44.4939
67 11.315 44.4939
67.1 11.315 44.4938
67.2 11.315 44.4938
67.3 11.315 44.4938
67.4 11.315 44.4938
67.5 11.315 44.4938
67.6 11.315 44.4938
67.7 11.315 44.4938
67.8 11.315 44.4938
67.9 11.3149 44.4938
68 11.3149 44.4938
68.1 11.3149 44.4938
68.2 11.3149 44.4938
68.3 11.3149 44.4938
68.4 11.3149 44.4938
68.5 11.3149 44.4938
68.6 11.3149 44.4938
68.7 11.3149 44.4938
68.8 11.3149 44.4938
68.9 11.3149 44.4937
69 11.3149 44.4937
69.1 11.3149 44.4937
69.2 11.3149 44.4937
69.3 11.3149 44.4937
69.4 11.3149 44.4937
69.5 11.3148 44.4937
69.6 11.3148 44.4937
69.7 11.3148 44.4937
69.8 11.3148 44.4937
69.9 11.3148 44.4937
70 11.3148 44.4937
70.1 11.3148 44.4937
70.2 11.3148 44.4937
70.3 11.3148 44.4937
70.4 11.3148 44.4937
70.5 11.3148 44.4936
70.6 11.3148 44.4936
70.7 11.3148 44.4936
70.8 11.3148 44.4936
70.9 11.3148 44.4936
71 11.3148 44.4936
71.1 11.3147 44.4936
71.2 11.3147 44.4936
71.3 11.3147 44.4936
71.4 11.3147 44.4936
71.5 11.3147 44.4936
71.6 11.3147 44.4936
71.7 11.3147 44.4936
71.8 11.3147 44.4936
71.9 11.3147 44.4936
72 11.3147 44.4936
72.1 11.3147 44.4936
72.2 11.3147 44.4935
72.3 11.3147 44.4935
72.4 11.3147 44.4935
72.5 11.3147 44.4935
72.6 11.3147 44.4935
72.7 11.3147 44.4935
72.8 11.3146 44.4935
72.9 11.3146 44.4935
73 11.3146 44.4935
73.1 11.3146 44.4935
73.2 11.3146 44.4935
73.3 11.3146 44.4935
73.4 11.3146 44.4935
73.5 11.3146 44.4935
73.6 11.3146 44.4935
73.7 11.3146 44.4935
73.8 11.3146 44.4934
73.9 11.3146 44.4934
74 11.3146 44.4934
74.1 11.3146 44.4934
74.2 11.3146 44.4934
74.3 11.3146 44.4934
74.4 11.3146 44.4934
74.5 11.3146 44.4934
74.6 11.3145 44.4934
74.7 11.3145 44.4934
74.8 11.3145 44.4934
74.9 11.3145 44.4934
75 11.3145 44.4934
75.1 11.3145 44.4934
75.2 11.3145 44.4934
75.3 11.3145 44.4933
75.4 11.3145 44.4933
75.5 11.3145 44.4933
75.6 11.3145 44.4933
75.7 11.3145 44.4933
75.8 11.3145 44.4933
75.9 11.3145 44.4933
76 11.3145 44.4933
76.1 11.3145 44.4933
76.2 11.3145 44.4933
76.3 11.3145 44.4933
76.4 11.3145 44.4933
76.5 11.3145 44.4933
76.6 11.3145 44.4933
76.7 11.3145 44.4933
76.8 11.3145 44.4933
76.9 11.3145 44.4933
77 11.3145 44.4933
77.1 11.3145 44.4933
77.2 11.3145 44.4933
77.3 11.3145 44.4933
77.4 11.3145 44.4932
77.5 11.3145 44.4932
77.6 11.3145 44.4932
77.7 11.3145 44.4932
77.8 11.3145 44.4932
77.9 11.3145 44.4932
78 11.3145 44.4932
78.1 11.3145 44.4932
78.2 11.3145 44.4932
78.3 11.3145 44.4932
78.4 11.3145 44.4932
78.5 11.3145 44.4932
78.6 11.3145 44.4932
78.7 11.3145 44.4932
78.8 11.3145 44.4932
78.9 11.3145 44.4932
79 11.3146 44.4932
79.1 11.3146 44.4932
79.2 11.3146 44.4932
79.3 11.3146 44.4932
79.4 11.3146 44.4932
79.5 11.3146 44.4932
79.6 11.3146 44.4932
79.7 11.3146 44.4932
79.8 11.3146 44.4932
79.9 11.3146 44.4932
80 11.3146 44.4932
80.1 11.3147 44.4932
80.2 11.3147 44.4932
80.3 11.3147 44.4932
80.4 11.3147 44.4932
80.5 11.3147 44.4932
80.6 11.3147 44.4932
80.7 11.3147 44.4932
80.8 11.3147 44.4932
80.9 11.3147 44.4932
81 11.3147 44.4932
81.1 11.3148 44.4932
81.2 11.3148 44.4932
81.3 11.3148 44.4932
81.4 11.3148 44.4932
81.5 11.3148 44.4932
81.6 11.3148 44.4932
81.7 11.3148 44.4932
81.8 11.3148 44.4932
81.9 11.3148 44.4932
82 11.3148 44.4932
82.1 11.3149 44.4932
82.2 11.3149 44.4932
82.3 11.3149 44.4932
82.4 11.3149 44.4932
82.5 11.3149 44.4932
82.6 11.3149 44.4932
82.7 11.3149 44.4932
82.8 11.3149 44.4932
82.9 11.3149 44.4932
83 11.3149 44.4932
83.1 11.3149 44.4932
83.2 11.315 44.4932
83.3 11.315 44.4932
83.4 11.315 44.4932
83.5 11.315 44.4932
83.6 11.315 44.4932
83.7 11.315 44.4932
83.8 11.315 44.4932
83.9 11.315 44.4932
84 11.315 44.4932
84.1 11.315 44.4932
84.2 11.3151 44.4932
84.3 11.3151 44.4932
84.4 11.3151 44.4932
84.5 11.3151 44.4932
84.6 11.3151 44.4932
84.7 11.3151 44.4932
84.8 11.3151 44.4932
84.9 11.3151 44.4932
85 11.3151 44.4932
85.1 11.3152 44.4932
85.2 11.3152 44.4932
85.3 11.3152 44.4933
85.4 11.3152 44.4933
85.5 11.3152 44.4933
85.6 11.3152 44.4933
85.7 11.3152 44.4933
85.8 11.3152 44.4933
85.9 11.3152 44.4933
86 11.3152 44.4933
86.1 11.3153 44.4933
86.2 11.3153 44.4933
86.3 11.3153 44.4933
86.4 11.3153 44.4933
86.5 11.3153 44.4933
86.6 11.3153 44.4933
86.7 11.3153 44.4933
86.8 11.3153 44.4933
86.9 11.3153 44.4933
87 11.3153 44.4933
87.1 11.3154 44.4933
87.2 11.3154 44.4933
87.3 11.3154 44.4933
87.4 11.3154 44.4933
87.5 11.3154 44.4933
87.6 11.3154 44.4933
87.7 11.3154 44.4933
87.8 11.3154 44.4933
87.9 11.3154 44.4933
88 11.3155 44.4933
88.1 11.3155 44.4933
88.2 11.3155 44.4933
88.3 11.3155 44.4933
88.4 11.3155 44.4933
88.5 11.3155 44.4933
88.6 11.3155 44.4933
88.7 11.3155 44.4933
88.8 11.3155 44.4933
88.9 11.3155 44.4933
89 11.3155 44.4933
89.1 11.3156 44.4933
89.2 11.3156 44.4933
89.3 11.3156 44.4933
89.4 11.3156 44.4933
89.5 11.3156 44.4933
89.6 11.3156 44.4933
89.7 11.3156 44.4933
89.8 11.3156 44.4933
89.9 11.3156 44.4933
