0 11.3153 44.4961
0.1 11.3153 44.4961
0.2 11.3153 44.4961
0.3 11.3153 44.4961
0.4 11.3153 44.4961
0.5 11.3153 44.4961
0.6 11.3153 44.4961
0.7 11.3153 44.4961
0.8 11.3153 44.4961
0.9 11.3153 44.4961
1 11.3153 44.4961
1.1 11.3153 44.4961
1.2 11.3153 44.4961
1.3 11.3153 44.4961
1.4 11.3153 44.4961
1.5 11.3153 44.4961
1.6 11.3153 44.4961
1.7 11.3153 44.4961
1.8 11.3153 44.4961
1.9 11.3153 44.4962
2 11.3153 44.4962
2.1 11.3153 44.4962
2.2 11.3153 44.4962
2.3 11.3153 44.4962
2.4 11.3153 44.4962
2.5 11.3153 44.4962
2.6 11.3153 44.4962
2.7 11.3153 44.4962
2.8 11.3153 44.4962
2.9 11.3153 44.4962
3 11.3153 44.4962
3.1 11.3153 44.4962
3.2 11.3153 44.4962
3.3 11.3153 44.4962
3.4 11.3153 44.4962
3.5 11.3153 44.4962
3.6 11.3153 44.4962
3.7 11.3153 44.4962
3.8 11.3153 44.4962
3.9 11.3153 44.4962
4 11.3153 44.4962
4.1 11.3153 44.4962
4.2 11.3153 44.4962
4.3 11.3153 44.4962
4.4 11.3153 44.4962
4.5 11.3153 44.4962
4.6 11.3153 44.4962
4.7 11.3154 44.4962
4.8 11.3154 44.4962
4.9 11.3154 44.4962
5 11.3154 44.4962
5.1 11.3154 44.4962
5.2 11.3154 44.4962
5.3 11.3154 44.4962
5.4 11.3154 44.4963
5.5 11.3154 44.4963
5.6 11.3154 44.4963
5.7 11.3154 44.4963
5.8 11.3154 44.4963
5.9 11.3154 44.4963
6 11.3154 44.4963
6.1 11.3154 44.4963
6.2 11.3154 44.4963
6.3 11.3154 44.4963
6.4 11.3154 44.4963
6.5 11.3154 44.4963
6.6 11.3154 44.4963
6.7 11.3154 44.4963
6.8 11.3154 44.4963
6.9 11.3154 44.4963
7 11.3154 44.4964
7.1 11.3154 44.4964
7.2 11.3154 44.4964
7.3 11.3154 44.4964
7.4 11.3155 44.4964
7.5 11.3155 44.4964
7.6 11.3155 44.4964
7.7 11.3155 44.4964
7.8 11.3155 44.4964
7.9 11.3155 44.4964
8 11.3155 44.4964
8.1 11.3155 44.4964
8.2 11.3155 44.4965
8.3 11.3155 44.4965
8.4 11.3155 44.4965
8.5 11.3155 44.4965
8.6 11.3155 44.4965
8.7 11.3155 44.4965
8.8 11.3155 44.4965
8.9 11.3155 44.4965
9 11.3155 44.4965
9.1 11.3156 44.4966
9.2 11.3156 44.4966
9.3 11.3156 44.4966
9.4 11.3156 44.4966
9.5 11.3156 44.4966
9.6 11.3156 44.4966
9.7 11.3156 44.4966
9.8 11.3156 44.4966
9.9 11.3156 44.4967
10 11.3156 44.4967
10.1 11.3156 44.4967
10.2 11.3156 44.4967
10.3 11.3156 44.4967
10.4 11.3157 44.4967
10.5 11.3157 44.4967
10.6 11.3157 44.4967
10.7 11.3157 44.4968
10.8 11.3157 44.4968
10.9 11.3157 44.4968
11 11.3157 44.4968
11.1 11.3157 44.4968
11.2 11.3157 44.4968
11.3 11.3157 44.4968
11.4 11.3157 44.4968
11.5 11.3157 44.4968
11.6 11.3157 44.4968
11.7 11.3157 44.4969
11.8 11.3157 44.4969
11.9 11.3157 44.4969
12 11.3157 44.4969
12.1 11.3158 44.4969
12.2 11.3158 44.4969
12.3 11.3158 44.4969
12.4 11.3158 44.4969
12.5 11.3158 44.4969
12.6 11.3158 44.4969
12.7 11.3158 44.4969
12.8 11.3158 44.4969
12.9 11.3158 44.4969
13 11.3158 44.4969
13.1 11.3157 44.4969
13.2 11.3157 44.4969
13.3 11.3157 44.4969
13.4 11.3157 44.4969
13.5 11.3157 44.4969
13.6 11.3157 44.4969
13.7 11.3157 44.4969
13.8 11.3157 44.4969
13.9 11.3157 44.4969
14 11.3157 44.4969
14.1 11.3157 44.4969
14.2 11.3156 44.4969
14.3 11.3156 44.4969
14.4 11.3156 44.4969
14.5 11.3156 44.4969
14.6 11.3156 44.4969
14.7 11.3156 44.4969
14.8 11.3156 44.4969
14.9 11.3156 44.4969
15 11.3156 44.4969
15.1 11.3155 44.4969
15.2 11.3155 44.4969
15.3 11.3155 44.4969
15.4 11.3155 44.4969
15.5 11.3155 44.4969
15.6 11.3155 44.4969
15.7 11.3155 44.4969
15.8 11.3155 44.4969
15.9 11.3154 44.4969
16 11.3154 44.4969
16.1 11.3154 44.4969
16.2 11.3154 44.4969
16.3 11.3154 44.4969
16.4 11.3154 44.4969
16.5 11.3154 44.4969
16.6 11.3153 44.4969
16.7 11.3153 44.4969
16.8 11.3153 44.4969
16.9 11.3153 44.4969
17 11.3153 44.4969
17.1 11.3153 44.4969
17.2 11.3152 44.4969
17.3 11.3152 44.4969
17.4 11.3152 44.4969
17.5 11.3152 44.4969
17.6 11.3152 44.4969
17.7 11.3151 44.4969
17.8 11.3151 44.4969
17.9 11.3151 44.4969
18 11.3151 44.4969
18.1 11.3151 44.4969
18.2 11.3151 44.4969
18.3 11.315 44.4969
18.4 11.315 44.4969
18.5 11.315 44.4969
18.6 11.315 44.4969
18.7 11.3149 44.4969
18.8 11.3149 44.4969
18.9 11.3149 44.4969
19 11.3149 44.4969
19.1 11.3149 44.4969
19.2 11.3148 44.4969
19.3 11.3148 44.4969
19.4 11.3148 44.4969
19.5 11.3148 44.4969
19.6 11.3148 44.4969
19.7 11.3147 44.4969
19.8 11.3147 44.4969
19.9 11.3147 44.4969
20 11.3147 44.4969
20.1 11.3147 44.4969
20.2 11.3146 44.4969
20.3 11.3146 44.4969
20.4 11.3146 44.4969
20.5 11.3146 44.4969
20.6 11.3146 44.4969
20.7 11.3145 44.4969
20.8 11.3145 44.4969
20.9 11.3145 44.4969
21 11.3145 44.4969
21.1 11.3145 44.4969
21.2 11.3144 44.4969
21.3 11.3144 44.4969
21.4 11.3144 44.4969
21.5 11.3144 44.4969
21.6 11.3144 44.4969
21.7 11.3143 44.4969
21.8 11.3143 44.4969
21.9 11.3143 44.4969
22 11.3143 44.4969
22.1 11.3143 44.4969
22.2 11.3142 44.4969
22.3 11.3142 44.4969
22.4 11.3142 44.4969
22.5 11.3142 44.4969
22.6 11.3141 44.4969
22.7 11.3141 44.4969
22.8 11.3141 44.4969
22.9 11.3141 44.4969
23 11.3141 44.4969
23.1 11.314 44.4969
23.2 11.314 44.4969
23.3 11.314 44.4969
23.4 11.314 44.4969
23.5 11.314 44.4969
23.6 11.3139 44.4969
23.7 11.3139 44.4969
23.8 11.3139 44.4969
23.9 11.3139 44.4969
24 11.3139 44.4969
24.1 11.3138 44.4969
24.2 11.3138 44.4969
24.3 11.3138 44.4969
24.4 11.3138 44.4969
24.5 11.3138 44.4969
24.6 11.3137 44.4969
24.7 11.3137 44.4969
24.8 11.3137 44.4969
24.9 11.3137 44.4969
25 11.3137 44.4969
25.1 11.3136 44.4969
25.2 11.3136 44.4969
25.3 11.3136 44.4969
25.4 11.3136 44.4969
25.5 11.3136 44.4969
25.6 11.3135 44.4969
25.7 11.3135 44.4969
25.8 11.3135 44.4969
25.9 11.3135 44.4969
26 11.3135 44.4969
26.1 11.3134 44.4969
26.2 11.3134 44.4969
26.3 11.3134 44.4969
26.4 11.3134 44.4969
26.5 11.3134 44.4969
26.6 11.3133 44.4969
26.7 11.3133 44.4969
26.8 11.3133 44.4969
26.9 11.3133 44.4969
27 11.3132 44.4969
27.1 11.3132 44.4969
27.2 11.3132 44.4969
27.3 11.3132 44.4969
27.4 11.3132 44.4969
27.5 11.3131 44.4969
27.6 11.3131 44.4969
27.7 11.3131 44.4969
27.8 11.3131 44.4969
27.9 11.3131 44.4969
28 11.313 44.4969
28.1 11.313 44.4969
28.2 11.313 44.4969
28.3 11.313 44.4969
28.4 11.313 44.4969
28.5 11.3129 44.4969
28.6 11.3129 44.4969
28.7 11.3129 44.4969
28.8 11.3129 44.4969
28.9 11.3129 44.4969
29 11.3128 44.4969
29.1 11.3128 44.4969
29.2 11.3128 44.4969
29.3 11.3128 44.4969
29.4 11.3128 44.4969
29.5 11.3127 44.4969
29.6 11.3127 44.4969
29.7 11.3127 44.4969
29.8 11.3127 44.4969
29.9 11.3127 44.4969
30 11.3126 44.4969
30.1 11.3126 44.4969
30.2 11.3126 44.4969
30.3 11.3126 44.4969
30.4 11.3126 44.4969
30.5 11.3125 44.4969
30.6 11.3125 44.4969
30.7 11.3125 44.4969
30.8 11.3125 44.4969
30.9 11.3124 44.4969
31 11.3124 44.4969
31.1 11.3124 44.4969
31.2 11.3124 44.4969
31.3 11.3124 44.4969
31.4 11.3123 44.4969
31.5 11.3123 44.4969
31.6 11.3123 44.4969
31.7 11.3123 44.4969
31.8 11.3123 44.4969
31.9 11.3122 44.4969
32 11.3122 44.4969
32.1 11.3122 44.4969
32.2 11.3122 44.4969
32.3 11.3122 44.4969
32.4 11.3121 44.4969
32.5 11.3121 44.4969
32.6 11.3121 44.4969
32.7 11.3121 44.4969
32.8 11.3121 44.4969
32.9 11.312 44.4969
33 11.312 44.4969
33.1 11.312 44.4969
33.2 11.312 44.4969
33.3 11.312 44.4969
33.4 11.3119 44.4969
33.5 11.3119 44.4969
33.6 11.3119 44.4969
33.7 11.3119 44.4969
33.8 11.3119 44.4969
33.9 11.3118 44.4969
34 11.3118 44.4969
34.1 11.3118 44.4969
34.2 11.3118 44.4969
34.3 11.3118 44.4969
34.4 11.3117 44.4969
34.5 11.3117 44.4969
34.6 11.3117 44.4969
34.7 11.3117 44.4969
34.8 11.3116 44.4969
34.9 11.3116 44.4969
35 11.3116 44.4969
35.1 11.3116 44.4969
35.2 11.3116 44.4969
35.3 11.3116 44.4969
35.4 11.3115 44.4969
35.5 11.3115 44.4969
35.6 11.3115 44.4969
35.7 11.3115 44.4969
35.8 11.3115 44.4969
35.9 11.3115 44.4969
36 11.3114 44.4969
36.1 11.3114 44.4969
36.2 11.3114 44.4969
36.3 11.3114 44.4969
36.4 11.3114 44.4969
36.5 11.3114 44.4969
36.6 11.3114 44.4969
36.7 11.3114 44.4969
36.8 11.3113 44.4969
36.9 11.3113 44.4969
37 11.3113 44.4969
37.1 11.3113 44.4969
37.2 11.3113 44.4969
37.3 11.3113 44.4969
37.4 11.3113 44.4969
37.5 11.3113 44.4969
37.6 11.3113 44.4969
37.7 11.3113 44.4969
37.8 11.3113 44.4969
37.9 11.3113 44.4969
38 11.3113 44.4969
38.1 11.3113 44.4969
38.2 11.3113 44.4968
38.3 11.3113 44.4968
38.4 11.3113 44.4968
38.5 11.3113 44.4968
38.6 11.3113 44.4968
38.7 11.3113 44.4968
38.8 11.3112 44.4968
38.9 11.3112 44.4968
39 11.3112 44.4968
39.1 11.3112 44.4968
39.2 11.3112 44.4968
39.3 11.3112 44.4968
39.4 11.3112 44.4968
39.5 11.3112 44.4967
39.6 11.3112 44.4967
39.7 11.3112 44.4967
39.8 11.3112 44.4967
39.9 11.3112 44.4967
40 11.3112 44.4967
40.1 11.3112 44.4967
40.2 11.3112 44.4967
40.3 11.3112 44.4967
40.4 11.3112 44.4967
40.5 11.3112 44.4967
40.6 11.3112 44.4967
40.7 11.3112 44.4966
40.8 11.3112 44.4966
40.9 11.3112 44.4966
41 11.3112 44.4966
41.1 11.3112 44.4966
41.2 11.3112 44.4966
41.3 11.3112 44.4966
41.4 11.3112 44.4966
41.5 11.3112 44.4966
41.6 11.3112 44.4966
41.7 11.3112 44.4966
41.8 11.3112 44.4966
41.9 11.3111 44.4965
42 11.3111 44.4965
42.1 11.3111 44.4965
42.2 11.3111 44.4965
42.3 11.3111 44.4965
42.4 11.3111 44.4965
42.5 11.3111 44.4965
42.6 11.3111 44.4965
42.7 11.3111 44.4965
42.8 11.3111 44.4965
42.9 11.3111 44.4965
43 11.3111 44.4965
43.1 11.3111 44.4964
43.2 11.3111 44.4964
43.3 11.3111 44.4964
43.4 11.3111 44.4964
43.5 11.3111 44.4964
43.6 11.3111 44.4964
43.7 11.3111 44.4964
43.8 11.3111 44.4964
43.9 11.3111 44.4964
44 11.3111 44.4964
44.1 11.3111 44.4964
44.2 11.3111 44.4963
44.3 11.3111 44.4963
44.4 11.3111 44.4963
44.5 11.3111 44.4963
44.6 11.3111 44.4963
44.7 11.3111 44.4963
44.8 11.3111 44.4963
44.9 11.311 44.4963
45 11.311 44.4963
45.1 11.311 44.4963
45.2 11.311 44.4963
45.3 11.311 44.4963
45.4 11.311 44.4962
45.5 11.311 44.4962
45.6 11.311 44.4962
45.7 11.311 44.4962
45.8 11.311 44.4962
45.9 11.311 44.4962
46 11.311 44.4962
46.1 11.311 44.4962
46.2 11.311 44.4962
46.3 11.311 44.4962
46.4 11.311 44.4962
46.5 11.311 44.4962
46.6 11.311 44.4961
46.7 11.311 44.4961
46.8 11.311 44.4961
46.9 11.311 44.4961
47 11.311 44.4961
47.1 11.311 44.4961
47.2 11.311 44.4961
47.3 11.311 44.4961
47.4 11.311 44.4961
47.5 11.311 44.4961
47.6 11.311 44.4961
47.7 11.311 44.4961
47.8 11.311 44.496
47.9 11.311 44.496
48 11.3109 44.496
48.1 11.3109 44.496
48.2 11.3109 44.496
48.3 11.3109 44.496
48.4 11.3109 44.496
48.5 11.3109 44.496
48.6 11.3109 44.496
48.7 11.3109 44.496
48.8 11.3109 44.496
48.9 11.3109 44.496
49 11.3109 44.4959
49.1 11.3109 44.4959
49.2 11.3109 44.4959
49.3 11.3109 44.4959
49.4 11.3109 44.4959
49.5 11.3109 44.4959
49.6 11.3109 44.4959
49.7 11.3109 44.4959
49.8 11.3108 44.4959
49.9 11.3108 44.4959
50 11.3108 44.4959
50.1 11.3108 44.4959
50.2 11.3108 44.4959
50.3 11.3108 44.4959
50.4 11.3108 44.4959
50.5 11.3108 44.4959
50.6 11.3108 44.4959
50.7 11.3107 44.4959
50.8 11.3107 44.4959
50.9 11.3107 44.4959
51 11.3107 44.4959
51.1 11.3107 44.4959
51.2 11.3107 44.4959
51.3 11.3107 44.4958
51.4 11.3107 44.4958
51.5 11.3107 44.4958
51.6 11.3106 44.4958
51.7 11.3106 44.4958
51.8 11.3106 44.4958
51.9 11.3106 44.4958
52 11.3106 44.4958
52.1 11.3106 44.4958
52.2 11.3106 44.4958
52.3 11.3106 44.4958
52.4 11.3106 44.4958
52.5 11.3106 44.4958
52.6 11.3106 44.4958
52.7 11.3106 44.4957
52.8 11.3106 44.4957
52.9 11.3106 44.4957
53 11.3106 44.4957
53.1 11.3106 44.4957
53.2 11.3106 44.4957
53.3 11.3106 44.4957
53.4 11.3106 44.4957
53.5 11.3106 44.4957
53.6 11.3106 44.4957
53.7 11.3106 44.4957
53.8 11.3106 44.4957
53.9 11.3106 44.4956
54 11.3106 44.4956
54.1 11.3106 44.4956
54.2 11.3106 44.4956
54.3 11.3106 44.4956
54.4 11.3106 44.4956
54.5 11.3106 44.4956
54.6 11.3106 44.4956
54.7 11.3106 44.4956
54.8 11.3106 44.4956
54.9 11.3106 44.4956
55 11.3106 44.4955
55.1 11.3106 44.4955
55.2 11.3106 44.4955
55.3 11.3106 44.4955
55.4 11.3106 44.4955
55.5 11.3106 44.4955
55.6 11.3106 44.4955
55.7 11.3106 44.4955
55.8 11.3106 44.4955
55.9 11.3106 44.4955
56 11.3106 44.4955
56.1 11.3106 44.4955
56.2 11.3106 44.4954
56.3 11.3106 44.4954
56.4 11.3106 44.4954
56.5 11.3106 44.4954
56.6 11.3106 44.4954
56.7 11.3106 44.4954
56.8 11.3106 44.4954
56.9 11.3106 44.4954
57 11.3106 44.4954
57.1 11.3106 44.4954
57.2 11.3106 44.4954
57.3 11.3106 44.4953
57.4 11.3106 44.4953
57.5 11.3106 44.4953
57.6 11.3106 44.4953
57.7 11.3106 44.4953
57.8 11.3106 44.4953
57.9 11.3106 44.4953
58 11.3106 44.4953
58.1 11.3106 44.4953
58.2 11.3106 44.4953
58.3 11.3106 44.4953
58.4 11.3106 44.4953
58.5 11.3106 44.4952
58.6 11.3107 44.4952
58.7 11.3107 44.4952
58.8 11.3107 44.4952
58.9 11.3107 44.4952
59 11.3107 44.4952
59.1 11.3107 44.4952
59.2 11.3107 44.4952
59.3 11.3107 44.4952
59.4 11.3107 44.4952
59.5 11.3107 44.4952
59.6 11.3107 44.4951
59.7 11.3107 44.4951
59.8 11.3107 44.4951
59.9 11.3107 44.4951
60 11.3107 44.4951
60.1 11.3107 44.4951
60.2 11.3107 44.4951
60.3 11.3107 44.4951
60.4 11.3107 44.4951
60.5 11.3107 44.4951
60.6 11.3107 44.4951
60.7 11.3107 44.4951
60.8 11.3107 44.495
60.9 11.3107 44.495
61 11.3107 44.495
61.1 11.3107 44.495
61.2 11.3107 44.495
61.3 11.3107 44.495
61.4 11.3107 44.495
61.5 11.3107 44.495
61.6 11.3107 44.495
61.7 11.3107 44.495
61.8 11.3107 44.495
61.9 11.3107 44.4949
62 11.3107 44.4949
62.1 11.3107 44.4949
62.2 11.3107 44.4949
62.3 11.3107 44.4949
62.4 11.3107 44.4949
62.5 11.3107 44.4949
62.6 11.3107 44.4949
62.7 11.3107 44.4949
62.8 11.3107 44.4949
62.9 11.3107 44.4949
63 11.3107 44.4948
63.1 11.3107 44.4948
63.2 11.3107 44.4948
63.3 11.3107 44.4948
63.4 11.3107 44.4948
63.5 11.3107 44.4948
63.6 11.3107 44.4948
63.7 11.3107 44.4948
63.8 11.3107 44.4948
63.9 11.3107 44.4948
64 11.3107 44.4948
64.1 11.3107 44.4948
64.2 11.3107 44.4947
64.3 11.3107 44.4947
64.4 11.3107 44.4947
64.5 11.3107 44.4947
64.6 11.3107 44.4947
64.7 11.3107 44.4947
64.8 11.3107 44.4947
64.9 11.3107 44.4947
65 11.3107 44.4947
65.1 11.3107 44.4947
65.2 11.3107 44.4947
65.3 11.3107 44.4946
65.4 11.3107 44.4946
65.5 11.3107 44.4946
65.6 11.3107 44.4946
65.7 11.3108 44.4946
65.8 11.3108 44.4946
65.9 11.3108 44.4946
66 11.3108 44.4946
66.1 11.3108 44.4946
66.2 11.3108 44.4946
66.3 11.3108 44.4946
66.4 11.3108 44.4946
66.5 11.3108 44.4945
66.6 11.3108 44.4945
66.7 11.3108 44.4945
66.8 11.3108 44.4945
66.9 11.3108 44.4945
67 11.3108 44.4945
67.1 11.3108 44.4945
67.2 11.3108 44.4945
67.3 11.3108 44.4945
67.4 11.3108 44.4945
67.5 11.3108 44.4945
67.6 11.3108 44.4944
67.7 11.3108 44.4944
67.8 11.3108 44.4944
67.9 11.3108 44.4944
68 11.3108 44.4944
68.1 11.3108 44.4944
68.2 11.3108 44.4944
68.3 11.3108 44.4944
68.4 11.3108 44.4944
68.5 11.3108 44.4944
68.6 11.3108 44.4944
68.7 11.3108 44.4944
68.8 11.3108 44.4943
68.9 11.3108 44.4943
69 11.3108 44.4943
69.1 11.3108 44.4943
69.2 11.3108 44.4943
69.3 11.3108 44.4943
69.4 11.3108 44.4943
69.5 11.3108 44.4943
69.6 11.3108 44.4943
69.7 11.3108 44.4943
69.8 11.3108 44.4943
69.9 11.3108 44.4942
70 11.3108 44.4942
70.1 11.3108 44.4942
70.2 11.3108 44.4942
70.3 11.3108 44.4942
70.4 11.3108 44.4942
70.5 11.3108 44.4942
70.6 11.3108 44.4942
70.7 11.3108 44.4942
70.8 11.3108 44.4942
70.9 11.3108 44.4942
71 11.3108 44.4942
71.1 11.3108 44.4941
71.2 11.3108 44.4941
71.3 11.3108 44.4941
71.4 11.3108 44.4941
71.5 11.3108 44.4941
71.6 11.3108 44.4941
71.7 11.3108 44.4941
71.8 11.3108 44.4941
71.9 11.3108 44.4941
72 11.3108 44.4941
72.1 11.3108 44.4941
72.2 11.3108 44.4941
72.3 11.3108 44.4941
72.4 11.3108 44.4941
72.5 11.3108 44.494
72.6 11.3108 44.494
72.7 11.3108 44.494
72.8 11.3108 44.494
72.9 11.3108 44.494
73 11.3108 44.494
73.1 11.3109 44.494
73.2 11.3109 44.494
73.3 11.3109 44.494
73.4 11.3109 44.494
73.5 11.3109 44.494
73.6 11.3109 44.494
73.7 11.3109 44.494
73.8 11.3109 44.494
73.9 11.3109 44.494
74 11.3109 44.4939
74.1 11.3109 44.4939
74.2 11.3109 44.4939
74.3 11.3109 44.4939
74.4 11.3109 44.4939
74.5 11.3109 44.4939
74.6 11.3109 44.4939
74.7 11.3109 44.4939
74.8 11.3109 44.4939
74.9 11.3109 44.4939
75 11.3109 44.4939
75.1 11.3109 44.4939
75.2 11.3109 44.4939
75.3 11.3109 44.4939
75.4 11.3109 44.4939
75.5 11.3109 44.4939
75.6 11.3109 44.4939
75.7 11.3109 44.4939
75.8 11.3109 44.4939
75.9 11.3109 44.4939
76 11.3109 44.4939
76.1 11.3109 44.4939
76.2 11.3109 44.4939
76.3 11.3109 44.4939
76.4 11.3109 44.4939
76.5 11.3109 44.4939
76.6 11.3109 44.4939
76.7 11.3109 44.4939
76.8 11.3109 44.4939
76.9 11.3109 44.4939
77 11.3109 44.4939
77.1 11.3109 44.4939
77.2 11.3109 44.4939
77.3 11.3109 44.4939
77.4 11.3109 44.4939
77.5 11.3109 44.4939
77.6 11.3109 44.4939
77.7 11.3109 44.4939
77.8 11.3109 44.4939
77.9 11.3109 44.4939
78 11.3109 44.4939
78.1 11.3109 44.4939
78.2 11.3109 44.4939
78.3 11.3109 44.4939
78.4 11.3109 44.4939
78.5 11.3109 44.4939
78.6 11.3109 44.4939
78.7 11.3109 44.4939
78.8 11.3109 44.4939
78.9 11.3109 44.4939
79 11.3109 44.4939
79.1 11.3109 44.4939
79.2 11.3109 44.4939
79.3 11.3109 44.4939
79.4 11.3109 44.4939
79.5 11.3109 44.4939
79.6 11.3109 44.4939
79.7 11.3109 44.4939
79.8 11.3109 44.4939
79.9 11.3109 44.4939
80 11.3109 44.4939
80.1 11.3109 44.4939
80.2 11.3109 44.4939
80.3 11.3109 44.4939
80.4 11.3109 44.4939
80.5 11.3109 44.4939
80.6 11.3109 44.4939
80.7 11.3109 44.4939
80.8 11.3109 44.4939
80.9 11.3109 44.4939
81 11.3109 44.4939
81.1 11.3109 44.4939
81.2 11.3109 44.4939
81.3 11.3109 44.4939
81.4 11.3109 44.4939
81.5 11.3109 44.4939
81.6 11.3109 44.4939
81.7 11.3109 44.4939
81.8 11.3109 44.4939
81.9 11.3109 44.4939
82 11.3109 44.4939
82.1 11.3109 44.4939
82.2 11.3109 44.4939
82.3 11.3109 44.4939
82.4 11.3109 44.4939
82.5 11.3109 44.4939
82.6 11.3109 44.4939
82.7 11.3109 44.4939
82.8 11.3109 44.4939
82.9 11.3109 44.494
83 11.3109 44.494
83.1 11.3109 44.494
83.2 11.3109 44.494
83.3 11.3109 44.494
83.4 11.3109 44.494
83.5 11.311 44.494
83.6 11.311 44.494
83.7 11.311 44.494
83.8 11.311 44.494
83.9 11.311 44.494
84 11.311 44.494
84.1 11.311 44.494
84.2 11.311 44.494
84.3 11.311 44.494
84.4 11.311 44.494
84.5 11.311 44.494
84.6 11.3111 44.494
84.7 11.3111 44.494
84.8 11.3111 44.494
84.9 11.3111 44.494
85 11.3111 44.494
85.1 11.3111 44.494
85.2 11.3111 44.494
85.3 11.3111 44.494
85.4 11.3111 44.494
85.5 11.3112 44.494
85.6 11.3112 44.494
85.7 11.3112 44.494
85.8 11.3112 44.494
85.9 11.3112 44.494
86 11.3112 44.494
86.1 11.3112 44.494
86.2 11.3113 44.494
86.3 11.3113 44.494
86.4 11.3113 44.494
86.5 11.3113 44.494
86.6 11.3113 44.494
86.7 11.3113 44.494
86.8 11.3114 44.494
86.9 11.3114 44.4941
87 11.3114 44.4941
87.1 11.3114 44.4941
87.2 11.3114 44.4941
87.3 11.3114 44.4941
87.4 11.3115 44.4941
87.5 11.3115 44.4941
87.6 11.3115 44.4941
87.7 11.3115 44.4941
87.8 11.3115 44.4941
87.9 11.3116 44.4941
88 11.3116 44.4941
88.1 11.3116 44.4941
88.2 11.3116 44.4941
88.3 11.3116 44.4941
88.4 11.3117 44.4941
88.5 11.3117 44.4941
88.6 11.3117 44.4941
88.7 11.3117 44.4941
88.8 11.3117 44.4941
88.9 11.3118 44.4941
89 11.3118 44.4941
89.1 11.3118 44.4941
89.2 11.3118 44.4941
89.3 11.3118 44.4941
89.4 11.3119 44.4941
89.5 11.3119 44.4941
89.6 11.3119 44.4941
89.7 11.3119 44.4941
89.8 11.312 44.4941
89.9 11.312 44.4941
