0 11.3153 44.4962
0.1 11.3153 44.4962
0.2 11.3153 44.4962
0.3 11.3153 44.4962
0.4 11.3153 44.4962
0.5 11.3153 44.4962
0.6 11.3153 44.4962
0.7 11.3153 44.4962
0.8 11.3153 44.4962
0.9 11.3153 44.4962
1 11.3153 44.4962
1.1 11.3153 44.4962
1.2 11.3153 44.4962
1.3 11.3153 44.4962
1.4 11.3153 44.4962
1.5 11.3153 44.4962
1.6 11.3153 44.4962
1.7 11.3153 44.4962
1.8 11.3153 44.4962
1.9 11.3153 44.4962
2 11.3153 44.4962
2.1 11.3153 44.4962
2.2 11.3153 44.4962
2.3 11.3153 44.4962
2.4 11.3153 44.4962
2.5 11.3153 44.4962
2.6 11.3153 44.4962
2.7 11.3153 44.4962
2.8 11.3153 44.4962
2.9 11.3153 44.4962
3 11.3153 44.4962
3.1 11.3153 44.4962
3.2 11.3153 44.4962
3.3 11.3153 44.4962
3.4 11.3153 44.4962
3.5 11.3153 44.4962
3.6 11.3153 44.4962
3.7 11.3153 44.4962
3.8 11.3153 44.4962
3.9 11.3153 44.4962
4 11.3153 44.4962
4.1 11.3153 44.4962
4.2 11.3153 44.4962
4.3 11.3153 44.4962
4.4 11.3153 44.4962
4.5 11.3153 44.4962
4.6 11.3152 44.4962
4.7 11.3152 44.4962
4.8 11.3152 44.4962
4.9 11.3152 44.4962
5 11.3152 44.4962
5.1 11.3152 44.4962
5.2 11.3152 44.4962
5.3 11.3152 44.4962
5.4 11.3152 44.4962
5.5 11.3152 44.4962
5.6 11.3152 44.4962
5.7 11.3151 44.4962
5.8 11.3151 44.4962
5.9 11.3151 44.4962
6 11.3151 44.4962
6.1 11.3151 44.4962
6.2 11.3151 44.4962
6.3 11.3151 44.4962
6.4 11.3151 44.4962
6.5 11.3151 44.4962
6.6 11.3151 44.4962
6.7 11.315 44.4962
6.8 11.315 44.4962
6.9 11.315 44.4962
7 11.315 44.4962
7.1 11.315 44.4962
7.2 11.315 44.4962
7.3 11.315 44.4962
7.4 11.315 44.4962
7.5 11.3149 44.4962
7.6 11.3149 44.4962
7.7 11.3149 44.4962
7.8 11.3149 44.4962
7.9 11.3149 44.4962
8 11.3149 44.4962
8.1 11.3149 44.4962
8.2 11.3149 44.4962
8.3 11.3149 44.4962
8.4 11.3148 44.4962
8.5 11.3148 44.4962
8.6 11.3148 44.4962
8.7 11.3148 44.4962
8.8 11.3148 44.4962
8.9 11.3148 44.4962
9 11.3148 44.4962
9.1 11.3148 44.4962
9.2 11.3148 44.4962
9.3 11.3148 44.4962
9.4 11.3147 44.4962
9.5 11.3147 44.4962
9.6 11.3147 44.4962
9.7 11.3147 44.4962
9.8 11.3147 44.4962
9.9 11.3147 44.4962
10 11.3147 44.4962
10.1 11.3147 44.4962
10.2 11.3147 44.4962
10.3 11.3146 44.4962
10.4 11.3146 44.4962
10.5 11.3146 44.4962
10.6 11.3146 44.4962
10.7 11.3146 44.4962
10.8 11.3146 44.4962
10.9 11.3146 44.4962
11 11.3146 44.4962
11.1 11.3146 44.4962
11.2 11.3146 44.4962
11.3 11.3145 44.4962
11.4 11.3145 44.4962
11.5 11.3145 44.4962
11.6 11.3145 44.4962
11.7 11.3145 44.4962
11.8 11.3145 44.4962
11.9 11.3145 44.4962
12 11.3145 44.4962
12.1 11.3145 44.4962
12.2 11.3145 44.4962
12.3 11.3144 44.4962
12.4 11.3144 44.4962
12.5 11.3144 44.4962
12.6 11.3144 44.4962
12.7 11.3144 44.4962
12.8 11.3144 44.4962
12.9 11.3144 44.4962
13 11.3144 44.4962
13.1 11.3144 44.4962
13.2 11.3144 44.4962
13.3 11.3143 44.4962
13.4 11.3143 44.4962
13.5 11.3143 44.4962
13.6 11.3143 44.4961
13.7 11.3143 44.4961
13.8 11.3143 44.4961
13.9 11.3143 44.4961
14 11.3143 44.4961
14.1 11.3143 44.4961
14.2 11.3143 44.4961
14.3 11.3142 44.4961
14.4 11.3142 44.4961
14.5 11.3142 44.4961
14.6 11.3142 44.4961
14.7 11.3142 44.4961
14.8 11.3142 44.4961
14.9 11.3142 44.4961
15 11.3142 44.4961
15.1 11.3142 44.4961
15.2 11.3142 44.4961
15.3 11.3141 44.4961
15.4 11.3141 44.4961
15.5 11.3141 44.4961
15.6 11.3141 44.4961
15.7 11.3141 44.4961
15.8 11.3141 44.4961
15.9 11.3141 44.4961
16 11.3141 44.4961
16.1 11.3141 44.4961
16.2 11.3141 44.4961
16.3 11.3141 44.4961
16.4 11.314 44.4961
16.5 11.314 44.4961
16.6 11.314 44.4961
16.7 11.314 44.4961
16.8 11.314 44.4961
16.9 11.314 44.4961
17 11.314 44.4961
17.1 11.314 44.4961
17.2 11.314 44.4961
17.3 11.314 44.4961
17.4 11.3139 44.4961
17.5 11.3139 44.4961
17.6 11.3139 44.4961
17.7 11.3139 44.4961
17.8 11.3139 44.4961
17.9 11.3139 44.4961
18 11.3139 44.4961
18.1 11.3139 44.4961
18.2 11.3139 44.4961
18.3 11.3139 44.4961
18.4 11.3138 44.4961
18.5 11.3138 44.4961
18.6 11.3138 44.4961
18.7 11.3138 44.4961
18.8 11.3138 44.4961
18.9 11.3138 44.4961
19 11.3138 44.4961
19.1 11.3138 44.4961
19.2 11.3138 44.4961
19.3 11.3138 44.4961
19.4 11.3138 44.4961
19.5 11.3137 44.4961
19.6 11.3137 44.4961
19.7 11.3137 44.4961
19.8 11.3137 44.4961
19.9 11.3137 44.4961
20 11.3137 44.4961
20.1 11.3137 44.4961
20.2 11.3137 44.4961
20.3 11.3137 44.4961
20.4 11.3137 44.4961
20.5 11.3136 44.4961
20.6 11.3136 44.4961
20.7 11.3136 44.4961
20.8 11.3136 44.4961
20.9 11.3136 44.4961
21 11.3136 44.4961
21.1 11.3136 44.4961
21.2 11.3136 44.4961
21.3 11.3136 44.4961
21.4 11.3136 44.4961
21.5 11.3135 44.4961
21.6 11.3135 44.4961
21.7 11.3135 44.4961
21.8 11.3135 44.4961
21.9 11.3135 44.4961
22 11.3135 44.4961
22.1 11.3135 44.4961
22.2 11.3135 44.4961
22.3 11.3135 44.4961
22.4 11.3135 44.4961
22.5 11.3135 44.4961
22.6 11.3134 44.4961
22.7 11.3134 44.4961
22.8 11.3134 44.4961
22.9 11.3134 44.4961
23 11.3134 44.4961
23.1 11.3134 44.4961
23.2 11.3134 44.4961
23.3 11.3134 44.4961
23.4 11.3134 44.4961
23.5 11.3134 44.4961
23.6 11.3133 44.496
23.7 11.3133 44.496
23.8 11.3133 44.496
23.9 11.3133 44.496
24 11.3133 44.496
24.1 11.3133 44.496
24.2 11.3133 44.496
24.3 11.3133 44.496
24.4 11.3133 44.496
24.5 11.3133 44.496
24.6 11.3132 44.496
24.7 11.3132 44.496
24.8 11.3132 44.496
24.9 11.3132 44.496
25 11.3132 44.496
25.1 11.3132 44.496
25.2 11.3132 44.496
25.3 11.3132 44.496
25.4 11.3132 44.496
25.5 11.3132 44.496
25.6 11.3132 44.496
25.7 11.3131 44.496
25.8 11.3131 44.496
25.9 11.3131 44.496
26 11.3131 44.496
26.1 11.3131 44.496
26.2 11.3131 44.496
26.3 11.3131 44.496
26.4 11.3131 44.496
26.5 11.3131 44.496
26.6 11.3131 44.496
26.7 11.313 44.496
26.8 11.313 44.496
26.9 11.313 44.496
27 11.313 44.496
27.1 11.313 44.496
27.2 11.313 44.496
27.3 11.313 44.496
27.4 11.313 44.496
27.5 11.313 44.496
27.6 11.313 44.496
27.7 11.3129 44.496
27.8 11.3129 44.496
27.9 11.3129 44.496
28 11.3129 44.496
28.1 11.3129 44.496
28.2 11.3129 44.496
28.3 11.3129 44.496
28.4 11.3129 44.496
28.5 11.3129 44.496
28.6 11.3129 44.496
28.7 11.3129 44.496
28.8 11.3128 44.496
28.9 11.3128 44.496
29 11.3128 44.496
29.1 11.3128 44.496
29.2 11.3128 44.496
29.3 11.3128 44.496
29.4 11.3128 44.496
29.5 11.3128 44.496
29.6 11.3128 44.496
29.7 11.3128 44.496
29.8 11.3127 44.496
29.9 11.3127 44.496
30 11.3127 44.496
30.1 11.3127 44.496
30.2 11.3127 44.496
30.3 11.3127 44.496
30.4 11.3127 44.496
30.5 11.3127 44.496
30.6 11.3127 44.496
30.7 11.3127 44.496
30.8 11.3127 44.496
30.9 11.3126 44.496
31 11.3126 44.496
31.1 11.3126 44.496
31.2 11.3126 44.496
31.3 11.3126 44.496
31.4 11.3126 44.496
31.5 11.3126 44.496
31.6 11.3126 44.496
31.7 11.3126 44.496
31.8 11.3126 44.496
31.9 11.3125 44.496
32 11.3125 44.496
32.1 11.3125 44.496
32.2 11.3125 44.496
32.3 11.3125 44.496
32.4 11.3125 44.496
32.5 11.3125 44.496
32.6 11.3125 44.496
32.7 11.3125 44.496
32.8 11.3125 44.496
32.9 11.3125 44.4959
33 11.3124 44.4959
33.1 11.3124 44.4959
33.2 11.3124 44.4959
33.3 11.3124 44.4959
33.4 11.3124 44.4959
33.5 11.3124 44.4959
33.6 11.3124 44.4959
33.7 11.3124 44.4959
33.8 11.3124 44.4959
33.9 11.3124 44.4959
34 11.3124 44.4959
34.1 11.3124 44.4959
34.2 11.3124 44.4959
34.3 11.3124 44.4959
34.4 11.3124 44.4959
34.5 11.3123 44.4959
34.6 11.3123 44.4959
34.7 11.3123 44.4959
34.8 11.3123 44.4959
34.9 11.3123 44.4958
35 11.3123 44.4958
35.1 11.3123 44.4958
35.2 11.3123 44.4958
35.3 11.3123 44.4958
35.4 11.3123 44.4958
35.5 11.3123 44.4958
35.6 11.3123 44.4958
35.7 11.3123 44.4958
35.8 11.3123 44.4958
35.9 11.3123 44.4958
36 11.3123 44.4958
36.1 11.3123 44.4958
36.2 11.3123 44.4958
36.3 11.3123 44.4958
36.4 11.3123 44.4958
36.5 11.3123 44.4957
36.6 11.3123 44.4957
36.7 11.3123 44.4957
36.8 11.3123 44.4957
36.9 11.3123 44.4957
37 11.3123 44.4957
37.1 11.3123 44.4957
37.2 11.3123 44.4957
37.3 11.3123 44.4957
37.4 11.3122 44.4957
37.5 11.3122 44.4957
37.6 11.3122 44.4957
37.7 11.3122 44.4957
37.8 11.3122 44.4957
37.9 11.3122 44.4957
38 11.3122 44.4956
38.1 11.3122 44.4956
38.2 11.3122 44.4956
38.3 11.3122 44.4956
38.4 11.3122 44.4956
38.5 11.3122 44.4956
38.6 11.3122 44.4956
38.7 11.3122 44.4956
38.8 11.3122 44.4956
38.9 11.3122 44.4956
39 11.3122 44.4956
39.1 11.3122 44.4956
39.2 11.3122 44.4956
39.3 11.3122 44.4956
39.4 11.3122 44.4956
39.5 11.3122 44.4955
39.6 11.3122 44.4955
39.7 11.3122 44.4955
39.8 11.3122 44.4955
39.9 11.3122 44.4955
40 11.3122 44.4955
40.1 11.3122 44.4955
40.2 11.3122 44.4955
40.3 11.3121 44.4955
40.4 11.3121 44.4955
40.5 11.3121 44.4955
40.6 11.3121 44.4955
40.7 11.3121 44.4955
40.8 11.3121 44.4955
40.9 11.3121 44.4955
41 11.3121 44.4955
41.1 11.3121 44.4954
41.2 11.3121 44.4954
41.3 11.3121 44.4954
41.4 11.3121 44.4954
41.5 11.3121 44.4954
41.6 11.3121 44.4954
41.7 11.3121 44.4954
41.8 11.3121 44.4954
41.9 11.3121 44.4954
42 11.3121 44.4954
42.1 11.3121 44.4954
42.2 11.3121 44.4954
42.3 11.3121 44.4954
42.4 11.3121 44.4954
42.5 11.3121 44.4954
42.6 11.3121 44.4953
42.7 11.3121 44.4953
42.8 11.3121 44.4953
42.9 11.3121 44.4953
43 11.3121 44.4953
43.1 11.3121 44.4953
43.2 11.312 44.4953
43.3 11.312 44.4953
43.4 11.312 44.4953
43.5 11.312 44.4953
43.6 11.312 44.4953
43.7 11.312 44.4953
43.8 11.312 44.4953
43.9 11.312 44.4953
44 11.312 44.4953
44.1 11.312 44.4953
44.2 11.312 44.4953
44.3 11.312 44.4953
44.4 11.312 44.4953
44.5 11.312 44.4953
44.6 11.312 44.4952
44.7 11.312 44.4952
44.8 11.312 44.4952
44.9 11.312 44.4952
45 11.312 44.4952
45.1 11.312 44.4952
45.2 11.312 44.4952
45.3 11.312 44.4952
45.4 11.312 44.4952
45.5 11.312 44.4952
45.6 11.312 44.4952
45.7 11.312 44.4952
45.8 11.312 44.4952
45.9 11.312 44.4952
46 11.312 44.4952
46.1 11.312 44.4952
46.2 11.312 44.4952
46.3 11.312 44.4952
46.4 11.312 44.4952
46.5 11.312 44.4952
46.6 11.312 44.4952
46.7 11.312 44.4952
46.8 11.312 44.4952
46.9 11.312 44.4952
47 11.312 44.4952
47.1 11.312 44.4951
47.2 11.312 44.4952
47.3 11.312 44.4952
47.4 11.312 44.4952
47.5 11.312 44.4952
47.6 11.312 44.4952
47.7 11.312 44.4952
47.8 11.312 44.4952
47.9 11.312 44.4952
48 11.312 44.4952
48.1 11.312 44.4952
48.2 11.3121 44.4952
48.3 11.3121 44.4952
48.4 11.3121 44.4952
48.5 11.3121 44.4952
48.6 11.3121 44.4952
48.7 11.3121 44.4952
48.8 11.3121 44.4952
48.9 11.3121 44.4952
49 11.3121 44.4952
49.1 11.3121 44.4952
49.2 11.3121 44.4952
49.3 11.3121 44.4952
49.4 11.3122 44.4952
49.5 11.3122 44.4952
49.6 11.3122 44.4952
49.7 11.3122 44.4952
49.8 11.3122 44.4952
49.9 11.3122 44.4952
50 11.3122 44.4952
50.1 11.3122 44.4952
50.2 11.3122 44.4952
50.3 11.3123 44.4952
50.4 11.3123 44.4952
50.5 11.3123 44.4952
50.6 11.3123 44.4952
50.7 11.3123 44.4952
50.8 11.3123 44.4952
50.9 11.3123 44.4952
51 11.3123 44.4952
51.1 11.3123 44.4952
51.2 11.3124 44.4952
51.3 11.3124 44.4952
51.4 11.3124 44.4952
51.5 11.3124 44.4952
51.6 11.3124 44.4952
51.7 11.3124 44.4952
51.8 11.3124 44.4952
51.9 11.3124 44.4952
52 11.3124 44.4952
52.1 11.3124 44.4952
52.2 11.3125 44.4952
52.3 11.3125 44.4952
52.4 11.3125 44.4952
52.5 11.3125 44.4952
52.6 11.3125 44.4952
52.7 11.3125 44.4952
52.8 11.3125 44.4952
52.9 11.3125 44.4952
53 11.3125 44.4952
53.1 11.3125 44.4952
53.2 11.3126 44.4952
53.3 11.3126 44.4952
53.4 11.3126 44.4952
53.5 11.3126 44.4952
53.6 11.3126 44.4952
53.7 11.3126 44.4952
53.8 11.3126 44.4952
53.9 11.3126 44.4952
54 11.3126 44.4952
54.1 11.3126 44.4952
54.2 11.3127 44.4952
54.3 11.3127 44.4952
54.4 11.3127 44.4952
54.5 11.3127 44.4952
54.6 11.3127 44.4952
54.7 11.3127 44.4952
54.8 11.3127 44.4952
54.9 11.3127 44.4952
55 11.3127 44.4952
55.1 11.3127 44.4952
55.2 11.3127 44.4953
55.3 11.3128 44.4953
55.4 11.3128 44.4953
55.5 11.3128 44.4953
55.6 11.3128 44.4953
55.7 11.3128 44.4953
55.8 11.3128 44.4953
55.9 11.3128 44.4953
56 11.3128 44.4953
56.1 11.3128 44.4953
56.2 11.3128 44.4953
56.3 11.3129 44.4953
56.4 11.3129 44.4953
56.5 11.3129 44.4953
56.6 11.3129 44.4953
56.7 11.3129 44.4953
56.8 11.3129 44.4953
56.9 11.3129 44.4953
57 11.3129 44.4953
57.1 11.3129 44.4953
57.2 11.3129 44.4953
57.3 11.313 44.4953
57.4 11.313 44.4953
57.5 11.313 44.4953
57.6 11.313 44.4953
57.7 11.313 44.4953
57.8 11.313 44.4953
57.9 11.313 44.4953
58 11.313 44.4953
58.1 11.313 44.4953
58.2 11.313 44.4953
58.3 11.3131 44.4953
58.4 11.3131 44.4953
58.5 11.3131 44.4953
58.6 11.3131 44.4953
58.7 11.3131 44.4953
58.8 11.3131 44.4953
58.9 11.3131 44.4953
59 11.3131 44.4953
59.1 11.3131 44.4953
59.2 11.3131 44.4953
59.3 11.3132 44.4953
59.4 11.3132 44.4953
59.5 11.3132 44.4953
59.6 11.3132 44.4953
59.7 11.3132 44.4953
59.8 11.3132 44.4953
59.9 11.3132 44.4953
60 11.3132 44.4953
60.1 11.3132 44.4953
60.2 11.3132 44.4953
60.3 11.3132 44.4953
60.4 11.3133 44.4953
60.5 11.3133 44.4953
60.6 11.3133 44.4953
60.7 11.3133 44.4953
60.8 11.3133 44.4953
60.9 11.3133 44.4953
61 11.3133 44.4953
61.1 11.3133 44.4953
61.2 11.3133 44.4953
61.3 11.3133 44.4953
61.4 11.3134 44.4953
61.5 11.3134 44.4953
61.6 11.3134 44.4953
61.7 11.3134 44.4953
61.8 11.3134 44.4953
61.9 11.3134 44.4953
62 11.3134 44.4953
62.1 11.3134 44.4953
62.2 11.3134 44.4953
62.3 11.3134 44.4953
62.4 11.3135 44.4953
62.5 11.3135 44.4953
62.6 11.3135 44.4953
62.7 11.3135 44.4954
62.8 11.3135 44.4954
62.9 11.3135 44.4954
63 11.3135 44.4954
63.1 11.3135 44.4954
63.2 11.3135 44.4954
63.3 11.3135 44.4954
63.4 11.3135 44.4954
63.5 11.3136 44.4954
63.6 11.3136 44.4954
63.7 11.3136 44.4954
63.8 11.3136 44.4954
63.9 11.3136 44.4954
64 11.3136 44.4954
64.1 11.3136 44.4954
64.2 11.3136 44.4954
64.3 11.3136 44.4954
64.4 11.3136 44.4954
64.5 11.3137 44.4954
64.6 11.3137 44.4954
64.7 11.3137 44.4954
64.8 11.3137 44.4954
64.9 11.3137 44.4954
65 11.3137 44.4954
65.1 11.3137 44.4954
65.2 11.3137 44.4954
65.3 11.3137 44.4954
65.4 11.3137 44.4954
65.5 11.3137 44.4954
65.6 11.3138 44.4954
65.7 11.3138 44.4954
65.8 11.3138 44.4954
65.9 11.3138 44.4954
66 11.3138 44.4954
66.1 11.3138 44.4954
66.2 11.3138 44.4954
66.3 11.3138 44.4954
66.4 11.3138 44.4954
66.5 11.3138 44.4954
66.6 11.3139 44.4954
66.7 11.3139 44.4954
66.8 11.3139 44.4954
66.9 11.3139 44.4954
67 11.3139 44.4954
67.1 11.3139 44.4954
67.2 11.3139 44.4954
67.3 11.3139 44.4954
67.4 11.3139 44.4954
67.5 11.3139 44.4954
67.6 11.314 44.4954
67.7 11.314 44.4954
67.8 11.314 44.4954
67.9 11.314 44.4954
68 11.314 44.4954
68.1 11.314 44.4954
68.2 11.314 44.4954
68.3 11.314 44.4954
68.4 11.314 44.4954
68.5 11.314 44.4954
68.6 11.314 44.4954
68.7 11.3141 44.4954
68.8 11.3141 44.4954
68.9 11.3141 44.4954
69 11.3141 44.4954
69.1 11.3141 44.4954
69.2 11.3141 44.4954
69.3 11.3141 44.4954
69.4 11.3141 44.4954
69.5 11.3141 44.4954
69.6 11.3141 44.4954
69.7 11.3142 44.4954
69.8 11.3142 44.4954
69.9 11.3142 44.4954
70 11.3142 44.4954
70.1 11.3142 44.4954
70.2 11.3142 44.4954
70.3 11.3142 44.4954
70.4 11.3142 44.4955
70.5 11.3142 44.4955
70.6 11.3142 44.4955
70.7 11.3142 44.4955
70.8 11.3143 44.4955
70.9 11.3143 44.4955
71 11.3143 44.4955
71.1 11.3143 44.4955
71.2 11.3143 44.4955
71.3 11.3143 44.4955
71.4 11.3143 44.4955
71.5 11.3143 44.4955
71.6 11.3143 44.4955
71.7 11.3143 44.4955
71.8 11.3144 44.4955
71.9 11.3144 44.4955
72 11.3144 44.4955
72.1 11.3144 44.4955
72.2 11.3144 44.4955
72.3 11.3144 44.4955
72.4 11.3144 44.4955
72.5 11.3144 44.4955
72.6 11.3144 44.4955
72.7 11.3144 44.4955
72.8 11.3144 44.4955
72.9 11.3145 44.4955
73 11.3145 44.4955
73.1 11.3145 44.4955
73.2 11.3145 44.4955
73.3 11.3145 44.4955
73.4 11.3145 44.4955
73.5 11.3145 44.4955
73.6 11.3145 44.4955
73.7 11.3145 44.4955
73.8 11.3145 44.4955
73.9 11.3146 44.4955
74 11.3146 44.4955
74.1 11.3146 44.4955
74.2 11.3146 44.4955
74.3 11.3146 44.4955
74.4 11.3146 44.4955
74.5 11.3146 44.4955
74.6 11.3146 44.4955
74.7 11.3146 44.4955
74.8 11.3146 44.4955
74.9 11.3146 44.4955
75 11.3146 44.4955
75.1 11.3146 44.4955
75.2 11.3146 44.4955
75.3 11.3146 44.4955
75.4 11.3146 44.4955
75.5 11.3146 44.4955
75.6 11.3147 44.4955
75.7 11.3147 44.4955
75.8 11.3147 44.4955
75.9 11.3147 44.4955
76 11.3147 44.4955
76.1 11.3147 44.4955
76.2 11.3147 44.4955
76.3 11.3147 44.4955
76.4 11.3147 44.4955
76.5 11.3147 44.4955
76.6 11.3147 44.4955
76.7 11.3147 44.4955
76.8 11.3147 44.4955
76.9 11.3147 44.4955
77 11.3147 44.4955
77.1 11.3147 44.4955
77.2 11.3147 44.4955
77.3 11.3147 44.4955
77.4 11.3148 44.4955
77.5 11.3148 44.4955
77.6 11.3148 44.4955
77.7 11.3148 44.4955
77.8 11.3148 44.4955
77.9 11.3148 44.4955
78 11.3148 44.4955
78.1 11.3148 44.4955
78.2 11.3148 44.4955
78.3 11.3148 44.4955
78.4 11.3148 44.4955
78.5 11.3148 44.4955
78.6 11.3148 44.4955
78.7 11.3148 44.4955
78.8 11.3148 44.4955
78.9 11.3148 44.4955
79 11.3148 44.4955
79.1 11.3148 44.4955
79.2 11.3148 44.4955
79.3 11.3148 44.4955
79.4 11.3148 44.4955
79.5 11.3148 44.4955
79.6 11.3148 44.4955
79.7 11.3148 44.4955
79.8 11.3148 44.4955
79.9 11.3148 44.4955
80 11.3148 44.4955
80.1 11.3148 44.4955
80.2 11.3148 44.4955
80.3 11.3148 44.4955
80.4 11.3148 44.4954
80.5 11.3148 44.4954
80.6 11.3148 44.4954
80.7 11.3148 44.4954
80.8 11.3148 44.4954
80.9 11.3148 44.4954
81 11.3148 44.4954
81.1 11.3148 44.4954
81.2 11.3148 44.4954
81.3 11.3148 44.4954
81.4 11.3148 44.4954
81.5 11.3148 44.4954
81.6 11.3148 44.4954
81.7 11.3147 44.4953
81.8 11.3147 44.4953
81.9 11.3147 44.4953
82 11.3147 44.4953
82.1 11.3147 44.4953
82.2 11.3147 44.4953
82.3 11.3147 44.4953
82.4 11.3147 44.4953
82.5 11.3147 44.4953
82.6 11.3147 44.4953
82.7 11.3147 44.4953
82.8 11.3147 44.4952
82.9 11.3147 44.4952
83 11.3147 44.4952
83.1 11.3147 44.4952
83.2 11.3146 44.4952
83.3 11.3146 44.4952
83.4 11.3146 44.4952
83.5 11.3146 44.4952
83.6 11.3146 44.4952
83.7 11.3146 44.4951
83.8 11.3146 44.4951
83.9 11.3146 44.4951
84 11.3146 44.4951
84.1 11.3146 44.4951
84.2 11.3146 44.4951
84.3 11.3146 44.4951
84.4 11.3146 44.4951
84.5 11.3145 44.495
84.6 11.3145 44.495
84.7 11.3145 44.495
84.8 11.3145 44.495
84.9 11.3145 44.495
85 11.3145 44.495
85.1 11.3145 44.495
85.2 11.3145 44.495
85.3 11.3145 44.495
85.4 11.3145 44.495
85.5 11.3145 44.4949
85.6 11.3144 44.4949
85.7 11.3144 44.4949
85.8 11.3144 44.4949
85.9 11.3144 44.4949
86 11.3144 44.4949
86.1 11.3144 44.4949
86.2 11.3144 44.4949
86.3 11.3144 44.4949
86.4 11.3144 44.4949
86.5 11.3144 44.4949
86.6 11.3144 44.4949
86.7 11.3144 44.4949
86.8 11.3144 44.4949
86.9 11.3143 44.4948
87 11.3143 44.4948
87.1 11.3143 44.4948
87.2 11.3143 44.4948
87.3 11.3143 44.4948
87.4 11.3143 44.4948
87.5 11.3143 44.4948
87.6 11.3143 44.4948
87.7 11.3143 44.4948
87.8 11.3142 44.4948
87.9 11.3142 44.4948
88 11.3142 44.4948
88.1 11.3142 44.4948
88.2 11.3142 44.4948
88.3 11.3142 44.4948
88.4 11.3142 44.4948
88.5 11.3141 44.4947
88.6 11.3141 44.4947
88.7 11.3141 44.4947
88.8 11.3141 44.4947
88.9 11.3141 44.4947
89 11.3141 44.4947
89.1 11.3141 44.4947
89.2 11.3141 44.4947
89.3 11.3141 44.4947
89.4 11.3141 44.4947
89.5 11.3141 44.4947
89.6 11.314 44.4947
89.7 11.314 44.4946
89.8 11.314 44.4946
89.9 11.314 44.4946
