0 11.3187 44.4962
0.1 11.3187 44.4962
0.2 11.3186 44.4962
0.3 11.3186 44.4962
0.4 11.3186 44.4962
0.5 11.3186 44.4962
0.6 11.3186 44.4962
0.7 11.3186 44.4962
0.8 11.3186 44.4962
0.9 11.3186 44.4962
1 11.3186 44.4962
1.1 11.3186 44.4962
1.2 11.3186 44.4962
1.3 11.3186 44.4961
1.4 11.3186 44.4961
1.5 11.3186 44.4961
1.6 11.3186 44.4961
1.7 11.3186 44.4961
1.8 11.3186 44.4961
1.9 11.3186 44.4961
2 11.3186 44.4961
2.1 11.3186 44.4961
2.2 11.3186 44.4961
2.3 11.3186 44.4961
2.4 11.3186 44.4961
2.5 11.3186 44.4961
2.6 11.3186 44.4961
2.7 11.3186 44.4961
2.8 11.3186 44.496
2.9 11.3186 44.496
3 11.3186 44.496
3.1 11.3186 44.496
3.2 11.3186 44.496
3.3 11.3186 44.496
3.4 11.3186 44.496
3.5 11.3186 44.496
3.6 11.3186 44.496
3.7 11.3186 44.496
3.8 11.3186 44.496
3.9 11.3186 44.4959
4 11.3186 44.4959
4.1 11.3186 44.4959
4.2 11.3186 44.4959
4.3 11.3186 44.4959
4.4 11.3186 44.4959
4.5 11.3186 44.4959
4.6 11.3186 44.4959
4.7 11.3186 44.4959
4.8 11.3186 44.4959
4.9 11.3186 44.4958
5 11.3186 44.4958
5.1 11.3186 44.4958
5.2 11.3186 44.4958
5.3 11.3186 44.4958
5.4 11.3186 44.4958
5.5 11.3186 44.4958
5.6 11.3186 44.4958
5.7 11.3186 44.4957
5.8 11.3186 44.4957
5.9 11.3186 44.4957
6 11.3186 44.4957
6.1 11.3185 44.4957
6.2 11.3185 44.4957
6.3 11.3185 44.4957
6.4 11.3185 44.4957
6.5 11.3185 44.4956
6.6 11.3185 44.4956
6.7 11.3185 44.4956
6.8 11.3185 44.4956
6.9 11.3185 44.4956
7 11.3185 44.4956
7.1 11.3185 44.4956
7.2 11.3185 44.4956
7.3 11.3185 44.4956
7.4 11.3185 44.4956
7.5 11.3185 44.4955
7.6 11.3185 44.4955
7.7 11.3185 44.4955
7.8 11.3185 44.4955
7.9 11.3185 44.4955
8 11.3185 44.4955
8.1 11.3185 44.4955
8.2 11.3185 44.4955
8.3 11.3185 44.4955
8.4 11.3185 44.4955
8.5 11.3185 44.4955
8.6 11.3185 44.4955
8.7 11.3185 44.4955
8.8 11.3185 44.4955
8.9 11.3185 44.4954
9 11.3185 44.4954
9.1 11.3185 44.4954
9.2 11.3185 44.4954
9.3 11.3185 44.4954
9.4 11.3185 44.4954
9.5 11.3185 44.4954
9.6 11.3185 44.4954
9.7 11.3185 44.4954
9.8 11.3185 44.4954
9.9 11.3185 44.4954
10 11.3185 44.4954
10.1 11.3185 44.4954
10.2 11.3185 44.4954
10.3 11.3185 44.4954
10.4 11.3185 44.4954
10.5 11.3185 44.4954
10.6 11.3185 44.4954
10.7 11.3185 44.4954
10.8 11.3185 44.4954
10.9 11.3185 44.4953
11 11.3185 44.4953
11.1 11.3185 44.4953
11.2 11.3185 44.4953
11.3 11.3185 44.4953
11.4 11.3185 44.4953
11.5 11.3185 44.4953
11.6 11.3185 44.4953
11.7 11.3185 44.4953
11.8 11.3185 44.4953
11.9 11.3185 44.4953
12 11.3185 44.4953
12.1 11.3185 44.4953
12.2 11.3185 44.4953
12.3 11.3185 44.4953
12.4 11.3185 44.4953
12.5 11.3185 44.4953
12.6 11.3185 44.4953
12.7 11.3185 44.4953
12.8 11.3185 44.4953
12.9 11.3185 44.4953
13 11.3185 44.4953
13.1 11.3185 44.4953
13.2 11.3185 44.4953
13.3 11.3185 44.4953
13.4 11.3185 44.4953
13.5 11.3185 44.4953
13.6 11.3185 44.4953
13.7 11.3185 44.4953
13.8 11.3185 44.4953
13.9 11.3185 44.4953
14 11.3185 44.4953
14.1 11.3185 44.4953
14.2 11.3185 44.4953
14.3 11.3185 44.4953
14.4 11.3185 44.4953
14.5 11.3185 44.4953
14.6 11.3185 44.4953
14.7 11.3185 44.4953
14.8 11.3185 44.4953
14.9 11.3185 44.4953
15 11.3185 44.4953
15.1 11.3185 44.4953
15.2 11.3185 44.4953
15.3 11.3185 44.4953
15.4 11.3185 44.4953
15.5 11.3185 44.4953
15.6 11.3185 44.4953
15.7 11.3185 44.4953
15.8 11.3185 44.4953
15.9 11.3185 44.4953
16 11.3185 44.4953
16.1 11.3185 44.4953
16.2 11.3185 44.4953
16.3 11.3185 44.4953
16.4 11.3185 44.4953
16.5 11.3185 44.4953
16.6 11.3185 44.4953
16.7 11.3185 44.4953
16.8 11.3185 44.4953
16.9 11.3185 44.4953
17 11.3185 44.4953
17.1 11.3185 44.4953
17.2 11.3185 44.4953
17.3 11.3185 44.4953
17.4 11.3185 44.4953
17.5 11.3185 44.4953
17.6 11.3185 44.4953
17.7 11.3185 44.4953
17.8 11.3185 44.4953
17.9 11.3185 44.4953
18 11.3185 44.4953
18.1 11.3185 44.4953
18.2 11.3185 44.4953
18.3 11.3185 44.4953
18.4 11.3185 44.4953
18.5 11.3185 44.4953
18.6 11.3185 44.4952
18.7 11.3185 44.4952
18.8 11.3185 44.4952
18.9 11.3185 44.4952
19 11.3185 44.4952
19.1 11.3185 44.4952
19.2 11.3185 44.4952
19.3 11.3185 44.4952
19.4 11.3186 44.4952
19.5 11.3186 44.4952
19.6 11.3186 44.4952
19.7 11.3186 44.4952
19.8 11.3186 44.4952
19.9 11.3186 44.4953
20 11.3186 44.4953
20.1 11.3186 44.4953
20.2 11.3186 44.4953
20.3 11.3186 44.4953
20.4 11.3187 44.4953
20.5 11.3187 44.4953
20.6 11.3187 44.4953
20.7 11.3187 44.4953
20.8 11.3187 44.4953
20.9 11.3187 44.4953
21 11.3187 44.4953
21.1 11.3187 44.4953
21.2 11.3187 44.4953
21.3 11.3188 44.4953
21.4 11.3188 44.4953
21.5 11.3188 44.4953
21.6 11.3188 44.4953
21.7 11.3188 44.4953
21.8 11.3188 44.4953
21.9 11.3188 44.4953
22 11.3188 44.4953
22.1 11.3189 44.4953
22.2 11.3189 44.4953
22.3 11.3189 44.4953
22.4 11.3189 44.4953
22.5 11.3189 44.4953
22.6 11.3189 44.4953
22.7 11.319 44.4953
22.8 11.319 44.4953
22.9 11.319 44.4953
23 11.319 44.4953
23.1 11.319 44.4953
23.2 11.319 44.4953
23.3 11.3191 44.4953
23.4 11.3191 44.4953
23.5 11.3191 44.4953
23.6 11.3191 44.4953
23.7 11.3191 44.4953
23.8 11.3191 44.4953
23.9 11.3192 44.4953
24 11.3192 44.4953
24.1 11.3192 44.4953
24.2 11.3192 44.4953
24.3 11.3192 44.4953
24.4 11.3192 44.4953
24.5 11.3192 44.4953
24.6 11.3192 44.4953
24.7 11.3192 44.4953
24.8 11.3193 44.4953
24.9 11.3193 44.4953
25 11.3193 44.4953
25.1 11.3193 44.4953
25.2 11.3193 44.4953
25.3 11.3193 44.4953
25.4 11.3193 44.4953
25.5 11.3193 44.4953
25.6 11.3193 44.4953
25.7 11.3193 44.4953
25.8 11.3193 44.4953
25.9 11.3193 44.4953
26 11.3193 44.4953
26.1 11.3193 44.4953
26.2 11.3193 44.4953
26.3 11.3193 44.4954
26.4 11.3193 44.4954
26.5 11.3193 44.4954
26.6 11.3193 44.4954
26.7 11.3193 44.4954
26.8 11.3193 44.4954
26.9 11.3193 44.4954
27 11.3193 44.4954
27.1 11.3193 44.4954
27.2 11.3193 44.4954
27.3 11.3193 44.4954
27.4 11.3193 44.4954
27.5 11.3193 44.4954
27.6 11.3193 44.4955
27.7 11.3193 44.4955
27.8 11.3193 44.4955
27.9 11.3193 44.4955
28 11.3193 44.4955
28.1 11.3193 44.4955
28.2 11.3193 44.4955
28.3 11.3193 44.4955
28.4 11.3193 44.4955
28.5 11.3193 44.4955
28.6 11.3193 44.4956
28.7 11.3193 44.4956
28.8 11.3193 44.4956
28.9 11.3193 44.4956
29 11.3193 44.4956
29.1 11.3193 44.4956
29.2 11.3193 44.4956
29.3 11.3193 44.4956
29.4 11.3193 44.4956
29.5 11.3193 44.4957
29.6 11.3193 44.4957
29.7 11.3193 44.4957
29.8 11.3193 44.4957
29.9 11.3193 44.4957
30 11.3193 44.4957
30.1 11.3193 44.4957
30.2 11.3193 44.4957
30.3 11.3193 44.4958
30.4 11.3193 44.4958
30.5 11.3193 44.4958
30.6 11.3193 44.4958
30.7 11.3193 44.4958
30.8 11.3193 44.4958
30.9 11.3193 44.4958
31 11.3193 44.4959
31.1 11.3193 44.4959
31.2 11.3193 44.4959
31.3 11.3193 44.4959
31.4 11.3193 44.4959
31.5 11.3194 44.4959
31.6 11.3194 44.4959
31.7 11.3194 44.4959
31.8 11.3194 44.4959
31.9 11.3194 44.496
32 11.3194 44.496
32.1 11.3194 44.496
32.2 11.3194 44.496
32.3 11.3194 44.496
32.4 11.3194 44.496
32.5 11.3194 44.496
32.6 11.3194 44.496
32.7 11.3194 44.496
32.8 11.3194 44.4961
32.9 11.3194 44.4961
33 11.3194 44.4961
33.1 11.3194 44.4961
33.2 11.3194 44.4961
33.3 11.3194 44.4961
33.4 11.3194 44.4961
33.5 11.3194 44.4961
33.6 11.3194 44.4961
33.7 11.3194 44.4961
33.8 11.3194 44.4961
33.9 11.3194 44.4961
34 11.3194 44.4961
34.1 11.3194 44.4962
34.2 11.3194 44.4962
34.3 11.3194 44.4962
34.4 11.3194 44.4962
34.5 11.3194 44.4962
34.6 11.3194 44.4962
34.7 11.3194 44.4962
34.8 11.3194 44.4962
34.9 11.3193 44.4962
35 11.3193 44.4962
35.1 11.3193 44.4962
35.2 11.3193 44.4962
35.3 11.3193 44.4962
35.4 11.3193 44.4962
35.5 11.3193 44.4962
35.6 11.3193 44.4962
35.7 11.3193 44.4962
35.8 11.3193 44.4962
35.9 11.3193 44.4962
36 11.3193 44.4962
36.1 11.3193 44.4962
36.2 11.3193 44.4962
36.3 11.3193 44.4962
36.4 11.3193 44.4962
36.5 11.3192 44.4962
36.6 11.3192 44.4962
36.7 11.3192 44.4962
36.8 11.3192 44.4962
36.9 11.3192 44.4962
37 11.3192 44.4962
37.1 11.3192 44.4962
37.2 11.3192 44.4962
37.3 11.3192 44.4962
37.4 11.3192 44.4962
37.5 11.3191 44.4962
37.6 11.3191 44.4962
37.7 11.3191 44.4962
37.8 11.3191 44.4962
37.9 11.3191 44.4962
38 11.3191 44.4962
38.1 11.3191 44.4962
38.2 11.3191 44.4962
38.3 11.319 44.4962
38.4 11.319 44.4962
38.5 11.319 44.4962
38.6 11.319 44.4962
38.7 11.319 44.4962
38.8 11.319 44.4962
38.9 11.319 44.4962
39 11.3189 44.4962
39.1 11.3189 44.4962
39.2 11.3189 44.4962
39.3 11.3189 44.4962
39.4 11.3189 44.4962
39.5 11.3189 44.4962
39.6 11.3189 44.4962
39.7 11.3188 44.4962
39.8 11.3188 44.4962
39.9 11.3188 44.4962
40 11.3188 44.4962
40.1 11.3188 44.4962
40.2 11.3188 44.4962
40.3 11.3188 44.4962
40.4 11.3188 44.4962
40.5 11.3187 44.4962
40.6 11.3187 44.4962
40.7 11.3187 44.4962
40.8 11.3187 44.4962
40.9 11.3187 44.4962
41 11.3187 44.4962
41.1 11.3187 44.4962
41.2 11.3187 44.4962
41.3 11.3187 44.4962
41.4 11.3187 44.4962
41.5 11.3187 44.4962
41.6 11.3187 44.4962
41.7 11.3187 44.4962
41.8 11.3187 44.4962
41.9 11.3187 44.4962
42 11.3187 44.4962
42.1 11.3186 44.4962
42.2 11.3186 44.4962
42.3 11.3186 44.4962
42.4 11.3186 44.4962
42.5 11.3186 44.4962
42.6 11.3186 44.4962
42.7 11.3186 44.4962
42.8 11.3186 44.4962
42.9 11.3186 44.4962
43 11.3186 44.4962
43.1 11.3186 44.4961
43.2 11.3186 44.4961
43.3 11.3186 44.4961
43.4 11.3186 44.4961
43.5 11.3186 44.4961
43.6 11.3186 44.4961
43.7 11.3186 44.4961
43.8 11.3186 44.4961
43.9 11.3186 44.4961
44 11.3186 44.4961
44.1 11.3186 44.4961
44.2 11.3186 44.4961
44.3 11.3186 44.4961
44.4 11.3186 44.4961
44.5 11.3186 44.4961
44.6 11.3186 44.496
44.7 11.3186 44.496
44.8 11.3186 44.496
44.9 11.3186 44.496
45 11.3186 44.496
45.1 11.3186 44.496
45.2 11.3186 44.496
45.3 11.3186 44.496
45.4 11.3186 44.496
45.5 11.3186 44.496
45.6 11.3186 44.496
45.7 11.3186 44.4959
45.8 11.3186 44.4959
45.9 11.3186 44.4959
46 11.3186 44.4959
46.1 11.3186 44.4959
46.2 11.3186 44.4959
46.3 11.3186 44.4959
46.4 11.3186 44.4959
46.5 11.3186 44.4959
46.6 11.3186 44.4958
46.7 11.3186 44.4958
46.8 11.3186 44.4958
46.9 11.3186 44.4958
47 11.3186 44.4958
47.1 11.3186 44.4958
47.2 11.3186 44.4958
47.3 11.3186 44.4958
47.4 11.3186 44.4958
47.5 11.3186 44.4957
47.6 11.3186 44.4957
47.7 11.3186 44.4957
47.8 11.3186 44.4957
47.9 11.3185 44.4957
48 11.3185 44.4957
48.1 11.3185 44.4957
48.2 11.3185 44.4956
48.3 11.3185 44.4956
48.4 11.3185 44.4956
48.5 11.3185 44.4956
48.6 11.3185 44.4956
48.7 11.3185 44.4956
48.8 11.3185 44.4956
48.9 11.3185 44.4956
49 11.3185 44.4956
49.1 11.3185 44.4956
49.2 11.3185 44.4955
49.3 11.3185 44.4955
49.4 11.3185 44.4955
49.5 11.3185 44.4955
49.6 11.3185 44.4955
49.7 11.3185 44.4955
49.8 11.3185 44.4955
49.9 11.3185 44.4955
50 11.3185 44.4955
50.1 11.3185 44.4955
50.2 11.3185 44.4955
50.3 11.3185 44.4955
50.4 11.3185 44.4955
50.5 11.3185 44.4955
50.6 11.3185 44.4954
50.7 11.3185 44.4954
50.8 11.3185 44.4954
50.9 11.3185 44.4954
51 11.3185 44.4954
51.1 11.3185 44.4954
51.2 11.3185 44.4954
51.3 11.3185 44.4954
51.4 11.3185 44.4954
51.5 11.3185 44.4954
51.6 11.3185 44.4954
51.7 11.3185 44.4954
51.8 11.3185 44.4954
51.9 11.3185 44.4954
52 11.3185 44.4954
52.1 11.3185 44.4954
52.2 11.3185 44.4954
52.3 11.3185 44.4954
52.4 11.3185 44.4954
52.5 11.3185 44.4954
52.6 11.3185 44.4954
52.7 11.3185 44.4954
52.8 11.3185 44.4954
52.9 11.3185 44.4954
53 11.3185 44.4954
53.1 11.3185 44.4954
53.2 11.3185 44.4954
53.3 11.3185 44.4953
53.4 11.3185 44.4953
53.5 11.3185 44.4953
53.6 11.3185 44.4953
53.7 11.3185 44.4953
53.8 11.3185 44.4953
53.9 11.3185 44.4953
54 11.3185 44.4953
54.1 11.3185 44.4953
54.2 11.3185 44.4953
54.3 11.3185 44.4953
54.4 11.3185 44.4953
54.5 11.3185 44.4953
54.6 11.3185 44.4953
54.7 11.3185 44.4953
54.8 11.3185 44.4953
54.9 11.3185 44.4953
55 11.3185 44.4953
55.1 11.3185 44.4953
55.2 11.3185 44.4953
55.3 11.3185 44.4953
55.4 11.3185 44.4953
55.5 11.3185 44.4953
55.6 11.3185 44.4952
55.7 11.3185 44.4952
55.8 11.3185 44.4952
55.9 11.3185 44.4952
56 11.3185 44.4952
56.1 11.3185 44.4952
56.2 11.3186 44.4952
56.3 11.3186 44.4952
56.4 11.3186 44.4952
56.5 11.3186 44.4952
56.6 11.3186 44.4953
56.7 11.3186 44.4953
56.8 11.3186 44.4953
56.9 11.3186 44.4953
57 11.3186 44.4953
57.1 11.3186 44.4953
57.2 11.3187 44.4953
57.3 11.3187 44.4953
57.4 11.3187 44.4953
57.5 11.3187 44.4953
57.6 11.3187 44.4953
57.7 11.3187 44.4953
57.8 11.3187 44.4953
57.9 11.3187 44.4953
58 11.3187 44.4953
58.1 11.3188 44.4953
58.2 11.3188 44.4953
58.3 11.3188 44.4953
58.4 11.3188 44.4953
58.5 11.3188 44.4953
58.6 11.3188 44.4953
58.7 11.3188 44.4953
58.8 11.3189 44.4953
58.9 11.3189 44.4953
59 11.3189 44.4953
59.1 11.3189 44.4953
59.2 11.3189 44.4953
59.3 11.3189 44.4953
59.4 11.3189 44.4953
59.5 11.319 44.4953
59.6 11.319 44.4953
59.7 11.319 44.4953
59.8 11.319 44.4953
59.9 11.319 44.4953
60 11.319 44.4953
60.1 11.3191 44.4953
60.2 11.3191 44.4953
60.3 11.3191 44.4953
60.4 11.3191 44.4953
60.5 11.3191 44.4953
60.6 11.3192 44.4953
60.7 11.3192 44.4953
60.8 11.3192 44.4953
60.9 11.3192 44.4953
61 11.3192 44.4953
61.1 11.3193 44.4953
61.2 11.3193 44.4953
61.3 11.3193 44.4953
61.4 11.3193 44.4953
61.5 11.3193 44.4953
61.6 11.3194 44.4953
61.7 11.3194 44.4953
61.8 11.3194 44.4953
61.9 11.3194 44.4953
62 11.3194 44.4953
62.1 11.3195 44.4953
62.2 11.3195 44.4953
62.3 11.3195 44.4953
62.4 11.3195 44.4953
62.5 11.3196 44.4953
62.6 11.3196 44.4953
62.7 11.3196 44.4953
62.8 11.3196 44.4953
62.9 11.3197 44.4953
63 11.3197 44.4953
63.1 11.3197 44.4953
63.2 11.3197 44.4953
63.3 11.3198 44.4953
63.4 11.3198 44.4953
63.5 11.3198 44.4953
63.6 11.3198 44.4953
63.7 11.3199 44.4953
63.8 11.3199 44.4953
63.9 11.3199 44.4953
64 11.3199 44.4953
64.1 11.32 44.4953
64.2 11.32 44.4953
64.3 11.32 44.4953
64.4 11.3201 44.4954
64.5 11.3201 44.4954
64.6 11.3201 44.4954
64.7 11.3201 44.4954
64.8 11.3202 44.4954
64.9 11.3202 44.4954
65 11.3202 44.4954
65.1 11.3203 44.4954
65.2 11.3203 44.4954
65.3 11.3203 44.4954
65.4 11.3204 44.4954
65.5 11.3204 44.4954
65.6 11.3204 44.4954
65.7 11.3204 44.4954
65.8 11.3205 44.4954
65.9 11.3205 44.4954
66 11.3205 44.4954
66.1 11.3206 44.4954
66.2 11.3206 44.4954
66.3 11.3206 44.4954
66.4 11.3206 44.4954
66.5 11.3207 44.4954
66.6 11.3207 44.4954
66.7 11.3207 44.4954
66.8 11.3207 44.4954
66.9 11.3207 44.4954
67 11.3208 44.4954
67.1 11.3208 44.4954
67.2 11.3208 44.4954
67.3 11.3208 44.4954
67.4 11.3209 44.4954
67.5 11.3209 44.4954
67.6 11.3209 44.4955
67.7 11.3209 44.4955
67.8 11.3209 44.4955
67.9 11.3209 44.4955
68 11.321 44.4955
68.1 11.321 44.4955
68.2 11.321 44.4955
68.3 11.321 44.4955
68.4 11.321 44.4955
68.5 11.321 44.4955
68.6 11.3211 44.4955
68.7 11.3211 44.4955
68.8 11.3211 44.4955
68.9 11.3211 44.4955
69 11.3211 44.4955
69.1 11.3211 44.4955
69.2 11.3211 44.4955
69.3 11.3211 44.4955
69.4 11.3211 44.4955
69.5 11.3211 44.4955
69.6 11.3212 44.4955
69.7 11.3212 44.4955
69.8 11.3212 44.4955
69.9 11.3212 44.4955
70 11.3212 44.4954
70.1 11.3212 44.4954
70.2 11.3212 44.4954
70.3 11.3212 44.4954
70.4 11.3212 44.4954
70.5 11.3212 44.4954
70.6 11.3212 44.4954
70.7 11.3212 44.4954
70.8 11.3212 44.4954
70.9 11.3212 44.4954
71 11.3212 44.4954
71.1 11.3212 44.4954
71.2 11.3212 44.4954
71.3 11.3212 44.4954
71.4 11.3212 44.4954
71.5 11.3212 44.4954
71.6 11.3212 44.4953
71.7 11.3212 44.4953
71.8 11.3212 44.4953
71.9 11.3212 44.4953
72 11.3212 44.4953
72.1 11.3212 44.4953
72.2 11.3211 44.4953
72.3 11.3211 44.4953
72.4 11.3211 44.4953
72.5 11.3211 44.4953
72.6 11.3211 44.4953
72.7 11.3211 44.4953
72.8 11.3211 44.4953
72.9 11.3211 44.4953
73 11.3211 44.4952
73.1 11.3211 44.4952
73.2 11.3211 44.4952
73.3 11.3211 44.4952
73.4 11.3211 44.4952
73.5 11.3211 44.4952
73.6 11.3211 44.4952
73.7 11.3211 44.4952
73.8 11.3211 44.4952
73.9 11.3211 44.4952
74 11.3211 44.4952
74.1 11.3211 44.4952
74.2 11.3211 44.4952
74.3 11.3211 44.4952
74.4 11.3211 44.4951
74.5 11.3211 44.4951
74.6 11.3211 44.4951
74.7 11.3211 44.4951
74.8 11.3211 44.4951
74.9 11.3211 44.4951
75 11.3211 44.4951
75.1 11.3211 44.4951
75.2 11.321 44.4951
75.3 11.321 44.4951
75.4 11.321 44.4951
75.5 11.321 44.4951
75.6 11.321 44.4951
75.7 11.321 44.495
75.8 11.321 44.495
75.9 11.321 44.495
76 11.321 44.495
76.1 11.321 44.495
76.2 11.321 44.495
76.3 11.321 44.495
76.4 11.321 44.495
76.5 11.321 44.495
76.6 11.321 44.495
76.7 11.321 44.495
76.8 11.321 44.495
76.9 11.321 44.495
77 11.321 44.495
77.1 11.321 44.4949
77.2 11.321 44.4949
77.3 11.321 44.4949
77.4 11.321 44.4949
77.5 11.321 44.4949
77.6 11.321 44.4949
77.7 11.321 44.4949
77.8 11.321 44.4949
77.9 11.321 44.4949
78 11.321 44.4949
78.1 11.321 44.4949
78.2 11.321 44.4949
78.3 11.3209 44.4949
78.4 11.3209 44.4948
78.5 11.3209 44.4948
78.6 11.3209 44.4948
78.7 11.3209 44.4948
78.8 11.3209 44.4948
78.9 11.3209 44.4948
79 11.3209 44.4948
79.1 11.3209 44.4948
79.2 11.3209 44.4948
79.3 11.3209 44.4948
79.4 11.3209 44.4948
79.5 11.3209 44.4948
79.6 11.3209 44.4948
79.7 11.3209 44.4948
79.8 11.3209 44.4947
79.9 11.3209 44.4947
80 11.3209 44.4947
80.1 11.3209 44.4947
80.2 11.3209 44.4947
80.3 11.3209 44.4947
80.4 11.3209 44.4947
80.5 11.3209 44.4947
80.6 11.3209 44.4947
80.7 11.3209 44.4947
80.8 11.3209 44.4947
80.9 11.3209 44.4947
81 11.3209 44.4947
81.1 11.3209 44.4946
81.2 11.3209 44.4946
81.3 11.3208 44.4946
81.4 11.3208 44.4946
81.5 11.3208 44.4946
81.6 11.3208 44.4946
81.7 11.3208 44.4946
81.8 11.3208 44.4946
81.9 11.3208 44.4946
82 11.3208 44.4946
82.1 11.3208 44.4946
82.2 11.3208 44.4946
82.3 11.3208 44.4946
82.4 11.3208 44.4946
82.5 11.3208 44.4945
82.6 11.3208 44.4945
82.7 11.3208 44.4945
82.8 11.3208 44.4945
82.9 11.3208 44.4945
83 11.3208 44.4945
83.1 11.3208 44.4945
83.2 11.3208 44.4945
83.3 11.3208 44.4945
83.4 11.3208 44.4945
83.5 11.3208 44.4945
83.6 11.3208 44.4945
83.7 11.3208 44.4945
83.8 11.3208 44.4944
83.9 11.3208 44.4944
84 11.3208 44.4944
84.1 11.3208 44.4944
84.2 11.3208 44.4944
84.3 11.3207 44.4944
84.4 11.3207 44.4944
84.5 11.3207 44.4944
84.6 11.3207 44.4944
84.7 11.3207 44.4944
84.8 11.3207 44.4944
84.9 11.3207 44.4944
85 11.3207 44.4944
85.1 11.3207 44.4944
85.2 11.3207 44.4943
85.3 11.3207 44.4943
85.4 11.3207 44.4943
85.5 11.3207 44.4943
85.6 11.3207 44.4943
85.7 11.3207 44.4943
85.8 11.3207 44.4943
85.9 11.3207 44.4943
86 11.3207 44.4943
86.1 11.3207 44.4943
86.2 11.3207 44.4943
86.3 11.3207 44.4943
86.4 11.3207 44.4943
86.5 11.3207 44.4943
86.6 11.3207 44.4942
86.7 11.3207 44.4942
86.8 11.3206 44.4942
86.9 11.3206 44.4942
87 11.3206 44.4942
87.1 11.3206 44.4942
87.2 11.3206 44.4942
87.3 11.3206 44.4942
87.4 11.3206 44.4942
87.5 11.3206 44.4942
87.6 11.3206 44.4942
87.7 11.3206 44.4942
87.8 11.3206 44.4942
87.9 11.3206 44.4942
88 11.3206 44.4941
88.1 11.3206 44.4941
88.2 11.3206 44.4941
88.3 11.3206 44.4941
88.4 11.3206 44.4941
88.5 11.3206 44.4941
88.6 11.3206 44.4941
88.7 11.3205 44.4941
88.8 11.3205 44.4941
88.9 11.3205 44.4941
89 11.3205 44.4941
89.1 11.3205 44.4941
89.2 11.3205 44.4941
89.3 11.3205 44.4941
89.4 11.3205 44.4941
89.5 11.3205 44.4941
89.6 11.3205 44.494
89.7 11.3205 44.494
89.8 11.3205 44.494
89.9 11.3205 44.494
