0 11.3126 44.492
0.1 11.3126 44.492
0.2 11.3126 44.492
0.3 11.3126 44.492
0.4 11.3126 44.492
0.5 11.3126 44.492
0.6 11.3126 44.492
0.7 11.3126 44.492
0.8 11.3126 44.492
0.9 11.3126 44.492
1 11.3126 44.4919
1.1 11.3126 44.4919
1.2 11.3126 44.4919
1.3 11.3126 44.4919
1.4 11.3126 44.4919
1.5 11.3125 44.4919
1.6 11.3125 44.4919
1.7 11.3125 44.4919
1.8 11.3125 44.4919
1.9 11.3125 44.4919
2 11.3125 44.4919
2.1 11.3125 44.4919
2.2 11.3125 44.4919
2.3 11.3125 44.4919
2.4 11.3124 44.4919
2.5 11.3124 44.4919
2.6 11.3124 44.4919
2.7 11.3124 44.4919
2.8 11.3124 44.4919
2.9 11.3124 44.4919
3 11.3124 44.4919
3.1 11.3124 44.4919
3.2 11.3123 44.4919
3.3 11.3123 44.4919
3.4 11.3123 44.4919
3.5 11.3123 44.4919
3.6 11.3123 44.4919
3.7 11.3123 44.4919
3.8 11.3123 44.4919
3.9 11.3123 44.4919
4 11.3123 44.4919
4.1 11.3122 44.4919
4.2 11.3122 44.4919
4.3 11.3122 44.4919
4.4 11.3122 44.4919
4.5 11.3122 44.4919
4.6 11.3122 44.4919
4.7 11.3122 44.4919
4.8 11.3122 44.4919
4.9 11.3121 44.4919
5 11.3121 44.4919
5.1 11.3121 44.4919
5.2 11.3121 44.4919
5.3 11.3121 44.4919
5.4 11.3121 44.4919
5.5 11.3121 44.4919
5.6 11.3121 44.4919
5.7 11.3121 44.4919
5.8 11.3121 44.4919
5.9 11.312 44.4919
6 11.312 44.4919
6.1 11.312 44.4919
6.2 11.312 44.4919
6.3 11.312 44.4919
6.4 11.312 44.4919
6.5 11.312 44.4919
6.6 11.312 44.4919
6.7 11.312 44.4919
6.8 11.312 44.4919
6.9 11.312 44.4919
7 11.312 44.4919
7.1 11.312 44.4919
7.2 11.312 44.4919
7.3 11.312 44.4919
7.4 11.312 44.4919
7.5 11.312 44.4919
7.6 11.312 44.492
7.7 11.312 44.492
7.8 11.312 44.492
7.9 11.312 44.492
8 11.312 44.492
8.1 11.312 44.492
8.2 11.312 44.492
8.3 11.312 44.492
8.4 11.312 44.492
8.5 11.312 44.492
8.6 11.312 44.492
8.7 11.312 44.492
8.8 11.312 44.4921
8.9 11.312 44.4921
9 11.312 44.4921
9.1 11.312 44.4921
9.2 11.312 44.4921
9.3 11.312 44.4921
9.4 11.312 44.4921
9.5 11.312 44.4921
9.6 11.312 44.4921
9.7 11.3119 44.4921
9.8 11.3119 44.4921
9.9 11.3119 44.4921
10 11.3119 44.4922
10.1 11.3119 44.4922
10.2 11.3119 44.4922
10.3 11.3119 44.4922
10.4 11.3119 44.4922
10.5 11.3119 44.4922
10.6 11.3119 44.4922
10.7 11.3119 44.4922
10.8 11.3119 44.4922
10.9 11.3119 44.4922
11 11.3119 44.4922
11.1 11.3119 44.4922
11.2 11.3119 44.4923
11.3 11.3119 44.4923
11.4 11.3119 44.4923
11.5 11.3119 44.4923
11.6 11.3119 44.4923
11.7 11.3119 44.4923
11.8 11.3119 44.4923
11.9 11.3119 44.4923
12 11.3119 44.4923
12.1 11.3119 44.4923
12.2 11.3119 44.4923
12.3 11.3119 44.4923
12.4 11.3119 44.4924
12.5 11.3119 44.4924
12.6 11.3119 44.4924
12.7 11.3119 44.4924
12.8 11.3119 44.4924
12.9 11.3119 44.4924
13 11.3119 44.4924
13.1 11.3119 44.4924
13.2 11.3119 44.4924
13.3 11.3119 44.4924
13.4 11.3119 44.4924
13.5 11.3119 44.4925
13.6 11.3119 44.4925
13.7 11.3119 44.4925
13.8 11.3119 44.4925
13.9 11.3119 44.4925
14 11.3119 44.4925
14.1 11.3119 44.4925
14.2 11.3119 44.4925
14.3 11.3119 44.4925
14.4 11.3119 44.4925
14.5 11.3119 44.4925
14.6 11.3119 44.4925
14.7 11.3119 44.4926
14.8 11.3119 44.4926
14.9 11.3119 44.4926
15 11.3119 44.4926
15.1 11.3119 44.4926
15.2 11.3119 44.4926
15.3 11.3119 44.4926
15.4 11.3119 44.4926
15.5 11.3119 44.4926
15.6 11.3119 44.4926
15.7 11.3119 44.4926
15.8 11.3119 44.4926
15.9 11.3119 44.4927
16 11.3119 44.4927
16.1 11.3119 44.4927
16.2 11.3119 44.4927
16.3 11.3119 44.4927
16.4 11.3118 44.4927
16.5 11.3118 44.4927
16.6 11.3118 44.4927
16.7 11.3118 44.4927
16.8 11.3118 44.4927
16.9 11.3118 44.4927
17 11.3118 44.4928
17.1 11.3118 44.4928
17.2 11.3118 44.4928
17.3 11.3118 44.4928
17.4 11.3118 44.4928
17.5 11.3118 44.4928
17.6 11.3118 44.4928
17.7 11.3118 44.4928
17.8 11.3118 44.4928
17.9 11.3118 44.4928
18 11.3118 44.4928
18.1 11.3118 44.4928
18.2 11.3118 44.4929
18.3 11.3118 44.4929
18.4 11.3118 44.4929
18.5 11.3118 44.4929
18.6 11.3118 44.4929
18.7 11.3118 44.4929
18.8 11.3118 44.4929
18.9 11.3118 44.4929
19 11.3118 44.4929
19.1 11.3118 44.4929
19.2 11.3118 44.4929
19.3 11.3118 44.4929
19.4 11.3118 44.4929
19.5 11.3118 44.493
19.6 11.3118 44.493
19.7 11.3118 44.493
19.8 11.3118 44.493
19.9 11.3118 44.493
20 11.3118 44.493
20.1 11.3118 44.493
20.2 11.3118 44.493
20.3 11.3118 44.493
20.4 11.3119 44.493
20.5 11.3119 44.493
20.6 11.3119 44.493
20.7 11.3119 44.493
20.8 11.3119 44.493
20.9 11.3119 44.493
21 11.3119 44.493
21.1 11.3119 44.493
21.2 11.3119 44.493
21.3 11.3119 44.493
21.4 11.3119 44.493
21.5 11.3119 44.493
21.6 11.3119 44.493
21.7 11.3119 44.493
21.8 11.312 44.493
21.9 11.312 44.493
22 11.312 44.493
22.1 11.312 44.493
22.2 11.312 44.493
22.3 11.312 44.493
22.4 11.312 44.493
22.5 11.312 44.493
22.6 11.312 44.493
22.7 11.312 44.493
22.8 11.312 44.493
22.9 11.312 44.493
23 11.312 44.493
23.1 11.312 44.493
23.2 11.312 44.493
23.3 11.312 44.493
23.4 11.312 44.493
23.5 11.312 44.493
23.6 11.312 44.493
23.7 11.312 44.493
23.8 11.312 44.493
23.9 11.312 44.493
24 11.312 44.493
24.1 11.312 44.493
24.2 11.312 44.493
24.3 11.312 44.4931
24.4 11.312 44.4931
24.5 11.312 44.4931
24.6 11.312 44.4931
24.7 11.312 44.4931
24.8 11.312 44.4931
24.9 11.312 44.4931
25 11.312 44.4931
25.1 11.312 44.4931
25.2 11.312 44.4931
25.3 11.312 44.4931
25.4 11.312 44.4931
25.5 11.312 44.4931
25.6 11.312 44.4931
25.7 11.312 44.4931
25.8 11.312 44.4931
25.9 11.312 44.4931
26 11.312 44.4931
26.1 11.312 44.4931
26.2 11.312 44.4931
26.3 11.312 44.4931
26.4 11.312 44.4931
26.5 11.312 44.4931
26.6 11.312 44.4932
26.7 11.312 44.4932
26.8 11.312 44.4932
26.9 11.312 44.4932
27 11.3119 44.4932
27.1 11.3119 44.4932
27.2 11.3119 44.4932
27.3 11.3119 44.4932
27.4 11.3119 44.4932
27.5 11.3119 44.4932
27.6 11.3119 44.4932
27.7 11.3119 44.4932
27.8 11.3119 44.4932
27.9 11.3119 44.4933
28 11.3119 44.4933
28.1 11.3119 44.4933
28.2 11.3119 44.4933
28.3 11.3119 44.4933
28.4 11.3119 44.4933
28.5 11.3119 44.4933
28.6 11.3119 44.4933
28.7 11.3119 44.4933
28.8 11.3119 44.4933
28.9 11.3119 44.4933
29 11.3119 44.4934
29.1 11.3119 44.4934
29.2 11.3119 44.4934
29.3 11.3119 44.4934
29.4 11.3119 44.4934
29.5 11.3119 44.4934
29.6 11.3119 44.4934
29.7 11.3119 44.4934
29.8 11.3119 44.4934
29.9 11.3119 44.4935
30 11.3119 44.4935
30.1 11.3119 44.4935
30.2 11.3119 44.4935
30.3 11.3119 44.4935
30.4 11.3119 44.4935
30.5 11.3119 44.4935
30.6 11.3119 44.4936
30.7 11.3119 44.4936
30.8 11.3119 44.4936
30.9 11.3119 44.4936
31 11.3119 44.4936
31.1 11.3119 44.4936
31.2 11.3119 44.4936
31.3 11.3119 44.4936
31.4 11.3119 44.4937
31.5 11.3119 44.4937
31.6 11.3119 44.4937
31.7 11.3119 44.4937
31.8 11.3119 44.4937
31.9 11.3119 44.4937
32 11.3119 44.4937
32.1 11.3119 44.4937
32.2 11.3119 44.4938
32.3 11.3119 44.4938
32.4 11.3119 44.4938
32.5 11.3119 44.4938
32.6 11.3119 44.4938
32.7 11.3119 44.4938
32.8 11.3119 44.4938
32.9 11.3119 44.4938
33 11.3119 44.4939
33.1 11.3119 44.4939
33.2 11.3118 44.4939
33.3 11.3118 44.4939
33.4 11.3118 44.4939
33.5 11.3118 44.4939
33.6 11.3118 44.4939
33.7 11.3118 44.4939
33.8 11.3118 44.4939
33.9 11.3118 44.4939
34 11.3118 44.494
34.1 11.3118 44.494
34.2 11.3118 44.494
34.3 11.3118 44.494
34.4 11.3118 44.494
34.5 11.3118 44.494
34.6 11.3118 44.494
34.7 11.3118 44.494
34.8 11.3118 44.494
34.9 11.3118 44.494
35 11.3118 44.494
35.1 11.3118 44.494
35.2 11.3118 44.494
35.3 11.3118 44.494
35.4 11.3118 44.494
35.5 11.3118 44.4941
35.6 11.3118 44.4941
35.7 11.3118 44.4941
35.8 11.3118 44.4941
35.9 11.3118 44.4941
36 11.3118 44.4941
36.1 11.3118 44.4941
36.2 11.3118 44.4941
36.3 11.3119 44.4941
36.4 11.3119 44.4941
36.5 11.3119 44.4941
36.6 11.3119 44.4941
36.7 11.3119 44.4941
36.8 11.3119 44.4941
36.9 11.3119 44.4941
37 11.3119 44.4941
37.1 11.3119 44.4941
37.2 11.3119 44.4941
37.3 11.3119 44.4941
37.4 11.312 44.4941
37.5 11.312 44.4941
37.6 11.312 44.4941
37.7 11.312 44.4941
37.8 11.312 44.4941
37.9 11.312 44.4941
38 11.312 44.4941
38.1 11.312 44.4941
38.2 11.3121 44.4941
38.3 11.3121 44.4941
38.4 11.3121 44.4941
38.5 11.3121 44.4941
38.6 11.3121 44.4941
38.7 11.3121 44.4941
38.8 11.3121 44.4941
38.9 11.3122 44.4941
39 11.3122 44.4941
39.1 11.3122 44.4941
39.2 11.3122 44.4942
39.3 11.3122 44.4942
39.4 11.3122 44.4942
39.5 11.3122 44.4942
39.6 11.3123 44.4942
39.7 11.3123 44.4942
39.8 11.3123 44.4942
39.9 11.3123 44.4942
40 11.3123 44.4942
40.1 11.3123 44.4942
40.2 11.3124 44.4942
40.3 11.3124 44.4942
40.4 11.3124 44.4942
40.5 11.3124 44.4942
40.6 11.3124 44.4942
40.7 11.3124 44.4942
40.8 11.3125 44.4942
40.9 11.3125 44.4942
41 11.3125 44.4942
41.1 11.3125 44.4942
41.2 11.3125 44.4942
41.3 11.3126 44.4942
41.4 11.3126 44.4942
41.5 11.3126 44.4942
41.6 11.3126 44.4942
41.7 11.3126 44.4942
41.8 11.3127 44.4942
41.9 11.3127 44.4943
42 11.3127 44.4943
42.1 11.3127 44.4943
42.2 11.3127 44.4943
42.3 11.3128 44.4943
42.4 11.3128 44.4943
42.5 11.3128 44.4943
42.6 11.3128 44.4943
42.7 11.3129 44.4943
42.8 11.3129 44.4943
42.9 11.3129 44.4943
43 11.3129 44.4943
43.1 11.3129 44.4943
43.2 11.313 44.4943
43.3 11.313 44.4943
43.4 11.313 44.4943
43.5 11.313 44.4943
43.6 11.3131 44.4944
43.7 11.3131 44.4944
43.8 11.3131 44.4944
43.9 11.3131 44.4944
44 11.3132 44.4944
44.1 11.3132 44.4944
44.2 11.3132 44.4944
44.3 11.3133 44.4944
44.4 11.3133 44.4944
44.5 11.3133 44.4944
44.6 11.3133 44.4944
44.7 11.3134 44.4944
44.8 11.3134 44.4944
44.9 11.3134 44.4944
45 11.3134 44.4944
45.1 11.3135 44.4945
45.2 11.3135 44.4945
45.3 11.3135 44.4945
45.4 11.3135 44.4945
45.5 11.3136 44.4945
45.6 11.3136 44.4945
45.7 11.3136 44.4945
45.8 11.3136 44.4945
45.9 11.3137 44.4945
46 11.3137 44.4945
46.1 11.3137 44.4945
46.2 11.3138 44.4945
46.3 11.3138 44.4945
46.4 11.3138 44.4945
46.5 11.3138 44.4945
46.6 11.3139 44.4945
46.7 11.3139 44.4945
46.8 11.3139 44.4945
46.9 11.3139 44.4945
47 11.3139 44.4945
47.1 11.314 44.4945
47.2 11.314 44.4945
47.3 11.314 44.4944
47.4 11.314 44.4944
47.5 11.314 44.4944
47.6 11.314 44.4944
47.7 11.314 44.4944
47.8 11.314 44.4944
47.9 11.314 44.4944
48 11.3141 44.4944
48.1 11.3141 44.4943
48.2 11.3141 44.4943
48.3 11.3141 44.4943
48.4 11.3141 44.4943
48.5 11.3141 44.4943
48.6 11.314 44.4943
48.7 11.314 44.4943
48.8 11.314 44.4943
48.9 11.314 44.4942
49 11.314 44.4942
49.1 11.314 44.4942
49.2 11.314 44.4942
49.3 11.314 44.4942
49.4 11.314 44.4942
49.5 11.314 44.4942
49.6 11.314 44.4941
49.7 11.314 44.4941
49.8 11.314 44.4941
49.9 11.314 44.4941
50 11.3139 44.4941
50.1 11.3139 44.4941
50.2 11.3139 44.4941
50.3 11.3139 44.4941
50.4 11.3139 44.4941
50.5 11.3139 44.494
50.6 11.3139 44.494
50.7 11.3139 44.494
50.8 11.3139 44.494
50.9 11.3139 44.494
51 11.3139 44.494
51.1 11.3139 44.494
51.2 11.3139 44.494
51.3 11.3139 44.494
51.4 11.3139 44.494
51.5 11.3138 44.4939
51.6 11.3138 44.4939
51.7 11.3138 44.4939
51.8 11.3138 44.4939
51.9 11.3138 44.4939
52 11.3138 44.4939
52.1 11.3138 44.4939
52.2 11.3138 44.4939
52.3 11.3138 44.4939
52.4 11.3138 44.4939
52.5 11.3138 44.4939
52.6 11.3138 44.4939
52.7 11.3138 44.4939
52.8 11.3138 44.4938
52.9 11.3138 44.4938
53 11.3138 44.4938
53.1 11.3138 44.4938
53.2 11.3138 44.4938
53.3 11.3138 44.4938
53.4 11.3137 44.4938
53.5 11.3137 44.4938
53.6 11.3137 44.4938
53.7 11.3137 44.4938
53.8 11.3137 44.4938
53.9 11.3137 44.4938
54 11.3137 44.4938
54.1 11.3137 44.4938
54.2 11.3137 44.4938
54.3 11.3137 44.4938
54.4 11.3137 44.4938
54.5 11.3137 44.4937
54.6 11.3137 44.4937
54.7 11.3137 44.4937
54.8 11.3137 44.4937
54.9 11.3137 44.4937
55 11.3137 44.4937
55.1 11.3138 44.4937
55.2 11.3138 44.4937
55.3 11.3138 44.4937
55.4 11.3138 44.4937
55.5 11.3138 44.4938
55.6 11.3138 44.4938
55.7 11.3138 44.4938
55.8 11.3138 44.4938
55.9 11.3138 44.4938
56 11.3138 44.4938
56.1 11.3138 44.4938
56.2 11.3138 44.4938
56.3 11.3138 44.4938
56.4 11.3138 44.4938
56.5 11.3138 44.4938
56.6 11.3138 44.4938
56.7 11.3138 44.4938
56.8 11.3138 44.4938
56.9 11.3138 44.4938
57 11.3138 44.4938
57.1 11.3138 44.4938
57.2 11.3138 44.4938
57.3 11.3138 44.4938
57.4 11.3138 44.4938
57.5 11.3138 44.4939
57.6 11.3138 44.4939
57.7 11.3138 44.4939
57.8 11.3138 44.4939
57.9 11.3138 44.4939
58 11.3139 44.4939
58.1 11.3139 44.4939
58.2 11.3139 44.4939
58.3 11.3139 44.4939
58.4 11.3139 44.4939
58.5 11.3139 44.4939
58.6 11.3139 44.4939
58.7 11.3139 44.4939
58.8 11.3139 44.494
58.9 11.3139 44.494
59 11.3139 44.494
59.1 11.3139 44.494
59.2 11.3139 44.494
59.3 11.3139 44.494
59.4 11.3139 44.494
59.5 11.3139 44.494
59.6 11.3139 44.494
59.7 11.314 44.494
59.8 11.314 44.4941
59.9 11.314 44.4941
60 11.314 44.4941
60.1 11.314 44.4941
60.2 11.314 44.4941
60.3 11.314 44.4941
60.4 11.314 44.4941
60.5 11.314 44.4941
60.6 11.314 44.4941
60.7 11.314 44.4942
60.8 11.314 44.4942
60.9 11.314 44.4942
61 11.3141 44.4942
61.1 11.3141 44.4942
61.2 11.3141 44.4942
61.3 11.3141 44.4942
61.4 11.3141 44.4942
61.5 11.3141 44.4942
61.6 11.3141 44.4943
61.7 11.3141 44.4943
61.8 11.3141 44.4943
61.9 11.3141 44.4943
62 11.3141 44.4943
62.1 11.3141 44.4943
62.2 11.3142 44.4943
62.3 11.3142 44.4943
62.4 11.3142 44.4943
62.5 11.3142 44.4943
62.6 11.3142 44.4944
62.7 11.3142 44.4944
62.8 11.3142 44.4944
62.9 11.3142 44.4944
63 11.3142 44.4944
63.1 11.3142 44.4944
63.2 11.3142 44.4944
63.3 11.3142 44.4944
63.4 11.3142 44.4944
63.5 11.3142 44.4944
63.6 11.3143 44.4944
63.7 11.3143 44.4944
63.8 11.3143 44.4944
63.9 11.3143 44.4944
64 11.3143 44.4945
64.1 11.3143 44.4945
64.2 11.3143 44.4945
64.3 11.3143 44.4945
64.4 11.3143 44.4945
64.5 11.3143 44.4945
64.6 11.3143 44.4945
64.7 11.3144 44.4945
64.8 11.3144 44.4945
64.9 11.3144 44.4945
65 11.3144 44.4945
65.1 11.3144 44.4945
65.2 11.3144 44.4945
65.3 11.3144 44.4945
65.4 11.3145 44.4945
65.5 11.3145 44.4945
65.6 11.3145 44.4945
65.7 11.3145 44.4945
65.8 11.3145 44.4945
65.9 11.3145 44.4946
66 11.3145 44.4946
66.1 11.3145 44.4946
66.2 11.3145 44.4946
66.3 11.3145 44.4946
66.4 11.3145 44.4946
66.5 11.3145 44.4946
66.6 11.3145 44.4946
66.7 11.3145 44.4946
66.8 11.3145 44.4947
66.9 11.3145 44.4947
67 11.3145 44.4947
67.1 11.3145 44.4947
67.2 11.3145 44.4947
67.3 11.3145 44.4947
67.4 11.3145 44.4947
67.5 11.3145 44.4947
67.6 11.3145 44.4947
67.7 11.3145 44.4947
67.8 11.3145 44.4947
67.9 11.3145 44.4948
68 11.3145 44.4948
68.1 11.3144 44.4948
68.2 11.3144 44.4948
68.3 11.3144 44.4948
68.4 11.3144 44.4948
68.5 11.3145 44.4948
68.6 11.3145 44.4948
68.7 11.3145 44.4948
68.8 11.3145 44.4948
68.9 11.3145 44.4948
69 11.3145 44.4948
69.1 11.3145 44.4948
69.2 11.3145 44.4948
69.3 11.3145 44.4948
69.4 11.3145 44.4949
69.5 11.3145 44.4949
69.6 11.3145 44.4949
69.7 11.3145 44.4949
69.8 11.3145 44.4949
69.9 11.3145 44.4949
70 11.3145 44.4949
70.1 11.3145 44.4949
70.2 11.3145 44.4949
70.3 11.3145 44.4949
70.4 11.3145 44.4949
70.5 11.3145 44.495
70.6 11.3145 44.495
70.7 11.3145 44.495
70.8 11.3145 44.495
70.9 11.3145 44.495
71 11.3145 44.495
71.1 11.3146 44.495
71.2 11.3146 44.495
71.3 11.3146 44.495
71.4 11.3146 44.495
71.5 11.3146 44.4951
71.6 11.3146 44.4951
71.7 11.3146 44.4951
71.8 11.3146 44.4951
71.9 11.3146 44.4951
72 11.3146 44.4951
72.1 11.3146 44.4951
72.2 11.3146 44.4951
72.3 11.3147 44.4951
72.4 11.3147 44.4952
72.5 11.3147 44.4952
72.6 11.3147 44.4952
72.7 11.3147 44.4952
72.8 11.3147 44.4952
72.9 11.3147 44.4952
73 11.3147 44.4952
73.1 11.3147 44.4953
73.2 11.3147 44.4953
73.3 11.3147 44.4953
73.4 11.3148 44.4953
73.5 11.3148 44.4953
73.6 11.3148 44.4953
73.7 11.3148 44.4953
73.8 11.3148 44.4954
73.9 11.3148 44.4954
74 11.3148 44.4954
74.1 11.3148 44.4954
74.2 11.3148 44.4954
74.3 11.3148 44.4954
74.4 11.3148 44.4954
74.5 11.3149 44.4955
74.6 11.3149 44.4955
74.7 11.3149 44.4955
74.8 11.3149 44.4955
74.9 11.3149 44.4955
75 11.3149 44.4955
75.1 11.3149 44.4956
75.2 11.3149 44.4956
75.3 11.3149 44.4956
75.4 11.315 44.4956
75.5 11.315 44.4956
75.6 11.315 44.4956
75.7 11.315 44.4957
75.8 11.315 44.4957
75.9 11.315 44.4957
76 11.315 44.4957
76.1 11.315 44.4957
76.2 11.3151 44.4958
76.3 11.3151 44.4958
76.4 11.3151 44.4958
76.5 11.3151 44.4958
76.6 11.3151 44.4958
76.7 11.3151 44.4958
76.8 11.3151 44.4959
76.9 11.3151 44.4959
77 11.3151 44.4959
77.1 11.3151 44.4959
77.2 11.3152 44.4959
77.3 11.3152 44.4959
77.4 11.3152 44.496
77.5 11.3152 44.496
77.6 11.3152 44.496
77.7 11.3152 44.496
77.8 11.3152 44.496
77.9 11.3152 44.496
78 11.3152 44.496
78.1 11.3152 44.496
78.2 11.3152 44.4961
78.3 11.3153 44.4961
78.4 11.3153 44.4961
78.5 11.3153 44.4961
78.6 11.3153 44.4961
78.7 11.3153 44.4961
78.8 11.3153 44.4961
78.9 11.3153 44.4961
79 11.3153 44.4961
79.1 11.3153 44.4961
79.2 11.3153 44.4962
79.3 11.3153 44.4962
79.4 11.3153 44.4962
79.5 11.3153 44.4962
79.6 11.3153 44.4962
79.7 11.3153 44.4962
79.8 11.3153 44.4962
79.9 11.3153 44.4962
80 11.3153 44.4962
80.1 11.3153 44.4962
80.2 11.3153 44.4962
80.3 11.3153 44.4962
80.4 11.3153 44.4962
80.5 11.3153 44.4962
80.6 11.3153 44.4962
80.7 11.3153 44.4962
80.8 11.3153 44.4962
80.9 11.3153 44.4962
81 11.3153 44.4963
81.1 11.3153 44.4962
81.2 11.3153 44.4962
81.3 11.3153 44.4962
81.4 11.3153 44.4962
81.5 11.3153 44.4962
81.6 11.3153 44.4962
81.7 11.3152 44.4962
81.8 11.3152 44.4962
81.9 11.3152 44.4962
82 11.3152 44.4962
82.1 11.3152 44.4962
82.2 11.3152 44.4962
82.3 11.3152 44.4962
82.4 11.3152 44.4962
82.5 11.3152 44.4962
82.6 11.3152 44.4962
82.7 11.3151 44.4962
82.8 11.3151 44.4962
82.9 11.3151 44.4962
83 11.3151 44.4962
83.1 11.3151 44.4962
83.2 11.3151 44.4962
83.3 11.3151 44.4962
83.4 11.3151 44.4962
83.5 11.3151 44.4962
83.6 11.315 44.4962
83.7 11.315 44.4962
83.8 11.315 44.4962
83.9 11.315 44.4962
84 11.315 44.4962
84.1 11.315 44.4962
84.2 11.315 44.4962
84.3 11.315 44.4962
84.4 11.3149 44.4962
84.5 11.3149 44.4962
84.6 11.3149 44.4962
84.7 11.3149 44.4962
84.8 11.3149 44.4962
84.9 11.3149 44.4962
85 11.3149 44.4962
85.1 11.3149 44.4962
85.2 11.3149 44.4962
85.3 11.3148 44.4962
85.4 11.3148 44.4962
85.5 11.3148 44.4962
85.6 11.3148 44.4962
85.7 11.3148 44.4962
85.8 11.3148 44.4962
85.9 11.3148 44.4962
86 11.3148 44.4962
86.1 11.3147 44.4962
86.2 11.3147 44.4962
86.3 11.3147 44.4962
86.4 11.3147 44.4962
86.5 11.3147 44.4962
86.6 11.3147 44.4962
86.7 11.3147 44.4962
86.8 11.3147 44.4962
86.9 11.3147 44.4962
87 11.3146 44.4962
87.1 11.3146 44.4962
87.2 11.3146 44.4962
87.3 11.3146 44.4962
87.4 11.3146 44.4962
87.5 11.3146 44.4962
87.6 11.3146 44.4962
87.7 11.3146 44.4962
87.8 11.3145 44.4962
87.9 11.3145 44.4962
88 11.3145 44.4962
88.1 11.3145 44.4962
88.2 11.3145 44.4962
88.3 11.3145 44.4962
88.4 11.3145 44.4962
88.5 11.3145 44.4962
88.6 11.3145 44.4962
88.7 11.3144 44.4962
88.8 11.3144 44.4962
88.9 11.3144 44.4962
89 11.3144 44.4962
89.1 11.3144 44.4962
89.2 11.3144 44.4962
89.3 11.3144 44.4962
89.4 11.3144 44.4962
89.5 11.3143 44.4962
89.6 11.3143 44.4962
89.7 11.3143 44.4962
89.8 11.3143 44.4961
89.9 11.3143 44.4961
