0 11.3148 44.4933
0.1 11.3148 44.4933
0.2 11.3148 44.4933
0.3 11.3148 44.4933
0.4 11.3148 44.4933
0.5 11.3148 44.4933
0.6 11.3148 44.4933
0.7 11.3148 44.4933
0.8 11.3147 44.4933
0.9 11.3147 44.4933
1 11.3147 44.4932
1.1 11.3147 44.4932
1.2 11.3147 44.4932
1.3 11.3147 44.4932
1.4 11.3147 44.4932
1.5 11.3147 44.4932
1.6 11.3147 44.4932
1.7 11.3147 44.4932
1.8 11.3146 44.4932
1.9 11.3146 44.4932
2 11.3146 44.4932
2.1 11.3146 44.4932
2.2 11.3146 44.4932
2.3 11.3146 44.4932
2.4 11.3146 44.4932
2.5 11.3146 44.4932
2.6 11.3146 44.4932
2.7 11.3146 44.4932
2.8 11.3146 44.4932
2.9 11.3145 44.4932
3 11.3145 44.4932
3.1 11.3145 44.4932
3.2 11.3145 44.4932
3.3 11.3145 44.4932
3.4 11.3145 44.4932
3.5 11.3145 44.4932
3.6 11.3145 44.4932
3.7 11.3145 44.4932
3.8 11.3145 44.4932
3.9 11.3144 44.4932
4 11.3144 44.4932
4.1 11.3144 44.4932
4.2 11.3144 44.4932
4.3 11.3144 44.4932
4.4 11.3144 44.4932
4.5 11.3144 44.4932
4.6 11.3144 44.4932
4.7 11.3144 44.4932
4.8 11.3144 44.4932
4.9 11.3144 44.4932
5 11.3143 44.4932
5.1 11.3143 44.4932
5.2 11.3143 44.4932
5.3 11.3143 44.4932
5.4 11.3143 44.4932
5.5 11.3143 44.4932
5.6 11.3143 44.4932
5.7 11.3143 44.4932
5.8 11.3143 44.4932
5.9 11.3143 44.4932
6 11.3142 44.4932
6.1 11.3142 44.4932
6.2 11.3142 44.4932
6.3 11.3142 44.4932
6.4 11.3142 44.4932
6.5 11.3142 44.4932
6.6 11.3142 44.4932
6.7 11.3142 44.4932
6.8 11.3142 44.4932
6.9 11.3142 44.4932
7 11.3141 44.4932
7.1 11.3141 44.4932
7.2 11.3141 44.4932
7.3 11.3141 44.4932
7.4 11.3141 44.4932
7.5 11.3141 44.4932
7.6 11.3141 44.4932
7.7 11.3141 44.4932
7.8 11.3141 44.4932
7.9 11.3141 44.4932
8 11.3141 44.4932
8.1 11.314 44.4932
8.2 11.314 44.4932
8.3 11.314 44.4932
8.4 11.314 44.4932
8.5 11.314 44.4932
8.6 11.314 44.4932
8.7 11.314 44.4932
8.8 11.314 44.4932
8.9 11.314 44.4932
9 11.314 44.4932
9.1 11.3139 44.4932
9.2 11.3139 44.4932
9.3 11.3139 44.4932
9.4 11.3139 44.4932
9.5 11.3139 44.4932
9.6 11.3139 44.4932
9.7 11.3139 44.4932
9.8 11.3139 44.4932
9.9 11.3139 44.4932
10 11.3139 44.4932
10.1 11.3138 44.4932
10.2 11.3138 44.4932
10.3 11.3138 44.4932
10.4 11.3138 44.4932
10.5 11.3138 44.4932
10.6 11.3138 44.4932
10.7 11.3138 44.4932
10.8 11.3138 44.4932
10.9 11.3138 44.4932
11 11.3138 44.4932
11.1 11.3138 44.4932
11.2 11.3137 44.4932
11.3 11.3137 44.4932
11.4 11.3137 44.4932
11.5 11.3137 44.4932
11.6 11.3137 44.4932
11.7 11.3137 44.4932
11.8 11.3137 44.4932
11.9 11.3137 44.4932
12 11.3137 44.4932
12.1 11.3137 44.4932
12.2 11.3136 44.4932
12.3 11.3136 44.4932
12.4 11.3136 44.4932
12.5 11.3136 44.4932
12.6 11.3136 44.4932
12.7 11.3136 44.4932
12.8 11.3136 44.4932
12.9 11.3136 44.4932
13 11.3136 44.4932
13.1 11.3136 44.4932
13.2 11.3135 44.4932
13.3 11.3135 44.4932
13.4 11.3135 44.4932
13.5 11.3135 44.4932
13.6 11.3135 44.4932
13.7 11.3135 44.4932
13.8 11.3135 44.4932
13.9 11.3135 44.4932
14 11.3135 44.4932
14.1 11.3135 44.4932
14.2 11.3135 44.4932
14.3 11.3135 44.4932
14.4 11.3135 44.4932
14.5 11.3134 44.4932
14.6 11.3134 44.4932
14.7 11.3134 44.4932
14.8 11.3134 44.4932
14.9 11.3134 44.4932
15 11.3134 44.4932
15.1 11.3134 44.4932
15.2 11.3134 44.4932
15.3 11.3134 44.4932
15.4 11.3134 44.4932
15.5 11.3134 44.4932
15.6 11.3134 44.4932
15.7 11.3134 44.4932
15.8 11.3134 44.4932
15.9 11.3134 44.4932
16 11.3134 44.4932
16.1 11.3134 44.4932
16.2 11.3134 44.4932
16.3 11.3134 44.4932
16.4 11.3134 44.4932
16.5 11.3134 44.4932
16.6 11.3134 44.4932
16.7 11.3134 44.4932
16.8 11.3134 44.4932
16.9 11.3134 44.4933
17 11.3135 44.4933
17.1 11.3135 44.4933
17.2 11.3135 44.4933
17.3 11.3135 44.4933
17.4 11.3135 44.4933
17.5 11.3135 44.4933
17.6 11.3135 44.4933
17.7 11.3135 44.4933
17.8 11.3135 44.4933
17.9 11.3135 44.4933
18 11.3135 44.4933
18.1 11.3135 44.4933
18.2 11.3135 44.4933
18.3 11.3135 44.4934
18.4 11.3135 44.4934
18.5 11.3135 44.4934
18.6 11.3135 44.4934
18.7 11.3135 44.4934
18.8 11.3135 44.4934
18.9 11.3135 44.4934
19 11.3136 44.4934
19.1 11.3136 44.4934
19.2 11.3136 44.4934
19.3 11.3136 44.4934
19.4 11.3136 44.4934
19.5 11.3136 44.4935
19.6 11.3136 44.4935
19.7 11.3136 44.4935
19.8 11.3136 44.4935
19.9 11.3136 44.4935
20 11.3136 44.4935
20.1 11.3136 44.4935
20.2 11.3136 44.4935
20.3 11.3136 44.4935
20.4 11.3136 44.4936
20.5 11.3136 44.4936
20.6 11.3137 44.4936
20.7 11.3137 44.4936
20.8 11.3137 44.4936
20.9 11.3137 44.4936
21 11.3137 44.4936
21.1 11.3137 44.4936
21.2 11.3137 44.4937
21.3 11.3137 44.4937
21.4 11.3137 44.4937
21.5 11.3137 44.4937
21.6 11.3137 44.4937
21.7 11.3137 44.4937
21.8 11.3138 44.4937
21.9 11.3138 44.4937
22 11.3138 44.4938
22.1 11.3138 44.4938
22.2 11.3138 44.4938
22.3 11.3138 44.4938
22.4 11.3138 44.4938
22.5 11.3138 44.4938
22.6 11.3138 44.4938
22.7 11.3138 44.4939
22.8 11.3138 44.4939
22.9 11.3139 44.4939
23 11.3139 44.4939
23.1 11.3139 44.4939
23.2 11.3139 44.4939
23.3 11.3139 44.494
23.4 11.3139 44.494
23.5 11.3139 44.494
23.6 11.3139 44.494
23.7 11.3139 44.494
23.8 11.314 44.494
23.9 11.314 44.4941
24 11.314 44.4941
24.1 11.314 44.4941
24.2 11.314 44.4941
24.3 11.314 44.4941
24.4 11.314 44.4941
24.5 11.314 44.4941
24.6 11.314 44.4942
24.7 11.314 44.4942
24.8 11.3141 44.4942
24.9 11.3141 44.4942
25 11.3141 44.4942
25.1 11.3141 44.4942
25.2 11.3141 44.4942
25.3 11.3141 44.4943
25.4 11.3141 44.4943
25.5 11.3141 44.4943
25.6 11.3141 44.4943
25.7 11.3141 44.4943
25.8 11.3141 44.4943
25.9 11.3142 44.4943
26 11.3142 44.4943
26.1 11.3142 44.4943
26.2 11.3142 44.4943
26.3 11.3142 44.4944
26.4 11.3142 44.4944
26.5 11.3142 44.4944
26.6 11.3142 44.4944
26.7 11.3142 44.4944
26.8 11.3142 44.4944
26.9 11.3142 44.4944
27 11.3142 44.4944
27.1 11.3142 44.4944
27.2 11.3142 44.4944
27.3 11.3143 44.4944
27.4 11.3143 44.4944
27.5 11.3143 44.4944
27.6 11.3143 44.4944
27.7 11.3143 44.4944
27.8 11.3143 44.4945
27.9 11.3143 44.4945
28 11.3143 44.4945
28.1 11.3143 44.4945
28.2 11.3143 44.4945
28.3 11.3143 44.4945
28.4 11.3143 44.4945
28.5 11.3143 44.4945
28.6 11.3144 44.4945
28.7 11.3144 44.4945
28.8 11.3144 44.4945
28.9 11.3144 44.4945
29 11.3144 44.4945
29.1 11.3144 44.4945
29.2 11.3144 44.4945
29.3 11.3144 44.4945
29.4 11.3144 44.4945
29.5 11.3145 44.4945
29.6 11.3145 44.4945
29.7 11.3145 44.4945
29.8 11.3145 44.4945
29.9 11.3145 44.4945
30 11.3145 44.4945
30.1 11.3145 44.4946
30.2 11.3145 44.4946
30.3 11.3145 44.4946
30.4 11.3145 44.4946
30.5 11.3145 44.4946
30.6 11.3145 44.4946
30.7 11.3145 44.4946
30.8 11.3145 44.4946
30.9 11.3145 44.4946
31 11.3145 44.4946
31.1 11.3145 44.4947
31.2 11.3145 44.4947
31.3 11.3145 44.4947
31.4 11.3145 44.4947
31.5 11.3145 44.4947
31.6 11.3145 44.4947
31.7 11.3145 44.4947
31.8 11.3145 44.4947
31.9 11.3145 44.4947
32 11.3145 44.4947
32.1 11.3145 44.4947
32.2 11.3145 44.4947
32.3 11.3145 44.4947
32.4 11.3145 44.4948
32.5 11.3145 44.4948
32.6 11.3144 44.4948
32.7 11.3144 44.4948
32.8 11.3144 44.4948
32.9 11.3144 44.4948
33 11.3144 44.4948
33.1 11.3144 44.4948
33.2 11.3145 44.4948
33.3 11.3145 44.4948
33.4 11.3145 44.4948
33.5 11.3145 44.4948
33.6 11.3145 44.4948
33.7 11.3145 44.4948
33.8 11.3145 44.4948
33.9 11.3145 44.4948
34 11.3145 44.4948
34.1 11.3145 44.4948
34.2 11.3145 44.4949
34.3 11.3145 44.4949
34.4 11.3145 44.4949
34.5 11.3145 44.4949
34.6 11.3145 44.4949
34.7 11.3145 44.4949
34.8 11.3145 44.4949
34.9 11.3145 44.4949
35 11.3145 44.4949
35.1 11.3145 44.4949
35.2 11.3145 44.4949
35.3 11.3145 44.4949
35.4 11.3145 44.4949
35.5 11.3145 44.495
35.6 11.3145 44.495
35.7 11.3145 44.495
35.8 11.3145 44.495
35.9 11.3145 44.495
36 11.3145 44.495
36.1 11.3146 44.495
36.2 11.3146 44.495
36.3 11.3146 44.495
36.4 11.3146 44.495
36.5 11.3146 44.4951
36.6 11.3146 44.4951
36.7 11.3146 44.4951
36.8 11.3146 44.4951
36.9 11.3146 44.4951
37 11.3146 44.4951
37.1 11.3146 44.4951
37.2 11.3146 44.4951
37.3 11.3146 44.4951
37.4 11.3147 44.4951
37.5 11.3147 44.4952
37.6 11.3147 44.4952
37.7 11.3147 44.4952
37.8 11.3147 44.4952
37.9 11.3147 44.4952
38 11.3147 44.4952
38.1 11.3147 44.4952
38.2 11.3147 44.4952
38.3 11.3147 44.4953
38.4 11.3147 44.4953
38.5 11.3147 44.4953
38.6 11.3148 44.4953
38.7 11.3148 44.4953
38.8 11.3148 44.4953
38.9 11.3148 44.4953
39 11.3148 44.4954
39.1 11.3148 44.4954
39.2 11.3148 44.4954
39.3 11.3148 44.4954
39.4 11.3148 44.4954
39.5 11.3148 44.4954
39.6 11.3148 44.4954
39.7 11.3148 44.4954
39.8 11.3149 44.4954
39.9 11.3149 44.4955
40 11.3149 44.4955
40.1 11.3149 44.4955
40.2 11.3149 44.4955
40.3 11.3149 44.4955
40.4 11.3149 44.4955
40.5 11.3149 44.4955
40.6 11.3149 44.4955
40.7 11.3149 44.4955
40.8 11.3149 44.4955
40.9 11.3149 44.4956
41 11.3149 44.4956
41.1 11.3149 44.4956
41.2 11.3149 44.4956
41.3 11.315 44.4956
41.4 11.315 44.4956
41.5 11.315 44.4956
41.6 11.315 44.4956
41.7 11.315 44.4956
41.8 11.315 44.4957
41.9 11.315 44.4957
42 11.315 44.4957
42.1 11.315 44.4957
42.2 11.315 44.4957
42.3 11.315 44.4957
42.4 11.315 44.4957
42.5 11.315 44.4957
42.6 11.315 44.4957
42.7 11.3151 44.4958
42.8 11.3151 44.4958
42.9 11.3151 44.4958
43 11.3151 44.4958
43.1 11.3151 44.4958
43.2 11.3151 44.4958
43.3 11.3151 44.4958
43.4 11.3151 44.4958
43.5 11.3151 44.4959
43.6 11.3151 44.4959
43.7 11.3151 44.4959
43.8 11.3151 44.4959
43.9 11.3152 44.4959
44 11.3152 44.4959
44.1 11.3152 44.4959
44.2 11.3152 44.496
44.3 11.3152 44.496
44.4 11.3152 44.496
44.5 11.3152 44.496
44.6 11.3152 44.496
44.7 11.3152 44.496
44.8 11.3152 44.496
44.9 11.3153 44.4961
45 11.3153 44.4961
45.1 11.3153 44.4961
45.2 11.3153 44.4961
45.3 11.3153 44.4961
45.4 11.3153 44.4961
45.5 11.3153 44.4961
45.6 11.3153 44.4961
45.7 11.3153 44.4962
45.8 11.3153 44.4962
45.9 11.3153 44.4962
46 11.3153 44.4962
46.1 11.3153 44.4962
46.2 11.3153 44.4962
46.3 11.3154 44.4962
46.4 11.3154 44.4962
46.5 11.3154 44.4962
46.6 11.3154 44.4962
46.7 11.3154 44.4962
46.8 11.3154 44.4963
46.9 11.3154 44.4963
47 11.3154 44.4963
47.1 11.3154 44.4963
47.2 11.3155 44.4963
47.3 11.3155 44.4963
47.4 11.3155 44.4963
47.5 11.3155 44.4963
47.6 11.3155 44.4963
47.7 11.3155 44.4963
47.8 11.3155 44.4963
47.9 11.3155 44.4963
48 11.3156 44.4963
48.1 11.3156 44.4963
48.2 11.3156 44.4963
48.3 11.3156 44.4963
48.4 11.3156 44.4963
48.5 11.3156 44.4963
48.6 11.3157 44.4963
48.7 11.3157 44.4963
48.8 11.3157 44.4963
48.9 11.3157 44.4963
49 11.3157 44.4963
49.1 11.3157 44.4963
49.2 11.3157 44.4963
49.3 11.3158 44.4963
49.4 11.3158 44.4963
49.5 11.3158 44.4963
49.6 11.3158 44.4963
49.7 11.3158 44.4963
49.8 11.3158 44.4963
49.9 11.3159 44.4963
50 11.3159 44.4963
50.1 11.3159 44.4963
50.2 11.3159 44.4963
50.3 11.3159 44.4963
50.4 11.3159 44.4963
50.5 11.316 44.4963
50.6 11.316 44.4963
50.7 11.316 44.4963
50.8 11.316 44.4963
50.9 11.316 44.4964
51 11.316 44.4964
51.1 11.3161 44.4964
51.2 11.3161 44.4964
51.3 11.3161 44.4964
51.4 11.3161 44.4964
51.5 11.3161 44.4964
51.6 11.3161 44.4964
51.7 11.3161 44.4964
51.8 11.3162 44.4964
51.9 11.3162 44.4964
52 11.3162 44.4964
52.1 11.3162 44.4964
52.2 11.3162 44.4964
52.3 11.3162 44.4964
52.4 11.3163 44.4964
52.5 11.3163 44.4964
52.6 11.3163 44.4964
52.7 11.3163 44.4964
52.8 11.3163 44.4964
52.9 11.3163 44.4964
53 11.3164 44.4964
53.1 11.3164 44.4964
53.2 11.3164 44.4964
53.3 11.3164 44.4964
53.4 11.3164 44.4964
53.5 11.3164 44.4964
53.6 11.3165 44.4964
53.7 11.3165 44.4964
53.8 11.3165 44.4964
53.9 11.3165 44.4964
54 11.3165 44.4964
54.1 11.3165 44.4964
54.2 11.3165 44.4964
54.3 11.3166 44.4964
54.4 11.3166 44.4964
54.5 11.3166 44.4964
54.6 11.3166 44.4964
54.7 11.3166 44.4964
54.8 11.3166 44.4964
54.9 11.3167 44.4964
55 11.3167 44.4965
55.1 11.3167 44.4965
55.2 11.3167 44.4965
55.3 11.3167 44.4965
55.4 11.3167 44.4965
55.5 11.3167 44.4965
55.6 11.3168 44.4965
55.7 11.3168 44.4965
55.8 11.3168 44.4965
55.9 11.3168 44.4965
56 11.3168 44.4965
56.1 11.3168 44.4965
56.2 11.3169 44.4965
56.3 11.3169 44.4965
56.4 11.3169 44.4965
56.5 11.3169 44.4965
56.6 11.3169 44.4965
56.7 11.3169 44.4965
56.8 11.317 44.4965
56.9 11.317 44.4965
57 11.317 44.4965
57.1 11.317 44.4965
57.2 11.317 44.4965
57.3 11.317 44.4965
57.4 11.317 44.4965
57.5 11.3171 44.4965
57.6 11.3171 44.4965
57.7 11.3171 44.4965
57.8 11.3171 44.4965
57.9 11.3171 44.4965
58 11.3171 44.4965
58.1 11.3172 44.4965
58.2 11.3172 44.4966
58.3 11.3172 44.4966
58.4 11.3172 44.4966
58.5 11.3172 44.4966
58.6 11.3172 44.4966
58.7 11.3173 44.4966
58.8 11.3173 44.4966
58.9 11.3173 44.4966
59 11.3173 44.4966
59.1 11.3173 44.4966
59.2 11.3173 44.4966
59.3 11.3173 44.4966
59.4 11.3174 44.4966
59.5 11.3174 44.4966
59.6 11.3174 44.4966
59.7 11.3174 44.4966
59.8 11.3174 44.4966
59.9 11.3174 44.4966
60 11.3175 44.4966
60.1 11.3175 44.4966
60.2 11.3175 44.4966
60.3 11.3175 44.4966
60.4 11.3175 44.4966
60.5 11.3175 44.4966
60.6 11.3176 44.4966
60.7 11.3176 44.4966
60.8 11.3176 44.4966
60.9 11.3176 44.4966
61 11.3176 44.4966
61.1 11.3176 44.4966
61.2 11.3176 44.4966
61.3 11.3177 44.4967
61.4 11.3177 44.4967
61.5 11.3177 44.4967
61.6 11.3177 44.4967
61.7 11.3177 44.4967
61.8 11.3177 44.4967
61.9 11.3178 44.4967
62 11.3178 44.4967
62.1 11.3178 44.4967
62.2 11.3178 44.4967
62.3 11.3178 44.4967
62.4 11.3178 44.4967
62.5 11.3178 44.4967
62.6 11.3179 44.4967
62.7 11.3179 44.4967
62.8 11.3179 44.4967
62.9 11.3179 44.4967
63 11.3179 44.4967
63.1 11.3179 44.4967
63.2 11.318 44.4967
63.3 11.318 44.4967
63.4 11.318 44.4967
63.5 11.318 44.4967
63.6 11.318 44.4967
63.7 11.318 44.4967
63.8 11.318 44.4967
63.9 11.318 44.4967
64 11.318 44.4968
64.1 11.3181 44.4968
64.2 11.3181 44.4968
64.3 11.3181 44.4968
64.4 11.3181 44.4968
64.5 11.3181 44.4968
64.6 11.3181 44.4968
64.7 11.3181 44.4968
64.8 11.3181 44.4968
64.9 11.3181 44.4968
65 11.3182 44.4968
65.1 11.3182 44.4968
65.2 11.3182 44.4968
65.3 11.3182 44.4968
65.4 11.3182 44.4968
65.5 11.3182 44.4968
65.6 11.3182 44.4968
65.7 11.3182 44.4968
65.8 11.3182 44.4968
65.9 11.3182 44.4968
66 11.3182 44.4968
66.1 11.3182 44.4969
66.2 11.3182 44.4969
66.3 11.3182 44.4969
66.4 11.3182 44.4969
66.5 11.3182 44.4969
66.6 11.3182 44.4969
66.7 11.3182 44.4969
66.8 11.3182 44.4969
66.9 11.3182 44.4969
67 11.3182 44.4969
67.1 11.3182 44.4969
67.2 11.3182 44.4969
67.3 11.3182 44.497
67.4 11.3182 44.497
67.5 11.3182 44.497
67.6 11.3182 44.497
67.7 11.3182 44.497
67.8 11.3182 44.497
67.9 11.3182 44.497
68 11.3182 44.497
68.1 11.3182 44.497
68.2 11.3182 44.497
68.3 11.3181 44.497
68.4 11.3181 44.497
68.5 11.3181 44.497
68.6 11.3181 44.497
68.7 11.3181 44.497
68.8 11.3181 44.497
68.9 11.3181 44.497
69 11.3181 44.497
69.1 11.3181 44.497
69.2 11.3181 44.497
69.3 11.3181 44.497
69.4 11.318 44.497
69.5 11.318 44.497
69.6 11.318 44.497
69.7 11.318 44.497
69.8 11.318 44.497
69.9 11.318 44.497
70 11.318 44.497
70.1 11.318 44.497
70.2 11.318 44.497
70.3 11.318 44.497
70.4 11.3179 44.497
70.5 11.3179 44.497
70.6 11.3179 44.497
70.7 11.3179 44.497
70.8 11.3179 44.497
70.9 11.3179 44.497
71 11.3179 44.497
71.1 11.3179 44.497
71.2 11.3178 44.497
71.3 11.3178 44.497
71.4 11.3178 44.497
71.5 11.3178 44.497
71.6 11.3178 44.497
71.7 11.3178 44.497
71.8 11.3177 44.497
71.9 11.3177 44.497
72 11.3177 44.497
72.1 11.3177 44.497
72.2 11.3177 44.497
72.3 11.3177 44.497
72.4 11.3177 44.497
72.5 11.3176 44.497
72.6 11.3176 44.497
72.7 11.3176 44.497
72.8 11.3176 44.497
72.9 11.3176 44.497
73 11.3176 44.497
73.1 11.3175 44.497
73.2 11.3175 44.497
73.3 11.3175 44.497
73.4 11.3175 44.497
73.5 11.3175 44.497
73.6 11.3175 44.497
73.7 11.3175 44.497
73.8 11.3174 44.497
73.9 11.3174 44.497
74 11.3174 44.497
74.1 11.3174 44.497
74.2 11.3174 44.497
74.3 11.3174 44.497
74.4 11.3174 44.497
74.5 11.3174 44.497
74.6 11.3174 44.497
74.7 11.3174 44.497
74.8 11.3174 44.497
74.9 11.3174 44.497
75 11.3173 44.4969
75.1 11.3173 44.4969
75.2 11.3173 44.4969
75.3 11.3173 44.4969
75.4 11.3173 44.4969
75.5 11.3173 44.4969
75.6 11.3173 44.4969
75.7 11.3173 44.4969
75.8 11.3173 44.4969
75.9 11.3173 44.4969
76 11.3173 44.4969
76.1 11.3173 44.4969
76.2 11.3173 44.4969
76.3 11.3173 44.4969
76.4 11.3173 44.4969
76.5 11.3173 44.4969
76.6 11.3173 44.4969
76.7 11.3173 44.4969
76.8 11.3173 44.4968
76.9 11.3173 44.4968
77 11.3173 44.4968
77.1 11.3173 44.4968
77.2 11.3173 44.4968
77.3 11.3173 44.4968
77.4 11.3173 44.4968
77.5 11.3173 44.4968
77.6 11.3173 44.4968
77.7 11.3173 44.4968
77.8 11.3173 44.4968
77.9 11.3173 44.4968
78 11.3173 44.4968
78.1 11.3173 44.4967
78.2 11.3173 44.4967
78.3 11.3173 44.4967
78.4 11.3173 44.4967
78.5 11.3173 44.4967
78.6 11.3173 44.4967
78.7 11.3173 44.4967
78.8 11.3173 44.4967
78.9 11.3173 44.4967
79 11.3173 44.4967
79.1 11.3173 44.4967
79.2 11.3173 44.4967
79.3 11.3173 44.4966
79.4 11.3173 44.4966
79.5 11.3173 44.4966
79.6 11.3173 44.4966
79.7 11.3173 44.4966
79.8 11.3173 44.4966
79.9 11.3173 44.4966
80 11.3173 44.4966
80.1 11.3173 44.4966
80.2 11.3173 44.4966
80.3 11.3174 44.4966
80.4 11.3174 44.4966
80.5 11.3174 44.4966
80.6 11.3174 44.4966
80.7 11.3174 44.4966
80.8 11.3174 44.4966
80.9 11.3174 44.4966
81 11.3174 44.4966
81.1 11.3174 44.4966
81.2 11.3174 44.4966
81.3 11.3174 44.4966
81.4 11.3174 44.4966
81.5 11.3174 44.4966
81.6 11.3174 44.4966
81.7 11.3174 44.4966
81.8 11.3174 44.4966
81.9 11.3174 44.4966
82 11.3174 44.4966
82.1 11.3174 44.4966
82.2 11.3174 44.4966
82.3 11.3174 44.4966
82.4 11.3174 44.4966
82.5 11.3174 44.4966
82.6 11.3174 44.4966
82.7 11.3174 44.4966
82.8 11.3174 44.4966
82.9 11.3174 44.4966
83 11.3174 44.4966
83.1 11.3174 44.4966
83.2 11.3174 44.4966
83.3 11.3174 44.4966
83.4 11.3174 44.4966
83.5 11.3174 44.4966
83.6 11.3174 44.4966
83.7 11.3174 44.4966
83.8 11.3174 44.4966
83.9 11.3174 44.4966
84 11.3174 44.4966
84.1 11.3174 44.4966
84.2 11.3174 44.4966
84.3 11.3174 44.4966
84.4 11.3174 44.4966
84.5 11.3174 44.4966
84.6 11.3174 44.4966
84.7 11.3174 44.4966
84.8 11.3174 44.4966
84.9 11.3174 44.4966
85 11.3174 44.4966
85.1 11.3174 44.4966
85.2 11.3175 44.4966
85.3 11.3175 44.4966
85.4 11.3175 44.4966
85.5 11.3175 44.4966
85.6 11.3175 44.4966
85.7 11.3175 44.4966
85.8 11.3175 44.4966
85.9 11.3175 44.4966
86 11.3175 44.4966
86.1 11.3175 44.4966
86.2 11.3175 44.4966
86.3 11.3175 44.4966
86.4 11.3175 44.4966
86.5 11.3175 44.4966
86.6 11.3176 44.4966
86.7 11.3176 44.4966
86.8 11.3176 44.4966
86.9 11.3176 44.4966
87 11.3176 44.4966
87.1 11.3176 44.4966
87.2 11.3176 44.4966
87.3 11.3176 44.4966
87.4 11.3176 44.4966
87.5 11.3176 44.4966
87.6 11.3176 44.4966
87.7 11.3176 44.4966
87.8 11.3176 44.4966
87.9 11.3176 44.4965
88 11.3176 44.4965
88.1 11.3176 44.4965
88.2 11.3176 44.4965
88.3 11.3176 44.4965
88.4 11.3176 44.4965
88.5 11.3176 44.4965
88.6 11.3176 44.4965
88.7 11.3176 44.4965
88.8 11.3176 44.4965
88.9 11.3176 44.4965
89 11.3176 44.4965
89.1 11.3176 44.4965
89.2 11.3176 44.4965
89.3 11.3176 44.4965
89.4 11.3176 44.4964
89.5 11.3176 44.4964
89.6 11.3176 44.4964
89.7 11.3176 44.4964
89.8 11.3176 44.4964
89.9 11.3176 44.4964
