0 11.3179 44.4949
0.1 11.3179 44.4949
0.2 11.3179 44.4949
0.3 11.3179 44.495
0.4 11.3179 44.495
0.5 11.3179 44.495
0.6 11.3179 44.495
0.7 11.3179 44.495
0.8 11.3179 44.495
0.9 11.3179 44.495
1 11.3179 44.495
1.1 11.3179 44.495
1.2 11.3179 44.495
1.3 11.3179 44.495
1.4 11.3179 44.495
1.5 11.3179 44.495
1.6 11.3179 44.495
1.7 11.3179 44.495
1.8 11.3179 44.4951
1.9 11.3179 44.4951
2 11.3179 44.4951
2.1 11.3179 44.4951
2.2 11.3179 44.4951
2.3 11.3179 44.4951
2.4 11.3179 44.4951
2.5 11.3179 44.4951
2.6 11.3179 44.4951
2.7 11.3179 44.4951
2.8 11.3179 44.4951
2.9 11.3179 44.4951
3 11.3179 44.4951
3.1 11.3179 44.4951
3.2 11.3179 44.4952
3.3 11.3179 44.4952
3.4 11.3179 44.4952
3.5 11.3179 44.4952
3.6 11.3179 44.4952
3.7 11.3179 44.4952
3.8 11.3179 44.4952
3.9 11.3179 44.4952
4 11.318 44.4952
4.1 11.318 44.4952
4.2 11.318 44.4952
4.3 11.318 44.4952
4.4 11.318 44.4952
4.5 11.318 44.4952
4.6 11.318 44.4952
4.7 11.318 44.4952
4.8 11.318 44.4952
4.9 11.318 44.4952
5 11.318 44.4952
5.1 11.318 44.4952
5.2 11.318 44.4952
5.3 11.318 44.4952
5.4 11.3181 44.4952
5.5 11.3181 44.4952
5.6 11.3181 44.4952
5.7 11.3181 44.4952
5.8 11.3181 44.4952
5.9 11.3181 44.4952
6 11.3181 44.4952
6.1 11.3181 44.4952
6.2 11.3181 44.4952
6.3 11.3181 44.4952
6.4 11.3182 44.4952
6.5 11.3182 44.4952
6.6 11.3182 44.4952
6.7 11.3182 44.4952
6.8 11.3182 44.4952
6.9 11.3182 44.4952
7 11.3182 44.4952
7.1 11.3182 44.4952
7.2 11.3183 44.4952
7.3 11.3183 44.4952
7.4 11.3183 44.4952
7.5 11.3183 44.4952
7.6 11.3183 44.4952
7.7 11.3183 44.4952
7.8 11.3183 44.4952
7.9 11.3184 44.4952
8 11.3184 44.4952
8.1 11.3184 44.4952
8.2 11.3184 44.4952
8.3 11.3184 44.4952
8.4 11.3184 44.4952
8.5 11.3185 44.4952
8.6 11.3185 44.4952
8.7 11.3185 44.4952
8.8 11.3185 44.4952
8.9 11.3185 44.4952
9 11.3185 44.4952
9.1 11.3186 44.4952
9.2 11.3186 44.4952
9.3 11.3186 44.4952
9.4 11.3186 44.4952
9.5 11.3186 44.4952
9.6 11.3187 44.4952
9.7 11.3187 44.4952
9.8 11.3187 44.4952
9.9 11.3187 44.4952
10 11.3187 44.4952
10.1 11.3188 44.4952
10.2 11.3188 44.4952
10.3 11.3188 44.4952
10.4 11.3188 44.4952
10.5 11.3188 44.4952
10.6 11.3189 44.4952
10.7 11.3189 44.4952
10.8 11.3189 44.4952
10.9 11.3189 44.4952
11 11.3189 44.4952
11.1 11.319 44.4952
11.2 11.319 44.4952
11.3 11.319 44.4952
11.4 11.319 44.4952
11.5 11.319 44.4952
11.6 11.3191 44.4952
11.7 11.3191 44.4952
11.8 11.3191 44.4952
11.9 11.3191 44.4953
12 11.3191 44.4953
12.1 11.3191 44.4953
12.2 11.3192 44.4953
12.3 11.3192 44.4953
12.4 11.3192 44.4953
12.5 11.3192 44.4953
12.6 11.3192 44.4953
12.7 11.3192 44.4953
12.8 11.3192 44.4953
12.9 11.3192 44.4953
13 11.3193 44.4953
13.1 11.3193 44.4953
13.2 11.3193 44.4953
13.3 11.3193 44.4953
13.4 11.3193 44.4953
13.5 11.3193 44.4953
13.6 11.3193 44.4953
13.7 11.3193 44.4953
13.8 11.3193 44.4953
13.9 11.3193 44.4953
14 11.3194 44.4953
14.1 11.3194 44.4953
14.2 11.3194 44.4953
14.3 11.3194 44.4953
14.4 11.3194 44.4953
14.5 11.3194 44.4953
14.6 11.3194 44.4953
14.7 11.3194 44.4953
14.8 11.3194 44.4953
14.9 11.3194 44.4953
15 11.3194 44.4953
15.1 11.3194 44.4953
15.2 11.3194 44.4953
15.3 11.3194 44.4953
15.4 11.3194 44.4953
15.5 11.3194 44.4953
15.6 11.3194 44.4953
15.7 11.3194 44.4953
15.8 11.3195 44.4953
15.9 11.3195 44.4953
16 11.3195 44.4953
16.1 11.3195 44.4953
16.2 11.3195 44.4953
16.3 11.3195 44.4953
16.4 11.3195 44.4953
16.5 11.3195 44.4953
16.6 11.3195 44.4953
16.7 11.3195 44.4953
16.8 11.3195 44.4953
16.9 11.3195 44.4953
17 11.3195 44.4953
17.1 11.3195 44.4953
17.2 11.3195 44.4953
17.3 11.3195 44.4953
17.4 11.3195 44.4953
17.5 11.3195 44.4953
17.6 11.3195 44.4953
17.7 11.3195 44.4953
17.8 11.3195 44.4953
17.9 11.3195 44.4953
18 11.3195 44.4953
18.1 11.3195 44.4953
18.2 11.3195 44.4953
18.3 11.3195 44.4953
18.4 11.3195 44.4953
18.5 11.3195 44.4953
18.6 11.3195 44.4953
18.7 11.3195 44.4953
18.8 11.3195 44.4953
18.9 11.3195 44.4953
19 11.3195 44.4953
19.1 11.3195 44.4953
19.2 11.3195 44.4953
19.3 11.3195 44.4953
19.4 11.3195 44.4953
19.5 11.3195 44.4953
19.6 11.3195 44.4953
19.7 11.3195 44.4953
19.8 11.3195 44.4953
19.9 11.3195 44.4953
20 11.3195 44.4953
20.1 11.3195 44.4953
20.2 11.3195 44.4953
20.3 11.3195 44.4953
20.4 11.3195 44.4953
20.5 11.3195 44.4953
20.6 11.3195 44.4953
20.7 11.3195 44.4953
20.8 11.3195 44.4953
20.9 11.3195 44.4953
21 11.3195 44.4953
21.1 11.3195 44.4953
21.2 11.3195 44.4953
21.3 11.3195 44.4953
21.4 11.3195 44.4953
21.5 11.3195 44.4953
21.6 11.3195 44.4953
21.7 11.3195 44.4953
21.8 11.3195 44.4953
21.9 11.3195 44.4953
22 11.3195 44.4953
22.1 11.3195 44.4953
22.2 11.3195 44.4953
22.3 11.3195 44.4953
22.4 11.3195 44.4953
22.5 11.3195 44.4953
22.6 11.3195 44.4953
22.7 11.3195 44.4953
22.8 11.3195 44.4953
22.9 11.3195 44.4953
23 11.3195 44.4953
23.1 11.3195 44.4953
23.2 11.3195 44.4953
23.3 11.3195 44.4953
23.4 11.3195 44.4953
23.5 11.3195 44.4953
23.6 11.3195 44.4953
23.7 11.3195 44.4953
23.8 11.3195 44.4953
23.9 11.3195 44.4953
24 11.3195 44.4953
24.1 11.3195 44.4953
24.2 11.3195 44.4953
24.3 11.3195 44.4953
24.4 11.3195 44.4953
24.5 11.3195 44.4953
24.6 11.3195 44.4953
24.7 11.3195 44.4953
24.8 11.3195 44.4953
24.9 11.3195 44.4953
25 11.3195 44.4953
25.1 11.3195 44.4953
25.2 11.3195 44.4953
25.3 11.3195 44.4953
25.4 11.3195 44.4953
25.5 11.3195 44.4953
25.6 11.3195 44.4953
25.7 11.3195 44.4953
25.8 11.3195 44.4953
25.9 11.3195 44.4953
26 11.3195 44.4953
26.1 11.3195 44.4953
26.2 11.3195 44.4953
26.3 11.3195 44.4953
26.4 11.3195 44.4953
26.5 11.3195 44.4953
26.6 11.3195 44.4953
26.7 11.3195 44.4953
26.8 11.3195 44.4953
26.9 11.3195 44.4953
27 11.3195 44.4953
27.1 11.3195 44.4953
27.2 11.3195 44.4953
27.3 11.3195 44.4953
27.4 11.3195 44.4953
27.5 11.3195 44.4953
27.6 11.3195 44.4953
27.7 11.3195 44.4953
27.8 11.3195 44.4953
27.9 11.3195 44.4953
28 11.3195 44.4953
28.1 11.3195 44.4953
28.2 11.3195 44.4953
28.3 11.3195 44.4953
28.4 11.3195 44.4953
28.5 11.3195 44.4953
28.6 11.3195 44.4953
28.7 11.3195 44.4953
28.8 11.3195 44.4953
28.9 11.3195 44.4953
29 11.3195 44.4953
29.1 11.3195 44.4953
29.2 11.3195 44.4953
29.3 11.3195 44.4953
29.4 11.3195 44.4953
29.5 11.3195 44.4953
29.6 11.3195 44.4953
29.7 11.3195 44.4953
29.8 11.3195 44.4953
29.9 11.3195 44.4953
30 11.3195 44.4953
30.1 11.3195 44.4953
30.2 11.3195 44.4953
30.3 11.3195 44.4953
30.4 11.3195 44.4953
30.5 11.3195 44.4953
30.6 11.3195 44.4953
30.7 11.3195 44.4953
30.8 11.3195 44.4953
30.9 11.3195 44.4953
31 11.3195 44.4953
31.1 11.3195 44.4953
31.2 11.3195 44.4953
31.3 11.3195 44.4953
31.4 11.3195 44.4953
31.5 11.3195 44.4953
31.6 11.3195 44.4953
31.7 11.3195 44.4953
31.8 11.3195 44.4953
31.9 11.3195 44.4953
32 11.3195 44.4953
32.1 11.3195 44.4953
32.2 11.3195 44.4953
32.3 11.3195 44.4953
32.4 11.3195 44.4953
32.5 11.3195 44.4953
32.6 11.3195 44.4953
32.7 11.3195 44.4953
32.8 11.3195 44.4953
32.9 11.3195 44.4953
33 11.3195 44.4953
33.1 11.3195 44.4953
33.2 11.3195 44.4953
33.3 11.3195 44.4953
33.4 11.3195 44.4953
33.5 11.3195 44.4953
33.6 11.3195 44.4953
33.7 11.3195 44.4953
33.8 11.3195 44.4953
33.9 11.3195 44.4953
34 11.3195 44.4953
34.1 11.3195 44.4953
34.2 11.3195 44.4953
34.3 11.3195 44.4953
34.4 11.3195 44.4953
34.5 11.3195 44.4953
34.6 11.3195 44.4953
34.7 11.3195 44.4953
34.8 11.3195 44.4953
34.9 11.3195 44.4953
35 11.3195 44.4953
35.1 11.3195 44.4953
35.2 11.3195 44.4953
35.3 11.3195 44.4953
35.4 11.3195 44.4953
35.5 11.3195 44.4953
35.6 11.3195 44.4953
35.7 11.3195 44.4953
35.8 11.3195 44.4953
35.9 11.3195 44.4953
36 11.3195 44.4953
36.1 11.3195 44.4953
36.2 11.3195 44.4953
36.3 11.3195 44.4953
36.4 11.3195 44.4953
36.5 11.3195 44.4953
36.6 11.3195 44.4953
36.7 11.3195 44.4953
36.8 11.3195 44.4953
36.9 11.3195 44.4953
37 11.3195 44.4953
37.1 11.3195 44.4953
37.2 11.3195 44.4953
37.3 11.3195 44.4953
37.4 11.3195 44.4953
37.5 11.3195 44.4953
37.6 11.3195 44.4953
37.7 11.3195 44.4953
37.8 11.3196 44.4953
37.9 11.3196 44.4953
38 11.3196 44.4953
38.1 11.3196 44.4953
38.2 11.3196 44.4953
38.3 11.3196 44.4953
38.4 11.3196 44.4953
38.5 11.3196 44.4953
38.6 11.3196 44.4953
38.7 11.3196 44.4953
38.8 11.3196 44.4953
38.9 11.3196 44.4953
39 11.3196 44.4953
39.1 11.3196 44.4953
39.2 11.3196 44.4953
39.3 11.3197 44.4953
39.4 11.3197 44.4953
39.5 11.3197 44.4953
39.6 11.3197 44.4953
39.7 11.3197 44.4953
39.8 11.3197 44.4953
39.9 11.3197 44.4953
40 11.3197 44.4953
40.1 11.3197 44.4953
40.2 11.3197 44.4953
40.3 11.3198 44.4953
40.4 11.3198 44.4953
40.5 11.3198 44.4953
40.6 11.3198 44.4953
40.7 11.3198 44.4953
40.8 11.3198 44.4953
40.9 11.3198 44.4953
41 11.3198 44.4953
41.1 11.3199 44.4953
41.2 11.3199 44.4953
41.3 11.3199 44.4953
41.4 11.3199 44.4953
41.5 11.3199 44.4953
41.6 11.3199 44.4953
41.7 11.3199 44.4953
41.8 11.3199 44.4953
41.9 11.32 44.4953
42 11.32 44.4953
42.1 11.32 44.4953
42.2 11.32 44.4953
42.3 11.32 44.4953
42.4 11.32 44.4953
42.5 11.3201 44.4953
42.6 11.3201 44.4953
42.7 11.3201 44.4953
42.8 11.3201 44.4953
42.9 11.3201 44.4953
43 11.3201 44.4953
43.1 11.3201 44.4953
43.2 11.3201 44.4953
43.3 11.3202 44.4953
43.4 11.3202 44.4953
43.5 11.3202 44.4953
43.6 11.3202 44.4953
43.7 11.3202 44.4953
43.8 11.3202 44.4953
43.9 11.3202 44.4953
44 11.3202 44.4953
44.1 11.3202 44.4953
44.2 11.3202 44.4953
44.3 11.3202 44.4953
44.4 11.3203 44.4953
44.5 11.3203 44.4953
44.6 11.3203 44.4953
44.7 11.3203 44.4953
44.8 11.3203 44.4954
44.9 11.3203 44.4954
45 11.3203 44.4954
45.1 11.3203 44.4954
45.2 11.3203 44.4954
45.3 11.3203 44.4954
45.4 11.3203 44.4954
45.5 11.3204 44.4954
45.6 11.3204 44.4954
45.7 11.3204 44.4954
45.8 11.3204 44.4954
45.9 11.3204 44.4954
46 11.3204 44.4954
46.1 11.3204 44.4954
46.2 11.3204 44.4954
46.3 11.3204 44.4954
46.4 11.3204 44.4954
46.5 11.3204 44.4954
46.6 11.3204 44.4954
46.7 11.3204 44.4954
46.8 11.3204 44.4954
46.9 11.3204 44.4954
47 11.3204 44.4953
47.1 11.3204 44.4953
47.2 11.3204 44.4953
47.3 11.3204 44.4953
47.4 11.3204 44.4953
47.5 11.3204 44.4953
47.6 11.3204 44.4953
47.7 11.3204 44.4953
47.8 11.3204 44.4953
47.9 11.3204 44.4953
48 11.3204 44.4953
48.1 11.3204 44.4953
48.2 11.3204 44.4953
48.3 11.3204 44.4953
48.4 11.3204 44.4953
48.5 11.3204 44.4953
48.6 11.3204 44.4953
48.7 11.3204 44.4953
48.8 11.3204 44.4953
48.9 11.3204 44.4953
49 11.3204 44.4952
49.1 11.3204 44.4952
49.2 11.3204 44.4952
49.3 11.3204 44.4952
49.4 11.3204 44.4952
49.5 11.3204 44.4952
49.6 11.3204 44.4952
49.7 11.3204 44.4952
49.8 11.3204 44.4952
49.9 11.3204 44.4952
50 11.3204 44.4952
50.1 11.3204 44.4952
50.2 11.3204 44.4952
50.3 11.3204 44.4952
50.4 11.3204 44.4952
50.5 11.3204 44.4951
50.6 11.3204 44.4951
50.7 11.3204 44.4951
50.8 11.3203 44.4951
50.9 11.3203 44.4951
51 11.3203 44.4951
51.1 11.3203 44.4951
51.2 11.3203 44.4951
51.3 11.3203 44.4951
51.4 11.3203 44.4951
51.5 11.3203 44.4951
51.6 11.3203 44.4951
51.7 11.3203 44.4951
51.8 11.3203 44.4951
51.9 11.3203 44.4951
52 11.3203 44.495
52.1 11.3203 44.495
52.2 11.3203 44.495
52.3 11.3203 44.495
52.4 11.3203 44.495
52.5 11.3203 44.495
52.6 11.3203 44.495
52.7 11.3203 44.495
52.8 11.3203 44.495
52.9 11.3203 44.495
53 11.3203 44.495
53.1 11.3203 44.495
53.2 11.3203 44.495
53.3 11.3203 44.495
53.4 11.3203 44.495
53.5 11.3203 44.495
53.6 11.3203 44.4949
53.7 11.3203 44.4949
53.8 11.3203 44.4949
53.9 11.3202 44.4949
54 11.3202 44.4949
54.1 11.3202 44.4949
54.2 11.3202 44.4949
54.3 11.3202 44.4949
54.4 11.3202 44.4949
54.5 11.3202 44.4949
54.6 11.3202 44.4949
54.7 11.3202 44.4949
54.8 11.3202 44.4949
54.9 11.3202 44.4949
55 11.3202 44.4949
55.1 11.3202 44.4948
55.2 11.3202 44.4948
55.3 11.3202 44.4948
55.4 11.3202 44.4948
55.5 11.3202 44.4948
55.6 11.3202 44.4948
55.7 11.3202 44.4948
55.8 11.3202 44.4948
55.9 11.3202 44.4948
56 11.3202 44.4948
56.1 11.3202 44.4948
56.2 11.3202 44.4948
56.3 11.3202 44.4948
56.4 11.3202 44.4948
56.5 11.3202 44.4948
56.6 11.3202 44.4948
56.7 11.3202 44.4947
56.8 11.3202 44.4947
56.9 11.3202 44.4947
57 11.3201 44.4947
57.1 11.3201 44.4947
57.2 11.3201 44.4947
57.3 11.3201 44.4947
57.4 11.3201 44.4947
57.5 11.3201 44.4947
57.6 11.3201 44.4947
57.7 11.3201 44.4947
57.8 11.3201 44.4947
57.9 11.3201 44.4947
58 11.3201 44.4947
58.1 11.3201 44.4947
58.2 11.3201 44.4946
58.3 11.3201 44.4946
58.4 11.3201 44.4946
58.5 11.3201 44.4946
58.6 11.3201 44.4946
58.7 11.3201 44.4946
58.8 11.3201 44.4946
58.9 11.3201 44.4946
59 11.3201 44.4946
59.1 11.3201 44.4946
59.2 11.3201 44.4946
59.3 11.3201 44.4946
59.4 11.3201 44.4946
59.5 11.3201 44.4946
59.6 11.3201 44.4946
59.7 11.3201 44.4945
59.8 11.3201 44.4945
59.9 11.3201 44.4945
60 11.3201 44.4945
60.1 11.32 44.4945
60.2 11.32 44.4945
60.3 11.32 44.4945
60.4 11.32 44.4945
60.5 11.32 44.4945
60.6 11.32 44.4945
60.7 11.32 44.4945
60.8 11.32 44.4945
60.9 11.32 44.4945
61 11.32 44.4945
61.1 11.32 44.4945
61.2 11.32 44.4945
61.3 11.32 44.4944
61.4 11.32 44.4944
61.5 11.32 44.4944
61.6 11.32 44.4944
61.7 11.32 44.4944
61.8 11.32 44.4944
61.9 11.32 44.4944
62 11.32 44.4944
62.1 11.32 44.4944
62.2 11.32 44.4944
62.3 11.32 44.4944
62.4 11.32 44.4944
62.5 11.32 44.4944
62.6 11.32 44.4944
62.7 11.32 44.4944
62.8 11.32 44.4943
62.9 11.32 44.4943
63 11.32 44.4943
63.1 11.32 44.4943
63.2 11.3199 44.4943
63.3 11.3199 44.4943
63.4 11.3199 44.4943
63.5 11.3199 44.4943
63.6 11.3199 44.4943
63.7 11.3199 44.4943
63.8 11.3199 44.4943
63.9 11.3199 44.4943
64 11.3199 44.4943
64.1 11.3199 44.4943
64.2 11.3199 44.4943
64.3 11.3199 44.4942
64.4 11.3199 44.4942
64.5 11.3199 44.4942
64.6 11.3199 44.4942
64.7 11.3199 44.4942
64.8 11.3199 44.4942
64.9 11.3199 44.4942
65 11.3199 44.4942
65.1 11.3199 44.4942
65.2 11.3199 44.4942
65.3 11.3199 44.4942
65.4 11.3199 44.4942
65.5 11.3199 44.4942
65.6 11.3199 44.4942
65.7 11.3199 44.4942
65.8 11.3199 44.4942
65.9 11.3199 44.4941
66 11.3199 44.4941
66.1 11.3199 44.4941
66.2 11.3199 44.4941
66.3 11.3198 44.4941
66.4 11.3198 44.4941
66.5 11.3198 44.4941
66.6 11.3198 44.4941
66.7 11.3198 44.4941
66.8 11.3198 44.4941
66.9 11.3198 44.4941
67 11.3198 44.4941
67.1 11.3198 44.4941
67.2 11.3198 44.4941
67.3 11.3198 44.4941
67.4 11.3198 44.494
67.5 11.3198 44.494
67.6 11.3198 44.494
67.7 11.3198 44.494
67.8 11.3198 44.494
67.9 11.3198 44.494
68 11.3198 44.494
68.1 11.3198 44.494
68.2 11.3198 44.494
68.3 11.3198 44.494
68.4 11.3198 44.494
68.5 11.3198 44.494
68.6 11.3198 44.494
68.7 11.3198 44.494
68.8 11.3198 44.494
68.9 11.3198 44.494
69 11.3198 44.4939
69.1 11.3198 44.4939
69.2 11.3198 44.4939
69.3 11.3198 44.4939
69.4 11.3198 44.4939
69.5 11.3197 44.4939
69.6 11.3197 44.4939
69.7 11.3197 44.4939
69.8 11.3197 44.4939
69.9 11.3197 44.4939
70 11.3197 44.4939
70.1 11.3197 44.4939
70.2 11.3197 44.4939
70.3 11.3197 44.4939
70.4 11.3197 44.4939
70.5 11.3197 44.4938
70.6 11.3197 44.4938
70.7 11.3197 44.4938
70.8 11.3197 44.4938
70.9 11.3197 44.4938
71 11.3197 44.4938
71.1 11.3197 44.4938
71.2 11.3197 44.4938
71.3 11.3197 44.4938
71.4 11.3197 44.4938
71.5 11.3197 44.4938
71.6 11.3197 44.4938
71.7 11.3197 44.4938
71.8 11.3197 44.4938
71.9 11.3197 44.4938
72 11.3197 44.4937
72.1 11.3197 44.4937
72.2 11.3197 44.4937
72.3 11.3197 44.4937
72.4 11.3197 44.4937
72.5 11.3197 44.4937
72.6 11.3196 44.4937
72.7 11.3196 44.4937
72.8 11.3196 44.4937
72.9 11.3196 44.4937
73 11.3196 44.4937
73.1 11.3196 44.4937
73.2 11.3196 44.4937
73.3 11.3196 44.4937
73.4 11.3196 44.4937
73.5 11.3196 44.4937
73.6 11.3196 44.4936
73.7 11.3196 44.4936
73.8 11.3196 44.4936
73.9 11.3196 44.4936
74 11.3196 44.4936
74.1 11.3196 44.4936
74.2 11.3196 44.4936
74.3 11.3196 44.4936
74.4 11.3196 44.4936
74.5 11.3196 44.4936
74.6 11.3196 44.4936
74.7 11.3196 44.4936
74.8 11.3196 44.4936
74.9 11.3196 44.4936
75 11.3196 44.4936
75.1 11.3196 44.4935
75.2 11.3196 44.4935
75.3 11.3196 44.4935
75.4 11.3196 44.4935
75.5 11.3196 44.4935
75.6 11.3196 44.4935
75.7 11.3195 44.4935
75.8 11.3195 44.4935
75.9 11.3195 44.4935
76 11.3195 44.4935
76.1 11.3195 44.4935
76.2 11.3195 44.4935
76.3 11.3195 44.4935
76.4 11.3195 44.4935
76.5 11.3195 44.4935
76.6 11.3195 44.4935
76.7 11.3195 44.4934
76.8 11.3195 44.4934
76.9 11.3195 44.4934
77 11.3195 44.4934
77.1 11.3195 44.4934
77.2 11.3195 44.4934
77.3 11.3195 44.4934
77.4 11.3195 44.4934
77.5 11.3195 44.4934
77.6 11.3195 44.4934
77.7 11.3195 44.4934
77.8 11.3195 44.4934
77.9 11.3195 44.4934
78 11.3195 44.4934
78.1 11.3195 44.4934
78.2 11.3195 44.4933
78.3 11.3195 44.4933
78.4 11.3195 44.4933
78.5 11.3195 44.4933
78.6 11.3195 44.4933
78.7 11.3195 44.4933
78.8 11.3194 44.4933
78.9 11.3194 44.4933
79 11.3194 44.4933
79.1 11.3194 44.4933
79.2 11.3194 44.4933
79.3 11.3194 44.4933
79.4 11.3194 44.4933
79.5 11.3194 44.4933
79.6 11.3194 44.4933
79.7 11.3194 44.4932
79.8 11.3194 44.4932
79.9 11.3194 44.4932
80 11.3194 44.4932
80.1 11.3194 44.4932
80.2 11.3194 44.4932
80.3 11.3194 44.4932
80.4 11.3194 44.4932
80.5 11.3194 44.4932
80.6 11.3194 44.4932
80.7 11.3194 44.4932
80.8 11.3194 44.4932
80.9 11.3194 44.4932
81 11.3194 44.4932
81.1 11.3194 44.4932
81.2 11.3194 44.4932
81.3 11.3194 44.4931
81.4 11.3194 44.4931
81.5 11.3194 44.4931
81.6 11.3194 44.4931
81.7 11.3194 44.4931
81.8 11.3194 44.4931
81.9 11.3193 44.4931
82 11.3193 44.4931
82.1 11.3193 44.4931
82.2 11.3193 44.4931
82.3 11.3193 44.4931
82.4 11.3193 44.4931
82.5 11.3193 44.4931
82.6 11.3193 44.4931
82.7 11.3193 44.4931
82.8 11.3193 44.493
82.9 11.3193 44.493
83 11.3193 44.493
83.1 11.3193 44.493
83.2 11.3193 44.493
83.3 11.3193 44.493
83.4 11.3193 44.493
83.5 11.3193 44.493
83.6 11.3193 44.493
83.7 11.3193 44.493
83.8 11.3193 44.493
83.9 11.3193 44.493
84 11.3193 44.493
84.1 11.3193 44.493
84.2 11.3193 44.493
84.3 11.3193 44.493
84.4 11.3193 44.4929
84.5 11.3193 44.4929
84.6 11.3193 44.4929
84.7 11.3193 44.4929
84.8 11.3193 44.4929
84.9 11.3193 44.4929
85 11.3193 44.4929
85.1 11.3192 44.4929
85.2 11.3192 44.4929
85.3 11.3192 44.4929
85.4 11.3192 44.4929
85.5 11.3192 44.4929
85.6 11.3192 44.4929
85.7 11.3192 44.4929
85.8 11.3192 44.4929
85.9 11.3192 44.4928
86 11.3192 44.4928
86.1 11.3192 44.4928
86.2 11.3192 44.4928
86.3 11.3192 44.4928
86.4 11.3192 44.4928
86.5 11.3192 44.4928
86.6 11.3192 44.4928
86.7 11.3192 44.4928
86.8 11.3192 44.4928
86.9 11.3192 44.4928
87 11.3192 44.4928
87.1 11.3192 44.4928
87.2 11.3192 44.4928
87.3 11.3192 44.4928
87.4 11.3192 44.4927
87.5 11.3192 44.4927
87.6 11.3192 44.4927
87.7 11.3192 44.4927
87.8 11.3192 44.4927
87.9 11.3192 44.4927
88 11.3192 44.4927
88.1 11.3192 44.4927
88.2 11.3191 44.4927
88.3 11.3191 44.4927
88.4 11.3191 44.4927
88.5 11.3191 44.4927
88.6 11.3191 44.4927
88.7 11.3191 44.4927
88.8 11.3191 44.4927
88.9 11.3191 44.4927
89 11.3191 44.4926
89.1 11.3191 44.4926
89.2 11.3191 44.4926
89.3 11.3191 44.4926
89.4 11.3191 44.4926
89.5 11.3191 44.4926
89.6 11.3191 44.4926
89.7 11.3191 44.4926
89.8 11.3191 44.4926
89.9 11.3191 44.4926
