0 11.3129 44.4943
0.1 11.3129 44.4943
0.2 11.3129 44.4943
0.3 11.3129 44.4943
0.4 11.3129 44.4943
0.5 11.3129 44.4943
0.6 11.3129 44.4943
0.7 11.3129 44.4943
0.8 11.3129 44.4943
0.9 11.3129 44.4943
1 11.3129 44.4943
1.1 11.3129 44.4943
1.2 11.3129 44.4943
1.3 11.3129 44.4944
1.4 11.3129 44.4944
1.5 11.3129 44.4944
1.6 11.3129 44.4944
1.7 11.3129 44.4944
1.8 11.3129 44.4944
1.9 11.3129 44.4944
2 11.3129 44.4944
2.1 11.3129 44.4944
2.2 11.3129 44.4944
2.3 11.3129 44.4944
2.4 11.3129 44.4944
2.5 11.3129 44.4944
2.6 11.3129 44.4944
2.7 11.3129 44.4944
2.8 11.3129 44.4944
2.9 11.3129 44.4944
3 11.3129 44.4944
3.1 11.3129 44.4944
3.2 11.3129 44.4944
3.3 11.3129 44.4945
3.4 11.3129 44.4945
3.5 11.3129 44.4945
3.6 11.3129 44.4945
3.7 11.3129 44.4945
3.8 11.3129 44.4945
3.9 11.3129 44.4945
4 11.3129 44.4945
4.1 11.3129 44.4945
4.2 11.3129 44.4945
4.3 11.3129 44.4945
4.4 11.3129 44.4945
4.5 11.3129 44.4945
4.6 11.3129 44.4946
4.7 11.3129 44.4946
4.8 11.3129 44.4946
4.9 11.3129 44.4946
5 11.3129 44.4946
5.1 11.3129 44.4946
5.2 11.3129 44.4946
5.3 11.3129 44.4946
5.4 11.3129 44.4946
5.5 11.3129 44.4946
5.6 11.3129 44.4946
5.7 11.3129 44.4946
5.8 11.3129 44.4946
5.9 11.3129 44.4946
6 11.3129 44.4947
6.1 11.3129 44.4947
6.2 11.3128 44.4947
6.3 11.3128 44.4947
6.4 11.3128 44.4947
6.5 11.3128 44.4947
6.6 11.3128 44.4947
6.7 11.3128 44.4947
6.8 11.3128 44.4947
6.9 11.3128 44.4947
7 11.3128 44.4947
7.1 11.3128 44.4947
7.2 11.3128 44.4947
7.3 11.3128 44.4947
7.4 11.3128 44.4948
7.5 11.3128 44.4948
7.6 11.3128 44.4948
7.7 11.3128 44.4948
7.8 11.3128 44.4948
7.9 11.3128 44.4948
8 11.3128 44.4948
8.1 11.3128 44.4948
8.2 11.3128 44.4948
8.3 11.3128 44.4948
8.4 11.3128 44.4948
8.5 11.3128 44.4948
8.6 11.3128 44.4948
8.7 11.3128 44.4949
8.8 11.3128 44.4949
8.9 11.3128 44.4949
9 11.3128 44.4949
9.1 11.3128 44.4949
9.2 11.3128 44.4949
9.3 11.3128 44.4949
9.4 11.3128 44.4949
9.5 11.3128 44.4949
9.6 11.3128 44.4949
9.7 11.3128 44.4949
9.8 11.3128 44.4949
9.9 11.3128 44.4949
10 11.3128 44.4949
10.1 11.3128 44.495
10.2 11.3128 44.495
10.3 11.3128 44.495
10.4 11.3128 44.495
10.5 11.3128 44.495
10.6 11.3128 44.495
10.7 11.3128 44.495
10.8 11.3128 44.495
10.9 11.3128 44.495
11 11.3128 44.495
11.1 11.3128 44.495
11.2 11.3128 44.495
11.3 11.3128 44.495
11.4 11.3128 44.495
11.5 11.3128 44.4951
11.6 11.3128 44.4951
11.7 11.3128 44.4951
11.8 11.3128 44.4951
11.9 11.3128 44.4951
12 11.3128 44.4951
12.1 11.3128 44.4951
12.2 11.3128 44.4951
12.3 11.3128 44.4951
12.4 11.3128 44.4951
12.5 11.3128 44.4951
12.6 11.3128 44.4951
12.7 11.3128 44.4951
12.8 11.3128 44.4952
12.9 11.3128 44.4952
13 11.3128 44.4952
13.1 11.3128 44.4952
13.2 11.3128 44.4952
13.3 11.3128 44.4952
13.4 11.3128 44.4952
13.5 11.3128 44.4952
13.6 11.3128 44.4952
13.7 11.3128 44.4952
13.8 11.3128 44.4952
13.9 11.3128 44.4952
14 11.3128 44.4952
14.1 11.3128 44.4952
14.2 11.3128 44.4952
14.3 11.3128 44.4952
14.4 11.3128 44.4952
14.5 11.3128 44.4952
14.6 11.3128 44.4953
14.7 11.3128 44.4953
14.8 11.3128 44.4953
14.9 11.3128 44.4953
15 11.3128 44.4953
15.1 11.3128 44.4953
15.2 11.3128 44.4953
15.3 11.3129 44.4953
15.4 11.3129 44.4953
15.5 11.3129 44.4953
15.6 11.3129 44.4953
15.7 11.3129 44.4953
15.8 11.3129 44.4953
15.9 11.3129 44.4953
16 11.3129 44.4953
16.1 11.3129 44.4953
16.2 11.3129 44.4953
16.3 11.313 44.4953
16.4 11.313 44.4953
16.5 11.313 44.4953
16.6 11.313 44.4953
16.7 11.313 44.4953
16.8 11.313 44.4953
16.9 11.313 44.4953
17 11.313 44.4953
17.1 11.313 44.4953
17.2 11.313 44.4953
17.3 11.3131 44.4953
17.4 11.3131 44.4953
17.5 11.3131 44.4953
17.6 11.3131 44.4953
17.7 11.3131 44.4953
17.8 11.3131 44.4953
17.9 11.3131 44.4953
18 11.3131 44.4953
18.1 11.3131 44.4953
18.2 11.3131 44.4953
18.3 11.3132 44.4953
18.4 11.3132 44.4953
18.5 11.3132 44.4953
18.6 11.3132 44.4953
18.7 11.3132 44.4953
18.8 11.3132 44.4953
18.9 11.3132 44.4953
19 11.3132 44.4953
19.1 11.3132 44.4953
19.2 11.3132 44.4953
19.3 11.3133 44.4953
19.4 11.3133 44.4953
19.5 11.3133 44.4953
19.6 11.3133 44.4953
19.7 11.3133 44.4953
19.8 11.3133 44.4953
19.9 11.3133 44.4953
20 11.3133 44.4953
20.1 11.3133 44.4953
20.2 11.3133 44.4953
20.3 11.3134 44.4953
20.4 11.3134 44.4953
20.5 11.3134 44.4953
20.6 11.3134 44.4953
20.7 11.3134 44.4953
20.8 11.3134 44.4953
20.9 11.3134 44.4953
21 11.3134 44.4953
21.1 11.3134 44.4953
21.2 11.3134 44.4953
21.3 11.3135 44.4953
21.4 11.3135 44.4953
21.5 11.3135 44.4953
21.6 11.3135 44.4954
21.7 11.3135 44.4954
21.8 11.3135 44.4954
21.9 11.3135 44.4954
22 11.3135 44.4954
22.1 11.3135 44.4954
22.2 11.3135 44.4954
22.3 11.3136 44.4954
22.4 11.3136 44.4954
22.5 11.3136 44.4954
22.6 11.3136 44.4954
22.7 11.3136 44.4954
22.8 11.3136 44.4954
22.9 11.3136 44.4954
23 11.3136 44.4954
23.1 11.3136 44.4954
23.2 11.3136 44.4954
23.3 11.3137 44.4954
23.4 11.3137 44.4954
23.5 11.3137 44.4954
23.6 11.3137 44.4954
23.7 11.3137 44.4954
23.8 11.3137 44.4954
23.9 11.3137 44.4954
24 11.3137 44.4954
24.1 11.3137 44.4954
24.2 11.3138 44.4954
24.3 11.3138 44.4954
24.4 11.3138 44.4954
24.5 11.3138 44.4954
24.6 11.3138 44.4954
24.7 11.3138 44.4954
24.8 11.3138 44.4954
24.9 11.3138 44.4954
25 11.3138 44.4954
25.1 11.3138 44.4954
25.2 11.3139 44.4954
25.3 11.3139 44.4954
25.4 11.3139 44.4954
25.5 11.3139 44.4954
25.6 11.3139 44.4954
25.7 11.3139 44.4954
25.8 11.3139 44.4954
25.9 11.3139 44.4954
26 11.3139 44.4954
26.1 11.3139 44.4954
26.2 11.314 44.4954
26.3 11.314 44.4954
26.4 11.314 44.4954
26.5 11.314 44.4954
26.6 11.314 44.4954
26.7 11.314 44.4954
26.8 11.314 44.4954
26.9 11.314 44.4954
27 11.314 44.4954
27.1 11.314 44.4954
27.2 11.3141 44.4954
27.3 11.3141 44.4954
27.4 11.3141 44.4954
27.5 11.3141 44.4954
27.6 11.3141 44.4954
27.7 11.3141 44.4954
27.8 11.3141 44.4954
27.9 11.3141 44.4954
28 11.3141 44.4954
28.1 11.3141 44.4954
28.2 11.3142 44.4954
28.3 11.3142 44.4954
28.4 11.3142 44.4954
28.5 11.3142 44.4954
28.6 11.3142 44.4954
28.7 11.3142 44.4954
28.8 11.3142 44.4955
28.9 11.3142 44.4955
29 11.3142 44.4955
29.1 11.3142 44.4955
29.2 11.3143 44.4955
29.3 11.3143 44.4955
29.4 11.3143 44.4955
29.5 11.3143 44.4955
29.6 11.3143 44.4955
29.7 11.3143 44.4955
29.8 11.3143 44.4955
29.9 11.3143 44.4955
30 11.3143 44.4955
30.1 11.3143 44.4955
30.2 11.3144 44.4955
30.3 11.3144 44.4955
30.4 11.3144 44.4955
30.5 11.3144 44.4955
30.6 11.3144 44.4955
30.7 11.3144 44.4955
30.8 11.3144 44.4955
30.9 11.3144 44.4955
31 11.3144 44.4955
31.1 11.3144 44.4955
31.2 11.3145 44.4955
31.3 11.3145 44.4955
31.4 11.3145 44.4955
31.5 11.3145 44.4955
31.6 11.3145 44.4955
31.7 11.3145 44.4955
31.8 11.3145 44.4955
31.9 11.3145 44.4955
32 11.3145 44.4955
32.1 11.3145 44.4955
32.2 11.3146 44.4955
32.3 11.3146 44.4955
32.4 11.3146 44.4955
32.5 11.3146 44.4955
32.6 11.3146 44.4955
32.7 11.3146 44.4955
32.8 11.3146 44.4955
32.9 11.3146 44.4955
33 11.3146 44.4955
33.1 11.3146 44.4955
33.2 11.3146 44.4955
33.3 11.3146 44.4955
33.4 11.3146 44.4955
33.5 11.3146 44.4955
33.6 11.3146 44.4955
33.7 11.3146 44.4955
33.8 11.3146 44.4955
33.9 11.3147 44.4955
34 11.3147 44.4955
34.1 11.3147 44.4955
34.2 11.3147 44.4955
34.3 11.3147 44.4955
34.4 11.3147 44.4955
34.5 11.3147 44.4955
34.6 11.3147 44.4955
34.7 11.3147 44.4955
34.8 11.3147 44.4955
34.9 11.3147 44.4955
35 11.3147 44.4955
35.1 11.3147 44.4955
35.2 11.3147 44.4955
35.3 11.3147 44.4955
35.4 11.3147 44.4955
35.5 11.3147 44.4955
35.6 11.3147 44.4955
35.7 11.3147 44.4955
35.8 11.3147 44.4955
35.9 11.3147 44.4955
36 11.3148 44.4955
36.1 11.3148 44.4955
36.2 11.3148 44.4955
36.3 11.3148 44.4955
36.4 11.3148 44.4955
36.5 11.3148 44.4955
36.6 11.3148 44.4955
36.7 11.3148 44.4955
36.8 11.3148 44.4955
36.9 11.3148 44.4955
37 11.3148 44.4955
37.1 11.3148 44.4955
37.2 11.3148 44.4955
37.3 11.3148 44.4955
37.4 11.3148 44.4955
37.5 11.3148 44.4955
37.6 11.3148 44.4955
37.7 11.3148 44.4955
37.8 11.3148 44.4955
37.9 11.3148 44.4955
38 11.3148 44.4955
38.1 11.3148 44.4955
38.2 11.3148 44.4955
38.3 11.3148 44.4955
38.4 11.3148 44.4955
38.5 11.3148 44.4955
38.6 11.3148 44.4955
38.7 11.3148 44.4955
38.8 11.3148 44.4955
38.9 11.3148 44.4955
39 11.3148 44.4955
39.1 11.3148 44.4955
39.2 11.3148 44.4955
39.3 11.3148 44.4955
39.4 11.3148 44.4955
39.5 11.3148 44.4955
39.6 11.3148 44.4955
39.7 11.3148 44.4955
39.8 11.3148 44.4955
39.9 11.3148 44.4955
40 11.3148 44.4955
40.1 11.3148 44.4955
40.2 11.3148 44.4955
40.3 11.3148 44.4955
40.4 11.3148 44.4955
40.5 11.3148 44.4955
40.6 11.3148 44.4955
40.7 11.3148 44.4955
40.8 11.3148 44.4955
40.9 11.3148 44.4955
41 11.3148 44.4955
41.1 11.3148 44.4955
41.2 11.3148 44.4955
41.3 11.3148 44.4955
41.4 11.3148 44.4955
41.5 11.3148 44.4955
41.6 11.3148 44.4955
41.7 11.3148 44.4955
41.8 11.3148 44.4955
41.9 11.3148 44.4955
42 11.3148 44.4955
42.1 11.3148 44.4955
42.2 11.3148 44.4955
42.3 11.3148 44.4955
42.4 11.3148 44.4955
42.5 11.3148 44.4955
42.6 11.3148 44.4955
42.7 11.3148 44.4955
42.8 11.3148 44.4955
42.9 11.3148 44.4955
43 11.3148 44.4955
43.1 11.3148 44.4955
43.2 11.3148 44.4955
43.3 11.3148 44.4955
43.4 11.3148 44.4955
43.5 11.3148 44.4955
43.6 11.3148 44.4955
43.7 11.3148 44.4955
43.8 11.3148 44.4955
43.9 11.3148 44.4955
44 11.3148 44.4955
44.1 11.3148 44.4955
44.2 11.3148 44.4955
44.3 11.3148 44.4955
44.4 11.3148 44.4955
44.5 11.3148 44.4955
44.6 11.3148 44.4955
44.7 11.3148 44.4955
44.8 11.3148 44.4955
44.9 11.3148 44.4955
45 11.3148 44.4955
45.1 11.3148 44.4955
45.2 11.3148 44.4955
45.3 11.3148 44.4955
45.4 11.3148 44.4955
45.5 11.3148 44.4955
45.6 11.3149 44.4956
45.7 11.3149 44.4956
45.8 11.3149 44.4956
45.9 11.3149 44.4956
46 11.3149 44.4956
46.1 11.3149 44.4956
46.2 11.3149 44.4956
46.3 11.3149 44.4956
46.4 11.3149 44.4956
46.5 11.3149 44.4956
46.6 11.3149 44.4956
46.7 11.3149 44.4956
46.8 11.3149 44.4956
46.9 11.3149 44.4956
47 11.3149 44.4956
47.1 11.3149 44.4956
47.2 11.315 44.4956
47.3 11.315 44.4956
47.4 11.315 44.4956
47.5 11.315 44.4956
47.6 11.315 44.4956
47.7 11.315 44.4956
47.8 11.315 44.4956
47.9 11.315 44.4957
48 11.315 44.4957
48.1 11.315 44.4957
48.2 11.315 44.4957
48.3 11.315 44.4957
48.4 11.315 44.4957
48.5 11.315 44.4957
48.6 11.315 44.4957
48.7 11.315 44.4957
48.8 11.315 44.4957
48.9 11.315 44.4957
49 11.315 44.4957
49.1 11.3151 44.4958
49.2 11.3151 44.4958
49.3 11.3151 44.4958
49.4 11.3151 44.4958
49.5 11.3151 44.4958
49.6 11.3151 44.4958
49.7 11.3151 44.4958
49.8 11.3151 44.4958
49.9 11.3151 44.4958
50 11.3151 44.4958
50.1 11.3151 44.4959
50.2 11.3151 44.4959
50.3 11.3151 44.4959
50.4 11.3151 44.4959
50.5 11.3151 44.4959
50.6 11.3152 44.4959
50.7 11.3152 44.4959
50.8 11.3152 44.4959
50.9 11.3152 44.4959
51 11.3152 44.496
51.1 11.3152 44.496
51.2 11.3152 44.496
51.3 11.3152 44.496
51.4 11.3152 44.496
51.5 11.3152 44.496
51.6 11.3152 44.496
51.7 11.3152 44.496
51.8 11.3152 44.4961
51.9 11.3153 44.4961
52 11.3153 44.4961
52.1 11.3153 44.4961
52.2 11.3153 44.4961
52.3 11.3153 44.4961
52.4 11.3153 44.4961
52.5 11.3153 44.4961
52.6 11.3153 44.4961
52.7 11.3153 44.4961
52.8 11.3153 44.4962
52.9 11.3153 44.4962
53 11.3153 44.4962
53.1 11.3153 44.4962
53.2 11.3153 44.4962
53.3 11.3153 44.4962
53.4 11.3153 44.4962
53.5 11.3153 44.4962
53.6 11.3153 44.4962
53.7 11.3153 44.4962
53.8 11.3153 44.4962
53.9 11.3153 44.4962
54 11.3153 44.4962
54.1 11.3153 44.4962
54.2 11.3153 44.4962
54.3 11.3153 44.4962
54.4 11.3153 44.4962
54.5 11.3153 44.4962
54.6 11.3153 44.4962
54.7 11.3153 44.4962
54.8 11.3153 44.4962
54.9 11.3153 44.4962
55 11.3153 44.4962
55.1 11.3153 44.4962
55.2 11.3153 44.4962
55.3 11.3153 44.4962
55.4 11.3153 44.4962
55.5 11.3153 44.4962
55.6 11.3152 44.4962
55.7 11.3152 44.4962
55.8 11.3152 44.4962
55.9 11.3152 44.4962
56 11.3152 44.4962
56.1 11.3152 44.4962
56.2 11.3152 44.4962
56.3 11.3152 44.4962
56.4 11.3152 44.4962
56.5 11.3152 44.4962
56.6 11.3152 44.4962
56.7 11.3151 44.4962
56.8 11.3151 44.4962
56.9 11.3151 44.4962
57 11.3151 44.4962
57.1 11.3151 44.4962
57.2 11.3151 44.4962
57.3 11.3151 44.4962
57.4 11.3151 44.4962
57.5 11.3151 44.4962
57.6 11.3151 44.4962
57.7 11.315 44.4962
57.8 11.315 44.4962
57.9 11.315 44.4962
58 11.315 44.4962
58.1 11.315 44.4962
58.2 11.315 44.4962
58.3 11.315 44.4962
58.4 11.315 44.4962
58.5 11.315 44.4962
58.6 11.315 44.4962
58.7 11.3149 44.4962
58.8 11.3149 44.4962
58.9 11.3149 44.4962
59 11.3149 44.4962
59.1 11.3149 44.4962
59.2 11.3149 44.4962
59.3 11.3149 44.4962
59.4 11.3149 44.4962
59.5 11.3149 44.4962
59.6 11.3148 44.4962
59.7 11.3148 44.4962
59.8 11.3148 44.4962
59.9 11.3148 44.4962
60 11.3148 44.4962
60.1 11.3148 44.4962
60.2 11.3148 44.4962
60.3 11.3148 44.4962
60.4 11.3148 44.4962
60.5 11.3148 44.4962
60.6 11.3147 44.4962
60.7 11.3147 44.4962
60.8 11.3147 44.4962
60.9 11.3147 44.4962
61 11.3147 44.4962
61.1 11.3147 44.4962
61.2 11.3147 44.4962
61.3 11.3147 44.4962
61.4 11.3147 44.4962
61.5 11.3147 44.4962
61.6 11.3146 44.4962
61.7 11.3146 44.4962
61.8 11.3146 44.4962
61.9 11.3146 44.4962
62 11.3146 44.4962
62.1 11.3146 44.4962
62.2 11.3146 44.4962
62.3 11.3146 44.4962
62.4 11.3146 44.4962
62.5 11.3146 44.4962
62.6 11.3145 44.4962
62.7 11.3145 44.4962
62.8 11.3145 44.4962
62.9 11.3145 44.4962
63 11.3145 44.4962
63.1 11.3145 44.4962
63.2 11.3145 44.4962
63.3 11.3145 44.4962
63.4 11.3145 44.4962
63.5 11.3145 44.4962
63.6 11.3144 44.4962
63.7 11.3144 44.4962
63.8 11.3144 44.4962
63.9 11.3144 44.4962
64 11.3144 44.4962
64.1 11.3144 44.4962
64.2 11.3144 44.4962
64.3 11.3144 44.4962
64.4 11.3144 44.4962
64.5 11.3143 44.4962
64.6 11.3143 44.4962
64.7 11.3143 44.4962
64.8 11.3143 44.4962
64.9 11.3143 44.4961
65 11.3143 44.4961
65.1 11.3143 44.4961
65.2 11.3143 44.4961
65.3 11.3143 44.4961
65.4 11.3143 44.4961
65.5 11.3142 44.4961
65.6 11.3142 44.4961
65.7 11.3142 44.4961
65.8 11.3142 44.4961
65.9 11.3142 44.4961
66 11.3142 44.4961
66.1 11.3142 44.4961
66.2 11.3142 44.4961
66.3 11.3142 44.4961
66.4 11.3142 44.4961
66.5 11.3141 44.4961
66.6 11.3141 44.4961
66.7 11.3141 44.4961
66.8 11.3141 44.4961
66.9 11.3141 44.4961
67 11.3141 44.4961
67.1 11.3141 44.4961
67.2 11.3141 44.4961
67.3 11.3141 44.4961
67.4 11.3141 44.4961
67.5 11.314 44.4961
67.6 11.314 44.4961
67.7 11.314 44.4961
67.8 11.314 44.4961
67.9 11.314 44.4961
68 11.314 44.4961
68.1 11.314 44.4961
68.2 11.314 44.4961
68.3 11.314 44.4961
68.4 11.314 44.4961
68.5 11.3139 44.4961
68.6 11.3139 44.4961
68.7 11.3139 44.4961
68.8 11.3139 44.4961
68.9 11.3139 44.4961
69 11.3139 44.4961
69.1 11.3139 44.4961
69.2 11.3139 44.4961
69.3 11.3139 44.4961
69.4 11.3138 44.4961
69.5 11.3138 44.4961
69.6 11.3138 44.4961
69.7 11.3138 44.4961
69.8 11.3138 44.4961
69.9 11.3138 44.4961
70 11.3138 44.4961
70.1 11.3138 44.4961
70.2 11.3138 44.4961
70.3 11.3138 44.4961
70.4 11.3137 44.4961
70.5 11.3137 44.4961
70.6 11.3137 44.4961
70.7 11.3137 44.4961
70.8 11.3137 44.4961
70.9 11.3137 44.4961
71 11.3137 44.4961
71.1 11.3137 44.4961
71.2 11.3137 44.4961
71.3 11.3137 44.4961
71.4 11.3136 44.4961
71.5 11.3136 44.4961
71.6 11.3136 44.4961
71.7 11.3136 44.4961
71.8 11.3136 44.4961
71.9 11.3136 44.4961
72 11.3136 44.4961
72.1 11.3136 44.4961
72.2 11.3136 44.4961
72.3 11.3136 44.4961
72.4 11.3135 44.4961
72.5 11.3135 44.4961
72.6 11.3135 44.4961
72.7 11.3135 44.4961
72.8 11.3135 44.4961
72.9 11.3135 44.4961
73 11.3135 44.4961
73.1 11.3135 44.4961
73.2 11.3135 44.4961
73.3 11.3135 44.4961
73.4 11.3134 44.4961
73.5 11.3134 44.4961
73.6 11.3134 44.4961
73.7 11.3134 44.4961
73.8 11.3134 44.4961
73.9 11.3134 44.4961
74 11.3134 44.4961
74.1 11.3134 44.4961
74.2 11.3134 44.4961
74.3 11.3133 44.496
74.4 11.3133 44.496
74.5 11.3133 44.496
74.6 11.3133 44.496
74.7 11.3133 44.496
74.8 11.3133 44.496
74.9 11.3133 44.496
75 11.3133 44.496
75.1 11.3133 44.496
75.2 11.3133 44.496
75.3 11.3132 44.496
75.4 11.3132 44.496
75.5 11.3132 44.496
75.6 11.3132 44.496
75.7 11.3132 44.496
75.8 11.3132 44.496
75.9 11.3132 44.496
76 11.3132 44.496
76.1 11.3132 44.496
76.2 11.3132 44.496
76.3 11.3131 44.496
76.4 11.3131 44.496
76.5 11.3131 44.496
76.6 11.3131 44.496
76.7 11.3131 44.496
76.8 11.3131 44.496
76.9 11.3131 44.496
77 11.3131 44.496
77.1 11.3131 44.496
77.2 11.3131 44.496
77.3 11.313 44.496
77.4 11.313 44.496
77.5 11.313 44.496
77.6 11.313 44.496
77.7 11.313 44.496
77.8 11.313 44.496
77.9 11.313 44.496
78 11.313 44.496
78.1 11.313 44.496
78.2 11.313 44.496
78.3 11.3129 44.496
78.4 11.3129 44.496
78.5 11.3129 44.496
78.6 11.3129 44.496
78.7 11.3129 44.496
78.8 11.3129 44.496
78.9 11.3129 44.496
79 11.3129 44.496
79.1 11.3129 44.496
79.2 11.3129 44.496
79.3 11.3128 44.496
79.4 11.3128 44.496
79.5 11.3128 44.496
79.6 11.3128 44.496
79.7 11.3128 44.496
79.8 11.3128 44.496
79.9 11.3128 44.496
80 11.3128 44.496
80.1 11.3128 44.496
80.2 11.3127 44.496
80.3 11.3127 44.496
80.4 11.3127 44.496
80.5 11.3127 44.496
80.6 11.3127 44.496
80.7 11.3127 44.496
80.8 11.3127 44.496
80.9 11.3127 44.496
81 11.3127 44.496
81.1 11.3127 44.496
81.2 11.3126 44.496
81.3 11.3126 44.496
81.4 11.3126 44.496
81.5 11.3126 44.496
81.6 11.3126 44.496
81.7 11.3126 44.496
81.8 11.3126 44.496
81.9 11.3126 44.496
82 11.3126 44.496
82.1 11.3126 44.496
82.2 11.3125 44.496
82.3 11.3125 44.496
82.4 11.3125 44.496
82.5 11.3125 44.496
82.6 11.3125 44.496
82.7 11.3125 44.496
82.8 11.3125 44.496
82.9 11.3125 44.496
83 11.3125 44.496
83.1 11.3125 44.496
83.2 11.3124 44.4959
83.3 11.3124 44.4959
83.4 11.3124 44.4959
83.5 11.3124 44.4959
83.6 11.3124 44.4959
83.7 11.3124 44.4959
83.8 11.3124 44.4959
83.9 11.3124 44.4959
84 11.3124 44.4959
84.1 11.3124 44.4959
84.2 11.3124 44.4959
84.3 11.3124 44.4959
84.4 11.3124 44.4959
84.5 11.3124 44.4959
84.6 11.3123 44.4959
84.7 11.3123 44.4959
84.8 11.3123 44.4959
84.9 11.3123 44.4959
85 11.3123 44.4959
85.1 11.3123 44.4958
85.2 11.3123 44.4958
85.3 11.3123 44.4958
85.4 11.3123 44.4958
85.5 11.3123 44.4958
85.6 11.3123 44.4958
85.7 11.3123 44.4958
85.8 11.3123 44.4958
85.9 11.3123 44.4958
86 11.3123 44.4958
86.1 11.3123 44.4958
86.2 11.3123 44.4958
86.3 11.3123 44.4958
86.4 11.3123 44.4958
86.5 11.3123 44.4957
86.6 11.3123 44.4957
86.7 11.3123 44.4957
86.8 11.3123 44.4957
86.9 11.3123 44.4957
87 11.3123 44.4957
87.1 11.3123 44.4957
87.2 11.3123 44.4957
87.3 11.3123 44.4957
87.4 11.3122 44.4957
87.5 11.3122 44.4957
87.6 11.3122 44.4957
87.7 11.3122 44.4957
87.8 11.3122 44.4957
87.9 11.3122 44.4957
88 11.3122 44.4956
88.1 11.3122 44.4956
88.2 11.3122 44.4956
88.3 11.3122 44.4956
88.4 11.3122 44.4956
88.5 11.3122 44.4956
88.6 11.3122 44.4956
88.7 11.3122 44.4956
88.8 11.3122 44.4956
88.9 11.3122 44.4956
89 11.3122 44.4956
89.1 11.3122 44.4956
89.2 11.3122 44.4956
89.3 11.3122 44.4956
89.4 11.3122 44.4955
89.5 11.3122 44.4955
89.6 11.3122 44.4955
89.7 11.3122 44.4955
89.8 11.3122 44.4955
89.9 11.3122 44.4955
