0 11.3174 44.497
0.1 11.3174 44.497
0.2 11.3174 44.497
0.3 11.3174 44.497
0.4 11.3174 44.497
0.5 11.3174 44.497
0.6 11.3173 44.497
0.7 11.3173 44.497
0.8 11.3173 44.497
0.9 11.3173 44.497
1 11.3173 44.497
1.1 11.3172 44.497
1.2 11.3172 44.497
1.3 11.3172 44.497
1.4 11.3172 44.497
1.5 11.3172 44.497
1.6 11.3171 44.497
1.7 11.3171 44.497
1.8 11.3171 44.497
1.9 11.3171 44.497
2 11.3171 44.497
2.1 11.317 44.497
2.2 11.317 44.497
2.3 11.317 44.497
2.4 11.317 44.497
2.5 11.317 44.497
2.6 11.3169 44.497
2.7 11.3169 44.497
2.8 11.3169 44.497
2.9 11.3169 44.497
3 11.3169 44.497
3.1 11.3168 44.497
3.2 11.3168 44.497
3.3 11.3168 44.497
3.4 11.3168 44.4969
3.5 11.3168 44.4969
3.6 11.3167 44.4969
3.7 11.3167 44.4969
3.8 11.3167 44.4969
3.9 11.3167 44.4969
4 11.3167 44.4969
4.1 11.3167 44.4969
4.2 11.3166 44.4969
4.3 11.3166 44.4969
4.4 11.3166 44.4969
4.5 11.3166 44.4969
4.6 11.3166 44.4969
4.7 11.3165 44.4969
4.8 11.3165 44.4969
4.9 11.3165 44.4969
5 11.3165 44.4969
5.1 11.3165 44.4969
5.2 11.3164 44.4969
5.3 11.3164 44.4969
5.4 11.3164 44.4969
5.5 11.3164 44.4969
5.6 11.3164 44.4969
5.7 11.3163 44.4969
5.8 11.3163 44.4969
5.9 11.3163 44.4969
6 11.3163 44.4969
6.1 11.3163 44.4969
6.2 11.3162 44.4969
6.3 11.3162 44.4969
6.4 11.3162 44.4969
6.5 11.3162 44.4969
6.6 11.3162 44.4969
6.7 11.3161 44.4969
6.8 11.3161 44.4969
6.9 11.3161 44.4969
7 11.3161 44.4969
7.1 11.3161 44.4969
7.2 11.3161 44.4969
7.3 11.316 44.4969
7.4 11.316 44.4969
7.5 11.316 44.4969
7.6 11.316 44.4969
7.7 11.316 44.4969
7.8 11.316 44.4969
7.9 11.316 44.4969
8 11.3159 44.4969
8.1 11.3159 44.4969
8.2 11.3159 44.4969
8.3 11.3159 44.4969
8.4 11.3159 44.4969
8.5 11.3159 44.4969
8.6 11.3159 44.4969
8.7 11.3159 44.4969
8.8 11.3159 44.4969
8.9 11.3159 44.4969
9 11.3159 44.4969
9.1 11.3158 44.4969
9.2 11.3158 44.4969
9.3 11.3158 44.4969
9.4 11.3158 44.4969
9.5 11.3158 44.4969
9.6 11.3158 44.4969
9.7 11.3158 44.4969
9.8 11.3158 44.4969
9.9 11.3158 44.4969
10 11.3158 44.4969
10.1 11.3158 44.4969
10.2 11.3158 44.4969
10.3 11.3158 44.4969
10.4 11.3158 44.4969
10.5 11.3158 44.4969
10.6 11.3158 44.4969
10.7 11.3158 44.4969
10.8 11.3158 44.4969
10.9 11.3158 44.4969
11 11.3158 44.4969
11.1 11.3158 44.4969
11.2 11.3158 44.4969
11.3 11.3158 44.4969
11.4 11.3158 44.4969
11.5 11.3158 44.4969
11.6 11.3158 44.4969
11.7 11.3158 44.4969
11.8 11.3158 44.4969
11.9 11.3158 44.4969
12 11.3158 44.4969
12.1 11.3158 44.4969
12.2 11.3158 44.4969
12.3 11.3158 44.4969
12.4 11.3158 44.4969
12.5 11.3158 44.4969
12.6 11.3158 44.4969
12.7 11.3158 44.4969
12.8 11.3158 44.4969
12.9 11.3158 44.4969
13 11.3158 44.4969
13.1 11.3158 44.4969
13.2 11.3158 44.4969
13.3 11.3158 44.4969
13.4 11.3158 44.4969
13.5 11.3158 44.4969
13.6 11.3158 44.4969
13.7 11.3158 44.4969
13.8 11.3158 44.4969
13.9 11.3158 44.4969
14 11.3158 44.4969
14.1 11.3158 44.4969
14.2 11.3158 44.4969
14.3 11.3158 44.4969
14.4 11.3158 44.4969
14.5 11.3158 44.4969
14.6 11.3158 44.4969
14.7 11.3158 44.4969
14.8 11.3158 44.4969
14.9 11.3158 44.4969
15 11.3158 44.4969
15.1 11.3158 44.4969
15.2 11.3158 44.4969
15.3 11.3158 44.4969
15.4 11.3158 44.4969
15.5 11.3158 44.4969
15.6 11.3158 44.4969
15.7 11.3158 44.4969
15.8 11.3158 44.4969
15.9 11.3158 44.4969
16 11.3158 44.4969
16.1 11.3158 44.4969
16.2 11.3158 44.4969
16.3 11.3158 44.4969
16.4 11.3158 44.4969
16.5 11.3158 44.4969
16.6 11.3158 44.4969
16.7 11.3158 44.4969
16.8 11.3158 44.4969
16.9 11.3158 44.4969
17 11.3158 44.4969
17.1 11.3158 44.4969
17.2 11.3158 44.4969
17.3 11.3158 44.4969
17.4 11.3158 44.4969
17.5 11.3158 44.4969
17.6 11.3158 44.4969
17.7 11.3158 44.4969
17.8 11.3158 44.4969
17.9 11.3158 44.4969
18 11.3157 44.4969
18.1 11.3157 44.4969
18.2 11.3157 44.4969
18.3 11.3157 44.4969
18.4 11.3157 44.4969
18.5 11.3157 44.4969
18.6 11.3157 44.4969
18.7 11.3157 44.4969
18.8 11.3157 44.4969
18.9 11.3157 44.4969
19 11.3157 44.4969
19.1 11.3157 44.4969
19.2 11.3157 44.4969
19.3 11.3157 44.4969
19.4 11.3156 44.4969
19.5 11.3156 44.4969
19.6 11.3156 44.4969
19.7 11.3156 44.4969
19.8 11.3156 44.4969
19.9 11.3156 44.4969
20 11.3156 44.4969
20.1 11.3156 44.4969
20.2 11.3156 44.4969
20.3 11.3155 44.4969
20.4 11.3155 44.4969
20.5 11.3155 44.4969
20.6 11.3155 44.4969
20.7 11.3155 44.4969
20.8 11.3155 44.4969
20.9 11.3155 44.4969
21 11.3155 44.4969
21.1 11.3154 44.4969
21.2 11.3154 44.4969
21.3 11.3154 44.4969
21.4 11.3154 44.4969
21.5 11.3154 44.4969
21.6 11.3154 44.4969
21.7 11.3154 44.4969
21.8 11.3153 44.4969
21.9 11.3153 44.4969
22 11.3153 44.4969
22.1 11.3153 44.4969
22.2 11.3153 44.4969
22.3 11.3153 44.4969
22.4 11.3152 44.4969
22.5 11.3152 44.4969
22.6 11.3152 44.4969
22.7 11.3152 44.4969
22.8 11.3152 44.4969
22.9 11.3152 44.4969
23 11.3151 44.4969
23.1 11.3151 44.4969
23.2 11.3151 44.4969
23.3 11.3151 44.4969
23.4 11.3151 44.4969
23.5 11.315 44.4969
23.6 11.315 44.4969
23.7 11.315 44.4969
23.8 11.315 44.4969
23.9 11.315 44.4969
24 11.3149 44.4969
24.1 11.3149 44.4969
24.2 11.3149 44.4969
24.3 11.3149 44.4969
24.4 11.3149 44.4969
24.5 11.3148 44.4969
24.6 11.3148 44.4969
24.7 11.3148 44.4969
24.8 11.3148 44.4969
24.9 11.3148 44.4969
25 11.3148 44.4969
25.1 11.3147 44.4969
25.2 11.3147 44.4969
25.3 11.3147 44.4969
25.4 11.3147 44.4969
25.5 11.3147 44.4969
25.6 11.3146 44.4969
25.7 11.3146 44.4969
25.8 11.3146 44.4969
25.9 11.3146 44.4969
26 11.3146 44.4969
26.1 11.3145 44.4969
26.2 11.3145 44.4969
26.3 11.3145 44.4969
26.4 11.3145 44.4969
26.5 11.3145 44.4969
26.6 11.3144 44.4969
26.7 11.3144 44.4969
26.8 11.3144 44.4969
26.9 11.3144 44.4969
27 11.3144 44.4969
27.1 11.3143 44.4969
27.2 11.3143 44.4969
27.3 11.3143 44.4969
27.4 11.3143 44.4969
27.5 11.3143 44.4969
27.6 11.3142 44.4969
27.7 11.3142 44.4969
27.8 11.3142 44.4969
27.9 11.3142 44.4969
28 11.3142 44.4969
28.1 11.3141 44.4969
28.2 11.3141 44.4969
28.3 11.3141 44.4969
28.4 11.3141 44.4969
28.5 11.3141 44.4969
28.6 11.314 44.4969
28.7 11.314 44.4969
28.8 11.314 44.4969
28.9 11.314 44.4969
29 11.314 44.4969
29.1 11.314 44.4969
29.2 11.3139 44.4969
29.3 11.3139 44.4969
29.4 11.3139 44.4969
29.5 11.3139 44.4969
29.6 11.3139 44.4969
29.7 11.3138 44.4969
29.8 11.3138 44.4969
29.9 11.3138 44.4969
30 11.3138 44.4969
30.1 11.3138 44.4969
30.2 11.3137 44.4969
30.3 11.3137 44.4969
30.4 11.3137 44.4969
30.5 11.3137 44.4969
30.6 11.3137 44.4969
30.7 11.3136 44.4969
30.8 11.3136 44.4969
30.9 11.3136 44.4969
31 11.3136 44.4969
31.1 11.3136 44.4969
31.2 11.3135 44.4969
31.3 11.3135 44.4969
31.4 11.3135 44.4969
31.5 11.3135 44.4969
31.6 11.3135 44.4969
31.7 11.3134 44.4969
31.8 11.3134 44.4969
31.9 11.3134 44.4969
32 11.3134 44.4969
32.1 11.3134 44.4969
32.2 11.3133 44.4969
32.3 11.3133 44.4969
32.4 11.3133 44.4969
32.5 11.3133 44.4969
32.6 11.3133 44.4969
32.7 11.3132 44.4969
32.8 11.3132 44.4969
32.9 11.3132 44.4969
33 11.3132 44.4969
33.1 11.3132 44.4969
33.2 11.3131 44.4969
33.3 11.3131 44.4969
33.4 11.3131 44.4969
33.5 11.3131 44.4969
33.6 11.3131 44.4969
33.7 11.3131 44.4969
33.8 11.313 44.4969
33.9 11.313 44.4969
34 11.313 44.4969
34.1 11.313 44.4969
34.2 11.313 44.4969
34.3 11.3129 44.4969
34.4 11.3129 44.4969
34.5 11.3129 44.4969
34.6 11.3129 44.4969
34.7 11.3129 44.4969
34.8 11.3128 44.4969
34.9 11.3128 44.4969
35 11.3128 44.4969
35.1 11.3128 44.4969
35.2 11.3128 44.4969
35.3 11.3128 44.4969
35.4 11.3127 44.4969
35.5 11.3127 44.4969
35.6 11.3127 44.4969
35.7 11.3127 44.4969
35.8 11.3127 44.4969
35.9 11.3127 44.4969
36 11.3127 44.4969
36.1 11.3127 44.4969
36.2 11.3127 44.4969
36.3 11.3126 44.4969
36.4 11.3126 44.4969
36.5 11.3126 44.4969
36.6 11.3126 44.4969
36.7 11.3126 44.4969
36.8 11.3126 44.4969
36.9 11.3126 44.4969
37 11.3126 44.4969
37.1 11.3126 44.4969
37.2 11.3126 44.4969
37.3 11.3126 44.4969
37.4 11.3126 44.4969
37.5 11.3126 44.4969
37.6 11.3126 44.4969
37.7 11.3126 44.4969
37.8 11.3126 44.4969
37.9 11.3126 44.4969
38 11.3126 44.4969
38.1 11.3126 44.4969
38.2 11.3126 44.4969
38.3 11.3126 44.4969
38.4 11.3126 44.4969
38.5 11.3126 44.4969
38.6 11.3126 44.4969
38.7 11.3126 44.4969
38.8 11.3126 44.4969
38.9 11.3127 44.4969
39 11.3127 44.4969
39.1 11.3127 44.4969
39.2 11.3127 44.4969
39.3 11.3127 44.4969
39.4 11.3127 44.4969
39.5 11.3127 44.4969
39.6 11.3127 44.4969
39.7 11.3127 44.4969
39.8 11.3127 44.4969
39.9 11.3127 44.4969
40 11.3127 44.4969
40.1 11.3128 44.4969
40.2 11.3128 44.4969
40.3 11.3128 44.4969
40.4 11.3128 44.4969
40.5 11.3128 44.4969
40.6 11.3128 44.4969
40.7 11.3128 44.4969
40.8 11.3128 44.4969
40.9 11.3128 44.4969
41 11.3128 44.4969
41.1 11.3128 44.4969
41.2 11.3128 44.4969
41.3 11.3128 44.4969
41.4 11.3128 44.4969
41.5 11.3128 44.4969
41.6 11.3129 44.4969
41.7 11.3128 44.4969
41.8 11.3128 44.4969
41.9 11.3128 44.4969
42 11.3128 44.4969
42.1 11.3128 44.4969
42.2 11.3128 44.4969
42.3 11.3128 44.4969
42.4 11.3128 44.4969
42.5 11.3128 44.4969
42.6 11.3128 44.4969
42.7 11.3128 44.4969
42.8 11.3128 44.4969
42.9 11.3128 44.4969
43 11.3128 44.4969
43.1 11.3128 44.4969
43.2 11.3128 44.4969
43.3 11.3128 44.4969
43.4 11.3128 44.4969
43.5 11.3127 44.4969
43.6 11.3127 44.4969
43.7 11.3127 44.4969
43.8 11.3127 44.4969
43.9 11.3127 44.4969
44 11.3127 44.4969
44.1 11.3127 44.4969
44.2 11.3127 44.4969
44.3 11.3127 44.4969
44.4 11.3127 44.4969
44.5 11.3127 44.4969
44.6 11.3126 44.4969
44.7 11.3126 44.4969
44.8 11.3126 44.4969
44.9 11.3126 44.4969
45 11.3126 44.4969
45.1 11.3126 44.4969
45.2 11.3126 44.4969
45.3 11.3126 44.4969
45.4 11.3126 44.4969
45.5 11.3126 44.4969
45.6 11.3126 44.4969
45.7 11.3126 44.4969
45.8 11.3126 44.4969
45.9 11.3126 44.4969
46 11.3126 44.4969
46.1 11.3126 44.4969
46.2 11.3126 44.4969
46.3 11.3126 44.4969
46.4 11.3126 44.4969
46.5 11.3126 44.4969
46.6 11.3126 44.4969
46.7 11.3126 44.4969
46.8 11.3126 44.4969
46.9 11.3126 44.4969
47 11.3126 44.4969
47.1 11.3126 44.4969
47.2 11.3127 44.4969
47.3 11.3127 44.4969
47.4 11.3127 44.4969
47.5 11.3127 44.4969
47.6 11.3127 44.4969
47.7 11.3127 44.4969
47.8 11.3127 44.4969
47.9 11.3127 44.4969
48 11.3127 44.4969
48.1 11.3127 44.4969
48.2 11.3127 44.4969
48.3 11.3127 44.4969
48.4 11.3128 44.4969
48.5 11.3128 44.4969
48.6 11.3128 44.4969
48.7 11.3128 44.4969
48.8 11.3128 44.4969
48.9 11.3128 44.4969
49 11.3128 44.4969
49.1 11.3128 44.4969
49.2 11.3128 44.4969
49.3 11.3128 44.4969
49.4 11.3128 44.4969
49.5 11.3128 44.4969
49.6 11.3128 44.4969
49.7 11.3128 44.4969
49.8 11.3128 44.4969
49.9 11.3129 44.4969
50 11.3129 44.4969
50.1 11.3128 44.4969
50.2 11.3128 44.4969
50.3 11.3128 44.4969
50.4 11.3128 44.4969
50.5 11.3128 44.4969
50.6 11.3128 44.4969
50.7 11.3128 44.4969
50.8 11.3128 44.4969
50.9 11.3128 44.4969
51 11.3128 44.4969
51.1 11.3128 44.4969
51.2 11.3128 44.4969
51.3 11.3128 44.4969
51.4 11.3128 44.4969
51.5 11.3128 44.4969
51.6 11.3128 44.4969
51.7 11.3128 44.4969
51.8 11.3127 44.4969
51.9 11.3127 44.4969
52 11.3127 44.4969
52.1 11.3127 44.4969
52.2 11.3127 44.4969
52.3 11.3127 44.4969
52.4 11.3127 44.4969
52.5 11.3127 44.4969
52.6 11.3127 44.4969
52.7 11.3127 44.4969
52.8 11.3127 44.4969
52.9 11.3126 44.4969
53 11.3126 44.4969
53.1 11.3126 44.4969
53.2 11.3126 44.4969
53.3 11.3126 44.4969
53.4 11.3126 44.4969
53.5 11.3126 44.4969
53.6 11.3126 44.4969
53.7 11.3125 44.4969
53.8 11.3125 44.4969
53.9 11.3125 44.4969
54 11.3125 44.4969
54.1 11.3125 44.4969
54.2 11.3125 44.4969
54.3 11.3125 44.4969
54.4 11.3125 44.4969
54.5 11.3124 44.4969
54.6 11.3124 44.4969
54.7 11.3124 44.4969
54.8 11.3124 44.4969
54.9 11.3124 44.4969
55 11.3124 44.4969
55.1 11.3123 44.4969
55.2 11.3123 44.4969
55.3 11.3123 44.4969
55.4 11.3123 44.4969
55.5 11.3123 44.4969
55.6 11.3123 44.4969
55.7 11.3122 44.4969
55.8 11.3122 44.4969
55.9 11.3122 44.4969
56 11.3122 44.4969
56.1 11.3122 44.4969
56.2 11.3122 44.4969
56.3 11.3121 44.4969
56.4 11.3121 44.4969
56.5 11.3121 44.4969
56.6 11.3121 44.4969
56.7 11.3121 44.4969
56.8 11.312 44.4969
56.9 11.312 44.4969
57 11.312 44.4969
57.1 11.312 44.4969
57.2 11.312 44.4969
57.3 11.3119 44.4969
57.4 11.3119 44.4969
57.5 11.3119 44.4969
57.6 11.3119 44.4969
57.7 11.3119 44.4969
57.8 11.3118 44.4969
57.9 11.3118 44.4969
58 11.3118 44.4969
58.1 11.3118 44.4969
58.2 11.3118 44.4969
58.3 11.3118 44.4969
58.4 11.3117 44.4969
58.5 11.3117 44.4969
58.6 11.3117 44.4969
58.7 11.3117 44.4969
58.8 11.3117 44.4969
58.9 11.3117 44.4969
59 11.3116 44.4969
59.1 11.3116 44.4969
59.2 11.3116 44.4969
59.3 11.3116 44.4969
59.4 11.3116 44.4969
59.5 11.3116 44.4969
59.6 11.3115 44.4969
59.7 11.3115 44.4969
59.8 11.3115 44.4969
59.9 11.3115 44.4969
60 11.3115 44.4969
60.1 11.3115 44.4969
60.2 11.3114 44.4969
60.3 11.3114 44.4969
60.4 11.3114 44.4969
60.5 11.3114 44.4969
60.6 11.3114 44.4969
60.7 11.3114 44.4969
60.8 11.3114 44.4969
60.9 11.3114 44.4969
61 11.3114 44.4969
61.1 11.3113 44.4969
61.2 11.3113 44.4969
61.3 11.3113 44.4969
61.4 11.3113 44.4969
61.5 11.3113 44.4969
61.6 11.3113 44.4969
61.7 11.3113 44.4969
61.8 11.3113 44.4969
61.9 11.3113 44.4969
62 11.3113 44.4969
62.1 11.3113 44.4969
62.2 11.3113 44.4969
62.3 11.3113 44.4969
62.4 11.3113 44.4969
62.5 11.3113 44.4969
62.6 11.3113 44.4968
62.7 11.3113 44.4968
62.8 11.3113 44.4968
62.9 11.3113 44.4968
63 11.3113 44.4968
63.1 11.3113 44.4968
63.2 11.3112 44.4968
63.3 11.3112 44.4968
63.4 11.3112 44.4968
63.5 11.3112 44.4968
63.6 11.3112 44.4968
63.7 11.3112 44.4968
63.8 11.3112 44.4968
63.9 11.3112 44.4967
64 11.3112 44.4967
64.1 11.3112 44.4967
64.2 11.3112 44.4967
64.3 11.3112 44.4967
64.4 11.3112 44.4967
64.5 11.3112 44.4967
64.6 11.3112 44.4967
64.7 11.3112 44.4967
64.8 11.3112 44.4967
64.9 11.3112 44.4967
65 11.3112 44.4967
65.1 11.3112 44.4966
65.2 11.3112 44.4966
65.3 11.3112 44.4966
65.4 11.3112 44.4966
65.5 11.3112 44.4966
65.6 11.3112 44.4966
65.7 11.3112 44.4966
65.8 11.3112 44.4966
65.9 11.3112 44.4966
66 11.3112 44.4966
66.1 11.3112 44.4966
66.2 11.3112 44.4966
66.3 11.3112 44.4966
66.4 11.3111 44.4965
66.5 11.3111 44.4965
66.6 11.3111 44.4965
66.7 11.3111 44.4965
66.8 11.3111 44.4965
66.9 11.3111 44.4965
67 11.3111 44.4965
67.1 11.3111 44.4965
67.2 11.3111 44.4965
67.3 11.3111 44.4965
67.4 11.3111 44.4965
67.5 11.3111 44.4965
67.6 11.3111 44.4964
67.7 11.3111 44.4964
67.8 11.3111 44.4964
67.9 11.3111 44.4964
68 11.3111 44.4964
68.1 11.3111 44.4964
68.2 11.3111 44.4964
68.3 11.3111 44.4964
68.4 11.3111 44.4964
68.5 11.3111 44.4964
68.6 11.3111 44.4964
68.7 11.3111 44.4964
68.8 11.3111 44.4964
68.9 11.3111 44.4963
69 11.3111 44.4963
69.1 11.3111 44.4963
69.2 11.3111 44.4963
69.3 11.3111 44.4963
69.4 11.3111 44.4963
69.5 11.3111 44.4963
69.6 11.311 44.4963
69.7 11.311 44.4963
69.8 11.311 44.4963
69.9 11.311 44.4963
70 11.311 44.4963
70.1 11.311 44.4962
70.2 11.311 44.4962
70.3 11.311 44.4962
70.4 11.311 44.4962
70.5 11.311 44.4962
70.6 11.311 44.4962
70.7 11.311 44.4962
70.8 11.311 44.4962
70.9 11.311 44.4962
71 11.311 44.4962
71.1 11.311 44.4962
71.2 11.311 44.4962
71.3 11.311 44.4961
71.4 11.311 44.4961
71.5 11.311 44.4961
71.6 11.311 44.4961
71.7 11.311 44.4961
71.8 11.311 44.4961
71.9 11.311 44.4961
72 11.311 44.4961
72.1 11.311 44.4961
72.2 11.311 44.4961
72.3 11.311 44.4961
72.4 11.311 44.4961
72.5 11.311 44.4961
72.6 11.311 44.496
72.7 11.311 44.496
72.8 11.3109 44.496
72.9 11.3109 44.496
73 11.3109 44.496
73.1 11.3109 44.496
73.2 11.3109 44.496
73.3 11.3109 44.496
73.4 11.3109 44.496
73.5 11.3109 44.496
73.6 11.3109 44.496
73.7 11.3109 44.496
73.8 11.3109 44.4959
73.9 11.3109 44.4959
74 11.3109 44.4959
74.1 11.3109 44.4959
74.2 11.3109 44.4959
74.3 11.3109 44.4959
74.4 11.3109 44.4959
74.5 11.3109 44.4959
74.6 11.3109 44.4959
74.7 11.3108 44.4959
74.8 11.3108 44.4959
74.9 11.3108 44.4959
75 11.3108 44.4959
75.1 11.3108 44.4959
75.2 11.3108 44.4959
75.3 11.3108 44.4959
75.4 11.3108 44.4959
75.5 11.3108 44.4959
75.6 11.3107 44.4959
75.7 11.3107 44.4959
75.8 11.3107 44.4959
75.9 11.3107 44.4959
76 11.3107 44.4959
76.1 11.3107 44.4959
76.2 11.3107 44.4958
76.3 11.3107 44.4958
76.4 11.3107 44.4958
76.5 11.3107 44.4958
76.6 11.3106 44.4958
76.7 11.3106 44.4958
76.8 11.3106 44.4958
76.9 11.3106 44.4958
77 11.3106 44.4958
77.1 11.3106 44.4958
77.2 11.3106 44.4958
77.3 11.3106 44.4958
77.4 11.3106 44.4958
77.5 11.3106 44.4958
77.6 11.3106 44.4958
77.7 11.3106 44.4958
77.8 11.3106 44.4957
77.9 11.3106 44.4957
78 11.3106 44.4957
78.1 11.3106 44.4957
78.2 11.3106 44.4957
78.3 11.3106 44.4957
78.4 11.3106 44.4957
78.5 11.3106 44.4957
78.6 11.3106 44.4957
78.7 11.3106 44.4957
78.8 11.3106 44.4957
78.9 11.3106 44.4957
79 11.3106 44.4956
79.1 11.3106 44.4956
79.2 11.3106 44.4956
79.3 11.3106 44.4956
79.4 11.3106 44.4956
79.5 11.3106 44.4956
79.6 11.3106 44.4956
79.7 11.3106 44.4956
79.8 11.3106 44.4956
79.9 11.3106 44.4956
80 11.3106 44.4956
80.1 11.3106 44.4956
80.2 11.3106 44.4955
80.3 11.3106 44.4955
80.4 11.3106 44.4955
80.5 11.3106 44.4955
80.6 11.3106 44.4955
80.7 11.3106 44.4955
80.8 11.3106 44.4955
80.9 11.3106 44.4955
81 11.3106 44.4955
81.1 11.3106 44.4955
81.2 11.3106 44.4955
81.3 11.3106 44.4955
81.4 11.3106 44.4954
81.5 11.3106 44.4954
81.6 11.3106 44.4954
81.7 11.3106 44.4954
81.8 11.3106 44.4954
81.9 11.3106 44.4954
82 11.3106 44.4954
82.1 11.3106 44.4954
82.2 11.3106 44.4954
82.3 11.3106 44.4954
82.4 11.3106 44.4954
82.5 11.3106 44.4954
82.6 11.3106 44.4953
82.7 11.3106 44.4953
82.8 11.3106 44.4953
82.9 11.3106 44.4953
83 11.3106 44.4953
83.1 11.3106 44.4953
83.2 11.3106 44.4953
83.3 11.3106 44.4953
83.4 11.3106 44.4953
83.5 11.3106 44.4953
83.6 11.3106 44.4953
83.7 11.3106 44.4953
83.8 11.3106 44.4952
83.9 11.3107 44.4952
84 11.3107 44.4952
84.1 11.3107 44.4952
84.2 11.3107 44.4952
84.3 11.3107 44.4952
84.4 11.3107 44.4952
84.5 11.3107 44.4952
84.6 11.3107 44.4952
84.7 11.3107 44.4952
84.8 11.3107 44.4952
84.9 11.3107 44.4952
85 11.3107 44.4952
85.1 11.3107 44.4951
85.2 11.3107 44.4951
85.3 11.3107 44.4951
85.4 11.3107 44.4951
85.5 11.3107 44.4951
85.6 11.3107 44.4951
85.7 11.3107 44.4951
85.8 11.3107 44.4951
85.9 11.3107 44.4951
86 11.3107 44.4951
86.1 11.3107 44.4951
86.2 11.3107 44.4951
86.3 11.3107 44.495
86.4 11.3107 44.495
86.5 11.3107 44.495
86.6 11.3107 44.495
86.7 11.3107 44.495
86.8 11.3107 44.495
86.9 11.3107 44.495
87 11.3107 44.495
87.1 11.3107 44.495
87.2 11.3107 44.495
87.3 11.3107 44.495
87.4 11.3107 44.495
87.5 11.3107 44.495
87.6 11.3107 44.4949
87.7 11.3107 44.4949
87.8 11.3107 44.4949
87.9 11.3107 44.4949
88 11.3107 44.4949
88.1 11.3107 44.4949
88.2 11.3107 44.4949
88.3 11.3107 44.4949
88.4 11.3107 44.4949
88.5 11.3107 44.4949
88.6 11.3107 44.4949
88.7 11.3107 44.4949
88.8 11.3107 44.4949
88.9 11.3107 44.4948
89 11.3107 44.4948
89.1 11.3107 44.4948
89.2 11.3107 44.4948
89.3 11.3107 44.4948
89.4 11.3107 44.4948
89.5 11.3107 44.4948
89.6 11.3107 44.4948
89.7 11.3107 44.4948
89.8 11.3107 44.4948
89.9 11.3107 44.4948
