0 11.3149 44.4955
0.1 11.3149 44.4955
0.2 11.3149 44.4956
0.3 11.3149 44.4956
0.4 11.3149 44.4956
0.5 11.3149 44.4956
0.6 11.315 44.4956
0.7 11.315 44.4956
0.8 11.315 44.4956
0.9 11.315 44.4956
1 11.315 44.4956
1.1 11.315 44.4957
1.2 11.315 44.4957
1.3 11.315 44.4957
1.4 11.315 44.4957
1.5 11.315 44.4957
1.6 11.315 44.4957
1.7 11.315 44.4957
1.8 11.315 44.4957
1.9 11.315 44.4957
2 11.315 44.4957
2.1 11.315 44.4957
2.2 11.315 44.4957
2.3 11.315 44.4957
2.4 11.315 44.4957
2.5 11.315 44.4957
2.6 11.3151 44.4958
2.7 11.3151 44.4958
2.8 11.3151 44.4958
2.9 11.3151 44.4958
3 11.3151 44.4958
3.1 11.3151 44.4958
3.2 11.3151 44.4958
3.3 11.3151 44.4958
3.4 11.315 44.4958
3.5 11.315 44.4958
3.6 11.315 44.4958
3.7 11.315 44.4958
3.8 11.315 44.4958
3.9 11.315 44.4958
4 11.315 44.4958
4.1 11.315 44.4958
4.2 11.315 44.4958
4.3 11.315 44.4958
4.4 11.315 44.4958
4.5 11.315 44.4958
4.6 11.315 44.4958
4.7 11.315 44.4957
4.8 11.315 44.4957
4.9 11.315 44.4957
5 11.315 44.4957
5.1 11.315 44.4957
5.2 11.315 44.4957
5.3 11.315 44.4957
5.4 11.315 44.4957
5.5 11.315 44.4957
5.6 11.315 44.4957
5.7 11.315 44.4957
5.8 11.315 44.4957
5.9 11.315 44.4957
6 11.315 44.4957
6.1 11.315 44.4957
6.2 11.315 44.4957
6.3 11.315 44.4957
6.4 11.315 44.4957
6.5 11.3149 44.4957
6.6 11.3149 44.4956
6.7 11.3149 44.4956
6.8 11.3149 44.4956
6.9 11.3149 44.4956
7 11.3149 44.4956
7.1 11.3149 44.4956
7.2 11.3149 44.4956
7.3 11.3149 44.4956
7.4 11.3149 44.4956
7.5 11.3149 44.4956
7.6 11.3149 44.4956
7.7 11.3149 44.4956
7.8 11.3149 44.4956
7.9 11.3149 44.4955
8 11.3149 44.4955
8.1 11.3149 44.4955
8.2 11.3149 44.4955
8.3 11.3149 44.4955
8.4 11.3148 44.4955
8.5 11.3148 44.4955
8.6 11.3148 44.4955
8.7 11.3148 44.4955
8.8 11.3148 44.4955
8.9 11.3148 44.4955
9 11.3148 44.4954
9.1 11.3148 44.4954
9.2 11.3148 44.4954
9.3 11.3148 44.4954
9.4 11.3148 44.4954
9.5 11.3148 44.4954
9.6 11.3148 44.4954
9.7 11.3148 44.4954
9.8 11.3148 44.4954
9.9 11.3147 44.4953
10 11.3147 44.4953
10.1 11.3147 44.4953
10.2 11.3147 44.4953
10.3 11.3147 44.4953
10.4 11.3147 44.4953
10.5 11.3147 44.4953
10.6 11.3147 44.4953
10.7 11.3147 44.4952
10.8 11.3147 44.4952
10.9 11.3147 44.4952
11 11.3147 44.4952
11.1 11.3146 44.4952
11.2 11.3146 44.4952
11.3 11.3146 44.4952
11.4 11.3146 44.4951
11.5 11.3146 44.4951
11.6 11.3146 44.4951
11.7 11.3146 44.4951
11.8 11.3146 44.4951
11.9 11.3146 44.4951
12 11.3146 44.4951
12.1 11.3145 44.4951
12.2 11.3145 44.495
12.3 11.3145 44.495
12.4 11.3145 44.495
12.5 11.3145 44.495
12.6 11.3145 44.495
12.7 11.3145 44.495
12.8 11.3145 44.495
12.9 11.3145 44.495
13 11.3145 44.495
13.1 11.3145 44.4949
13.2 11.3145 44.4949
13.3 11.3144 44.4949
13.4 11.3144 44.4949
13.5 11.3144 44.4949
13.6 11.3144 44.4949
13.7 11.3144 44.4949
13.8 11.3144 44.4949
13.9 11.3144 44.4949
14 11.3144 44.4949
14.1 11.3144 44.4949
14.2 11.3144 44.4949
14.3 11.3144 44.4949
14.4 11.3144 44.4949
14.5 11.3143 44.4948
14.6 11.3143 44.4948
14.7 11.3143 44.4948
14.8 11.3143 44.4948
14.9 11.3143 44.4948
15 11.3143 44.4948
15.1 11.3143 44.4948
15.2 11.3143 44.4948
15.3 11.3143 44.4948
15.4 11.3142 44.4948
15.5 11.3142 44.4948
15.6 11.3142 44.4948
15.7 11.3142 44.4948
15.8 11.3142 44.4948
15.9 11.3142 44.4948
16 11.3142 44.4948
16.1 11.3142 44.4948
16.2 11.3141 44.4947
16.3 11.3141 44.4947
16.4 11.3141 44.4947
16.5 11.3141 44.4947
16.6 11.3141 44.4947
16.7 11.3141 44.4947
16.8 11.3141 44.4947
16.9 11.3141 44.4947
17 11.3141 44.4947
17.1 11.3141 44.4947
17.2 11.3141 44.4946
17.3 11.3141 44.4946
17.4 11.3141 44.4946
17.5 11.3141 44.4946
17.6 11.3141 44.4946
17.7 11.3141 44.4946
17.8 11.3141 44.4946
17.9 11.3141 44.4946
18 11.3141 44.4946
18.1 11.3141 44.4945
18.2 11.3141 44.4945
18.3 11.3141 44.4945
18.4 11.3141 44.4945
18.5 11.3141 44.4945
18.6 11.3141 44.4945
18.7 11.3141 44.4945
18.8 11.3141 44.4945
18.9 11.3141 44.4945
19 11.3141 44.4945
19.1 11.3141 44.4945
19.2 11.3141 44.4945
19.3 11.3141 44.4945
19.4 11.3141 44.4944
19.5 11.3141 44.4944
19.6 11.3141 44.4944
19.7 11.3141 44.4944
19.8 11.3141 44.4944
19.9 11.3141 44.4944
20 11.3141 44.4944
20.1 11.3141 44.4944
20.2 11.3141 44.4944
20.3 11.3141 44.4944
20.4 11.3141 44.4944
20.5 11.3141 44.4944
20.6 11.3141 44.4944
20.7 11.3141 44.4944
20.8 11.3141 44.4944
20.9 11.3141 44.4944
21 11.3141 44.4944
21.1 11.3141 44.4944
21.2 11.3141 44.4944
21.3 11.3141 44.4944
21.4 11.3141 44.4944
21.5 11.3141 44.4944
21.6 11.3141 44.4944
21.7 11.3141 44.4944
21.8 11.3141 44.4944
21.9 11.3141 44.4944
22 11.3141 44.4944
22.1 11.3141 44.4944
22.2 11.3141 44.4944
22.3 11.3141 44.4944
22.4 11.3141 44.4944
22.5 11.3141 44.4944
22.6 11.3141 44.4944
22.7 11.3141 44.4944
22.8 11.3141 44.4944
22.9 11.3141 44.4944
23 11.3141 44.4944
23.1 11.3141 44.4944
23.2 11.3141 44.4944
23.3 11.3141 44.4944
23.4 11.3141 44.4944
23.5 11.3141 44.4944
23.6 11.3141 44.4944
23.7 11.3141 44.4944
23.8 11.3141 44.4944
23.9 11.3141 44.4944
24 11.3141 44.4944
24.1 11.3141 44.4944
24.2 11.3141 44.4944
24.3 11.3141 44.4944
24.4 11.3141 44.4944
24.5 11.3141 44.4944
24.6 11.3141 44.4944
24.7 11.3141 44.4944
24.8 11.3141 44.4944
24.9 11.3141 44.4944
25 11.3141 44.4944
25.1 11.3141 44.4944
25.2 11.3141 44.4944
25.3 11.3141 44.4944
25.4 11.3141 44.4944
25.5 11.3141 44.4944
25.6 11.3141 44.4944
25.7 11.3141 44.4944
25.8 11.3141 44.4943
25.9 11.3141 44.4943
26 11.3141 44.4943
26.1 11.3141 44.4943
26.2 11.3141 44.4943
26.3 11.3141 44.4943
26.4 11.3141 44.4943
26.5 11.3141 44.4943
26.6 11.3141 44.4943
26.7 11.3141 44.4943
26.8 11.3141 44.4943
26.9 11.3141 44.4943
27 11.3141 44.4943
27.1 11.3141 44.4943
27.2 11.3141 44.4943
27.3 11.3141 44.4943
27.4 11.314 44.4943
27.5 11.314 44.4943
27.6 11.314 44.4943
27.7 11.314 44.4943
27.8 11.314 44.4943
27.9 11.314 44.4942
28 11.314 44.4942
28.1 11.314 44.4942
28.2 11.314 44.4942
28.3 11.314 44.4942
28.4 11.314 44.4942
28.5 11.314 44.4942
28.6 11.314 44.4942
28.7 11.314 44.4942
28.8 11.314 44.4942
28.9 11.314 44.4942
29 11.314 44.4942
29.1 11.314 44.4942
29.2 11.314 44.4941
29.3 11.314 44.4941
29.4 11.314 44.4941
29.5 11.314 44.4941
29.6 11.314 44.4941
29.7 11.3139 44.4941
29.8 11.3139 44.4941
29.9 11.3139 44.4941
30 11.3139 44.4941
30.1 11.3139 44.4941
30.2 11.3139 44.4941
30.3 11.3139 44.494
30.4 11.3139 44.494
30.5 11.3139 44.494
30.6 11.3139 44.494
30.7 11.3139 44.494
30.8 11.3139 44.494
30.9 11.3139 44.494
31 11.3139 44.494
31.1 11.3139 44.494
31.2 11.3139 44.494
31.3 11.3138 44.4939
31.4 11.3138 44.4939
31.5 11.3138 44.4939
31.6 11.3138 44.4939
31.7 11.3138 44.4939
31.8 11.3138 44.4939
31.9 11.3138 44.4939
32 11.3138 44.4939
32.1 11.3138 44.4939
32.2 11.3138 44.4939
32.3 11.3138 44.4939
32.4 11.3138 44.4939
32.5 11.3138 44.4939
32.6 11.3138 44.4939
32.7 11.3138 44.4938
32.8 11.3138 44.4938
32.9 11.3138 44.4938
33 11.3138 44.4938
33.1 11.3138 44.4938
33.2 11.3138 44.4938
33.3 11.3138 44.4938
33.4 11.3137 44.4938
33.5 11.3137 44.4938
33.6 11.3137 44.4938
33.7 11.3137 44.4938
33.8 11.3137 44.4938
33.9 11.3137 44.4938
34 11.3137 44.4938
34.1 11.3137 44.4938
34.2 11.3137 44.4938
34.3 11.3137 44.4938
34.4 11.3137 44.4938
34.5 11.3137 44.4937
34.6 11.3137 44.4937
34.7 11.3137 44.4937
34.8 11.3137 44.4937
34.9 11.3137 44.4937
35 11.3137 44.4937
35.1 11.3137 44.4937
35.2 11.3138 44.4937
35.3 11.3138 44.4937
35.4 11.3138 44.4937
35.5 11.3138 44.4937
35.6 11.3138 44.4938
35.7 11.3138 44.4938
35.8 11.3138 44.4938
35.9 11.3138 44.4938
36 11.3138 44.4938
36.1 11.3138 44.4938
36.2 11.3138 44.4938
36.3 11.3138 44.4938
36.4 11.3138 44.4938
36.5 11.3138 44.4938
36.6 11.3138 44.4938
36.7 11.3138 44.4938
36.8 11.3138 44.4938
36.9 11.3138 44.4938
37 11.3138 44.4938
37.1 11.3138 44.4938
37.2 11.3138 44.4938
37.3 11.3138 44.4938
37.4 11.3138 44.4938
37.5 11.3138 44.4938
37.6 11.3138 44.4938
37.7 11.3138 44.4939
37.8 11.3138 44.4939
37.9 11.3138 44.4939
38 11.3138 44.4939
38.1 11.3138 44.4939
38.2 11.3139 44.4939
38.3 11.3139 44.4939
38.4 11.3139 44.4939
38.5 11.3139 44.4939
38.6 11.3139 44.4939
38.7 11.3139 44.4939
38.8 11.3139 44.4939
38.9 11.3139 44.4939
39 11.3139 44.4939
39.1 11.3139 44.494
39.2 11.3139 44.494
39.3 11.3139 44.494
39.4 11.3139 44.494
39.5 11.3139 44.494
39.6 11.3139 44.494
39.7 11.3139 44.494
39.8 11.3139 44.494
39.9 11.3139 44.494
40 11.314 44.494
40.1 11.314 44.4941
40.2 11.314 44.4941
40.3 11.314 44.4941
40.4 11.314 44.4941
40.5 11.314 44.4941
40.6 11.314 44.4941
40.7 11.314 44.4941
40.8 11.314 44.4941
40.9 11.314 44.4941
41 11.314 44.4941
41.1 11.314 44.4942
41.2 11.314 44.4942
41.3 11.3141 44.4942
41.4 11.3141 44.4942
41.5 11.3141 44.4942
41.6 11.3141 44.4942
41.7 11.3141 44.4942
41.8 11.3141 44.4942
41.9 11.3141 44.4943
42 11.3141 44.4943
42.1 11.3141 44.4943
42.2 11.3141 44.4943
42.3 11.3141 44.4943
42.4 11.3141 44.4943
42.5 11.3142 44.4943
42.6 11.3142 44.4943
42.7 11.3142 44.4943
42.8 11.3142 44.4943
42.9 11.3142 44.4943
43 11.3142 44.4944
43.1 11.3142 44.4944
43.2 11.3142 44.4944
43.3 11.3142 44.4944
43.4 11.3142 44.4944
43.5 11.3142 44.4944
43.6 11.3142 44.4944
43.7 11.3142 44.4944
43.8 11.3142 44.4944
43.9 11.3142 44.4944
44 11.3143 44.4944
44.1 11.3143 44.4944
44.2 11.3143 44.4944
44.3 11.3143 44.4944
44.4 11.3143 44.4945
44.5 11.3143 44.4945
44.6 11.3143 44.4945
44.7 11.3143 44.4945
44.8 11.3143 44.4945
44.9 11.3143 44.4945
45 11.3143 44.4945
45.1 11.3143 44.4945
45.2 11.3144 44.4945
45.3 11.3144 44.4945
45.4 11.3144 44.4945
45.5 11.3144 44.4945
45.6 11.3144 44.4945
45.7 11.3144 44.4945
45.8 11.3144 44.4945
45.9 11.3144 44.4945
46 11.3145 44.4945
46.1 11.3145 44.4945
46.2 11.3145 44.4945
46.3 11.3145 44.4945
46.4 11.3145 44.4946
46.5 11.3145 44.4946
46.6 11.3145 44.4946
46.7 11.3145 44.4946
46.8 11.3145 44.4946
46.9 11.3145 44.4946
47 11.3145 44.4946
47.1 11.3145 44.4946
47.2 11.3145 44.4946
47.3 11.3145 44.4946
47.4 11.3145 44.4947
47.5 11.3145 44.4947
47.6 11.3145 44.4947
47.7 11.3145 44.4947
47.8 11.3145 44.4947
47.9 11.3145 44.4947
48 11.3145 44.4947
48.1 11.3145 44.4947
48.2 11.3145 44.4947
48.3 11.3145 44.4947
48.4 11.3144 44.4948
48.5 11.3144 44.4948
48.6 11.3144 44.4948
48.7 11.3144 44.4948
48.8 11.3144 44.4948
48.9 11.3144 44.4948
49 11.3144 44.4948
49.1 11.3143 44.4948
49.2 11.3143 44.4948
49.3 11.3143 44.4948
49.4 11.3143 44.4948
49.5 11.3143 44.4948
49.6 11.3143 44.4948
49.7 11.3143 44.4948
49.8 11.3142 44.4948
49.9 11.3142 44.4948
50 11.3142 44.4948
50.1 11.3142 44.4948
50.2 11.3142 44.4948
50.3 11.3142 44.4948
50.4 11.3142 44.4948
50.5 11.3142 44.4948
50.6 11.3141 44.4947
50.7 11.3141 44.4947
50.8 11.3141 44.4947
50.9 11.3141 44.4947
51 11.3141 44.4947
51.1 11.3141 44.4947
51.2 11.3141 44.4947
51.3 11.3141 44.4947
51.4 11.3141 44.4947
51.5 11.3141 44.4947
51.6 11.3141 44.4947
51.7 11.3141 44.4946
51.8 11.3141 44.4946
51.9 11.3141 44.4946
52 11.3141 44.4946
52.1 11.3141 44.4946
52.2 11.3141 44.4946
52.3 11.3141 44.4946
52.4 11.3141 44.4946
52.5 11.3141 44.4946
52.6 11.3141 44.4945
52.7 11.3141 44.4945
52.8 11.3141 44.4945
52.9 11.3141 44.4945
53 11.3141 44.4945
53.1 11.3141 44.4945
53.2 11.3141 44.4945
53.3 11.3141 44.4945
53.4 11.3141 44.4945
53.5 11.3141 44.4945
53.6 11.3141 44.4945
53.7 11.3141 44.4945
53.8 11.3141 44.4945
53.9 11.3141 44.4944
54 11.3141 44.4944
54.1 11.3141 44.4944
54.2 11.3141 44.4944
54.3 11.3141 44.4944
54.4 11.3141 44.4944
54.5 11.3141 44.4944
54.6 11.3141 44.4944
54.7 11.3141 44.4944
54.8 11.3141 44.4944
54.9 11.3141 44.4944
55 11.3141 44.4944
55.1 11.3141 44.4944
55.2 11.3141 44.4944
55.3 11.3141 44.4944
55.4 11.3141 44.4943
55.5 11.3141 44.4943
55.6 11.3141 44.4943
55.7 11.3141 44.4943
55.8 11.3141 44.4943
55.9 11.3141 44.4943
56 11.3141 44.4943
56.1 11.3141 44.4943
56.2 11.3141 44.4943
56.3 11.314 44.4943
56.4 11.314 44.4943
56.5 11.314 44.4943
56.6 11.314 44.4942
56.7 11.314 44.4942
56.8 11.314 44.4942
56.9 11.314 44.4942
57 11.314 44.4942
57.1 11.314 44.4942
57.2 11.314 44.4942
57.3 11.314 44.4942
57.4 11.314 44.4942
57.5 11.314 44.4942
57.6 11.314 44.4941
57.7 11.314 44.4941
57.8 11.314 44.4941
57.9 11.314 44.4941
58 11.314 44.4941
58.1 11.3139 44.4941
58.2 11.3139 44.4941
58.3 11.3139 44.4941
58.4 11.3139 44.4941
58.5 11.3139 44.494
58.6 11.3139 44.494
58.7 11.3139 44.494
58.8 11.3139 44.494
58.9 11.3139 44.494
59 11.3139 44.494
59.1 11.3139 44.494
59.2 11.3139 44.494
59.3 11.3138 44.4939
59.4 11.3138 44.4939
59.5 11.3138 44.4939
59.6 11.3138 44.4939
59.7 11.3138 44.4939
59.8 11.3138 44.4939
59.9 11.3138 44.4939
60 11.3138 44.4938
60.1 11.3138 44.4938
60.2 11.3138 44.4938
60.3 11.3138 44.4938
60.4 11.3137 44.4938
60.5 11.3137 44.4938
60.6 11.3137 44.4938
60.7 11.3137 44.4937
60.8 11.3137 44.4937
60.9 11.3137 44.4937
61 11.3137 44.4937
61.1 11.3137 44.4937
61.2 11.3137 44.4937
61.3 11.3137 44.4936
61.4 11.3136 44.4936
61.5 11.3136 44.4936
61.6 11.3136 44.4936
61.7 11.3136 44.4936
61.8 11.3136 44.4936
61.9 11.3136 44.4935
62 11.3136 44.4935
62.1 11.3136 44.4935
62.2 11.3136 44.4935
62.3 11.3135 44.4935
62.4 11.3135 44.4935
62.5 11.3135 44.4934
62.6 11.3135 44.4934
62.7 11.3135 44.4934
62.8 11.3135 44.4934
62.9 11.3135 44.4934
63 11.3135 44.4934
63.1 11.3135 44.4934
63.2 11.3135 44.4934
63.3 11.3135 44.4933
63.4 11.3135 44.4933
63.5 11.3135 44.4933
63.6 11.3134 44.4933
63.7 11.3134 44.4933
63.8 11.3134 44.4933
63.9 11.3134 44.4933
64 11.3134 44.4933
64.1 11.3134 44.4933
64.2 11.3134 44.4933
64.3 11.3134 44.4932
64.4 11.3134 44.4932
64.5 11.3134 44.4932
64.6 11.3134 44.4932
64.7 11.3134 44.4932
64.8 11.3134 44.4932
64.9 11.3134 44.4932
65 11.3134 44.4932
65.1 11.3134 44.4932
65.2 11.3134 44.4932
65.3 11.3134 44.4932
65.4 11.3134 44.4932
65.5 11.3134 44.4932
65.6 11.3134 44.4932
65.7 11.3134 44.4932
65.8 11.3134 44.4932
65.9 11.3134 44.4931
66 11.3134 44.4931
66.1 11.3134 44.4931
66.2 11.3134 44.4931
66.3 11.3134 44.4931
66.4 11.3134 44.4931
66.5 11.3134 44.4931
66.6 11.3134 44.4931
66.7 11.3134 44.4931
66.8 11.3135 44.4931
66.9 11.3135 44.4931
67 11.3135 44.4931
67.1 11.3135 44.4931
67.2 11.3135 44.4931
67.3 11.3135 44.4931
67.4 11.3135 44.4931
67.5 11.3135 44.4931
67.6 11.3135 44.4931
67.7 11.3135 44.4931
67.8 11.3136 44.4931
67.9 11.3136 44.4931
68 11.3136 44.4931
68.1 11.3136 44.4931
68.2 11.3136 44.4931
68.3 11.3136 44.4931
68.4 11.3136 44.4931
68.5 11.3136 44.4931
68.6 11.3136 44.4931
68.7 11.3137 44.4931
68.8 11.3137 44.4931
68.9 11.3137 44.4931
69 11.3137 44.4931
69.1 11.3137 44.4931
69.2 11.3137 44.4931
69.3 11.3137 44.4931
69.4 11.3137 44.4931
69.5 11.3137 44.4931
69.6 11.3137 44.4931
69.7 11.3138 44.4932
69.8 11.3138 44.4932
69.9 11.3138 44.4932
70 11.3138 44.4932
70.1 11.3138 44.4932
70.2 11.3138 44.4932
70.3 11.3138 44.4932
70.4 11.3138 44.4932
70.5 11.3138 44.4932
70.6 11.3139 44.4932
70.7 11.3139 44.4932
70.8 11.3139 44.4932
70.9 11.3139 44.4932
71 11.3139 44.4932
71.1 11.3139 44.4932
71.2 11.3139 44.4932
71.3 11.3139 44.4932
71.4 11.3139 44.4932
71.5 11.314 44.4932
71.6 11.314 44.4932
71.7 11.314 44.4932
71.8 11.314 44.4932
71.9 11.314 44.4932
72 11.314 44.4932
72.1 11.314 44.4932
72.2 11.314 44.4932
72.3 11.314 44.4932
72.4 11.314 44.4932
72.5 11.3141 44.4932
72.6 11.3141 44.4932
72.7 11.3141 44.4932
72.8 11.3141 44.4932
72.9 11.3141 44.4932
73 11.3141 44.4932
73.1 11.3141 44.4932
73.2 11.3141 44.4932
73.3 11.3141 44.4932
73.4 11.3142 44.4932
73.5 11.3142 44.4932
73.6 11.3142 44.4932
73.7 11.3142 44.4932
73.8 11.3142 44.4932
73.9 11.3142 44.4932
74 11.3142 44.4932
74.1 11.3142 44.4932
74.2 11.3142 44.4932
74.3 11.3143 44.4932
74.4 11.3143 44.4932
74.5 11.3143 44.4932
74.6 11.3143 44.4932
74.7 11.3143 44.4932
74.8 11.3143 44.4932
74.9 11.3143 44.4932
75 11.3143 44.4932
75.1 11.3143 44.4932
75.2 11.3143 44.4932
75.3 11.3143 44.4932
75.4 11.3144 44.4932
75.5 11.3144 44.4932
75.6 11.3144 44.4932
75.7 11.3144 44.4932
75.8 11.3144 44.4932
75.9 11.3144 44.4932
76 11.3144 44.4932
76.1 11.3144 44.4932
76.2 11.3144 44.4932
76.3 11.3144 44.4932
76.4 11.3145 44.4932
76.5 11.3145 44.4932
76.6 11.3145 44.4932
76.7 11.3145 44.4932
76.8 11.3145 44.4932
76.9 11.3145 44.4932
77 11.3145 44.4932
77.1 11.3145 44.4932
77.2 11.3145 44.4932
77.3 11.3146 44.4932
77.4 11.3146 44.4932
77.5 11.3146 44.4932
77.6 11.3146 44.4932
77.7 11.3146 44.4932
77.8 11.3146 44.4932
77.9 11.3146 44.4932
78 11.3146 44.4932
78.1 11.3146 44.4932
78.2 11.3147 44.4932
78.3 11.3147 44.4932
78.4 11.3147 44.4932
78.5 11.3147 44.4932
78.6 11.3147 44.4932
78.7 11.3147 44.4932
78.8 11.3147 44.4932
78.9 11.3147 44.4932
79 11.3147 44.4932
79.1 11.3147 44.4932
79.2 11.3148 44.4932
79.3 11.3148 44.4932
79.4 11.3148 44.4932
79.5 11.3148 44.4932
79.6 11.3148 44.4932
79.7 11.3148 44.4932
79.8 11.3148 44.4932
79.9 11.3148 44.4932
80 11.3148 44.4932
80.1 11.3149 44.4932
80.2 11.3149 44.4932
80.3 11.3149 44.4932
80.4 11.3149 44.4932
80.5 11.3149 44.4932
80.6 11.3149 44.4932
80.7 11.3149 44.4932
80.8 11.3149 44.4932
80.9 11.3149 44.4932
81 11.3149 44.4932
81.1 11.3149 44.4932
81.2 11.315 44.4932
81.3 11.315 44.4932
81.4 11.315 44.4932
81.5 11.315 44.4932
81.6 11.315 44.4932
81.7 11.315 44.4932
81.8 11.315 44.4932
81.9 11.315 44.4932
82 11.315 44.4932
82.1 11.3151 44.4932
82.2 11.3151 44.4932
82.3 11.3151 44.4932
82.4 11.3151 44.4932
82.5 11.3151 44.4932
82.6 11.3151 44.4932
82.7 11.3151 44.4932
82.8 11.3151 44.4932
82.9 11.3151 44.4932
83 11.3151 44.4932
83.1 11.3152 44.4933
83.2 11.3152 44.4933
83.3 11.3152 44.4933
83.4 11.3152 44.4933
83.5 11.3152 44.4933
83.6 11.3152 44.4933
83.7 11.3152 44.4933
83.8 11.3152 44.4933
83.9 11.3152 44.4933
84 11.3153 44.4933
84.1 11.3153 44.4933
84.2 11.3153 44.4933
84.3 11.3153 44.4933
84.4 11.3153 44.4933
84.5 11.3153 44.4933
84.6 11.3153 44.4933
84.7 11.3153 44.4933
84.8 11.3153 44.4933
84.9 11.3154 44.4933
85 11.3154 44.4933
85.1 11.3154 44.4933
85.2 11.3154 44.4933
85.3 11.3154 44.4933
85.4 11.3154 44.4933
85.5 11.3154 44.4933
85.6 11.3154 44.4933
85.7 11.3154 44.4933
85.8 11.3154 44.4933
85.9 11.3155 44.4933
86 11.3155 44.4933
86.1 11.3155 44.4933
86.2 11.3155 44.4933
86.3 11.3155 44.4933
86.4 11.3155 44.4933
86.5 11.3155 44.4933
86.6 11.3155 44.4933
86.7 11.3155 44.4933
86.8 11.3156 44.4933
86.9 11.3156 44.4933
87 11.3156 44.4933
87.1 11.3156 44.4933
87.2 11.3156 44.4933
87.3 11.3156 44.4933
87.4 11.3156 44.4933
87.5 11.3156 44.4933
87.6 11.3156 44.4933
87.7 11.3156 44.4933
87.8 11.3156 44.4933
87.9 11.3157 44.4933
88 11.3157 44.4933
88.1 11.3157 44.4933
88.2 11.3157 44.4933
88.3 11.3157 44.4933
88.4 11.3157 44.4933
88.5 11.3157 44.4933
88.6 11.3157 44.4933
88.7 11.3157 44.4933
88.8 11.3157 44.4933
88.9 11.3157 44.4933
89 11.3157 44.4933
89.1 11.3157 44.4933
89.2 11.3157 44.4933
89.3 11.3157 44.4932
89.4 11.3157 44.4932
89.5 11.3157 44.4932
89.6 11.3157 44.4932
89.7 11.3157 44.4932
89.8 11.3157 44.4932
89.9 11.3157 44.4932
