0 11.3185 44.4916
0.1 11.3185 44.4916
0.2 11.3185 44.4916
0.3 11.3185 44.4916
0.4 11.3185 44.4916
0.5 11.3185 44.4916
0.6 11.3185 44.4916
0.7 11.3185 44.4916
0.8 11.3185 44.4916
0.9 11.3185 44.4916
1 11.3185 44.4916
1.1 11.3185 44.4916
1.2 11.3185 44.4916
1.3 11.3185 44.4916
1.4 11.3185 44.4916
1.5 11.3185 44.4916
1.6 11.3185 44.4916
1.7 11.3185 44.4916
1.8 11.3185 44.4916
1.9 11.3185 44.4916
2 11.3185 44.4916
2.1 11.3185 44.4916
2.2 11.3185 44.4916
2.3 11.3185 44.4916
2.4 11.3185 44.4916
2.5 11.3185 44.4916
2.6 11.3185 44.4916
2.7 11.3185 44.4916
2.8 11.3185 44.4916
2.9 11.3184 44.4916
3 11.3184 44.4916
3.1 11.3184 44.4916
3.2 11.3184 44.4916
3.3 11.3184 44.4916
3.4 11.3184 44.4916
3.5 11.3184 44.4916
3.6 11.3184 44.4916
3.7 11.3184 44.4916
3.8 11.3184 44.4916
3.9 11.3184 44.4916
4 11.3183 44.4916
4.1 11.3183 44.4916
4.2 11.3183 44.4916
4.3 11.3183 44.4916
4.4 11.3183 44.4916
4.5 11.3183 44.4916
4.6 11.3183 44.4916
4.7 11.3183 44.4917
4.8 11.3182 44.4917
4.9 11.3182 44.4917
5 11.3182 44.4917
5.1 11.3182 44.4917
5.2 11.3182 44.4917
5.3 11.3182 44.4917
5.4 11.3182 44.4917
5.5 11.3182 44.4917
5.6 11.3181 44.4917
5.7 11.3181 44.4917
5.8 11.3181 44.4917
5.9 11.3181 44.4917
6 11.3181 44.4917
6.1 11.3181 44.4917
6.2 11.3181 44.4917
6.3 11.318 44.4917
6.4 11.318 44.4917
6.5 11.318 44.4917
6.6 11.318 44.4917
6.7 11.318 44.4917
6.8 11.318 44.4917
6.9 11.3179 44.4917
7 11.3179 44.4917
7.1 11.3179 44.4917
7.2 11.3179 44.4917
7.3 11.3179 44.4917
7.4 11.3178 44.4917
7.5 11.3178 44.4918
7.6 11.3178 44.4918
7.7 11.3178 44.4918
7.8 11.3178 44.4918
7.9 11.3178 44.4918
8 11.3177 44.4918
8.1 11.3177 44.4918
8.2 11.3177 44.4918
8.3 11.3177 44.4918
8.4 11.3177 44.4918
8.5 11.3177 44.4918
8.6 11.3176 44.4918
8.7 11.3176 44.4918
8.8 11.3176 44.4918
8.9 11.3176 44.4918
9 11.3176 44.4918
9.1 11.3175 44.4918
9.2 11.3175 44.4918
9.3 11.3175 44.4918
9.4 11.3175 44.4918
9.5 11.3175 44.4918
9.6 11.3175 44.4918
9.7 11.3174 44.4919
9.8 11.3174 44.4919
9.9 11.3174 44.4919
10 11.3174 44.4919
10.1 11.3174 44.4919
10.2 11.3173 44.4919
10.3 11.3173 44.4919
10.4 11.3173 44.4919
10.5 11.3173 44.4919
10.6 11.3173 44.4919
10.7 11.3173 44.4919
10.8 11.3172 44.4919
10.9 11.3172 44.4919
11 11.3172 44.4919
11.1 11.3172 44.4919
11.2 11.3172 44.4919
11.3 11.3172 44.4919
11.4 11.3171 44.4919
11.5 11.3171 44.4919
11.6 11.3171 44.4919
11.7 11.3171 44.4919
11.8 11.3171 44.4919
11.9 11.317 44.492
12 11.317 44.492
12.1 11.317 44.492
12.2 11.317 44.492
12.3 11.317 44.492
12.4 11.317 44.492
12.5 11.3169 44.492
12.6 11.3169 44.492
12.7 11.3169 44.492
12.8 11.3169 44.492
12.9 11.3169 44.492
13 11.3169 44.492
13.1 11.3168 44.492
13.2 11.3168 44.492
13.3 11.3168 44.492
13.4 11.3168 44.492
13.5 11.3168 44.492
13.6 11.3168 44.492
13.7 11.3168 44.492
13.8 11.3167 44.492
13.9 11.3167 44.492
14 11.3167 44.492
14.1 11.3167 44.492
14.2 11.3167 44.492
14.3 11.3167 44.492
14.4 11.3167 44.492
14.5 11.3167 44.492
14.6 11.3167 44.4921
14.7 11.3166 44.4921
14.8 11.3166 44.4921
14.9 11.3166 44.4921
15 11.3166 44.4921
15.1 11.3166 44.4921
15.2 11.3166 44.4921
15.3 11.3166 44.4921
15.4 11.3166 44.4921
15.5 11.3166 44.4921
15.6 11.3166 44.4921
15.7 11.3165 44.4921
15.8 11.3165 44.4921
15.9 11.3165 44.4921
16 11.3165 44.4921
16.1 11.3165 44.4921
16.2 11.3165 44.4921
16.3 11.3165 44.4921
16.4 11.3165 44.4921
16.5 11.3165 44.4921
16.6 11.3165 44.4921
16.7 11.3165 44.4921
16.8 11.3165 44.4921
16.9 11.3165 44.4921
17 11.3165 44.4921
17.1 11.3165 44.4921
17.2 11.3165 44.4921
17.3 11.3165 44.4921
17.4 11.3165 44.4921
17.5 11.3165 44.4921
17.6 11.3165 44.4922
17.7 11.3165 44.4922
17.8 11.3165 44.4922
17.9 11.3165 44.4922
18 11.3165 44.4922
18.1 11.3165 44.4922
18.2 11.3165 44.4922
18.3 11.3165 44.4922
18.4 11.3165 44.4922
18.5 11.3165 44.4922
18.6 11.3165 44.4922
18.7 11.3165 44.4922
18.8 11.3165 44.4922
18.9 11.3165 44.4922
19 11.3165 44.4922
19.1 11.3165 44.4922
19.2 11.3165 44.4922
19.3 11.3165 44.4922
19.4 11.3165 44.4922
19.5 11.3165 44.4922
19.6 11.3165 44.4922
19.7 11.3165 44.4922
19.8 11.3165 44.4922
19.9 11.3165 44.4922
20 11.3165 44.4922
20.1 11.3165 44.4922
20.2 11.3165 44.4922
20.3 11.3165 44.4922
20.4 11.3165 44.4922
20.5 11.3165 44.4922
20.6 11.3165 44.4922
20.7 11.3165 44.4922
20.8 11.3165 44.4922
20.9 11.3165 44.4922
21 11.3165 44.4922
21.1 11.3165 44.4922
21.2 11.3165 44.4922
21.3 11.3165 44.4922
21.4 11.3165 44.4923
21.5 11.3165 44.4923
21.6 11.3165 44.4923
21.7 11.3165 44.4923
21.8 11.3165 44.4923
21.9 11.3165 44.4923
22 11.3165 44.4923
22.1 11.3165 44.4923
22.2 11.3165 44.4923
22.3 11.3165 44.4923
22.4 11.3165 44.4923
22.5 11.3165 44.4923
22.6 11.3165 44.4923
22.7 11.3165 44.4923
22.8 11.3165 44.4923
22.9 11.3165 44.4923
23 11.3165 44.4923
23.1 11.3165 44.4923
23.2 11.3165 44.4923
23.3 11.3165 44.4923
23.4 11.3165 44.4923
23.5 11.3165 44.4923
23.6 11.3165 44.4923
23.7 11.3165 44.4923
23.8 11.3165 44.4923
23.9 11.3165 44.4923
24 11.3165 44.4923
24.1 11.3165 44.4923
24.2 11.3165 44.4923
24.3 11.3165 44.4923
24.4 11.3165 44.4923
24.5 11.3165 44.4923
24.6 11.3165 44.4923
24.7 11.3165 44.4923
24.8 11.3165 44.4923
24.9 11.3165 44.4923
25 11.3165 44.4923
25.1 11.3165 44.4924
25.2 11.3165 44.4924
25.3 11.3165 44.4924
25.4 11.3165 44.4924
25.5 11.3165 44.4924
25.6 11.3165 44.4924
25.7 11.3165 44.4924
25.8 11.3165 44.4924
25.9 11.3165 44.4924
26 11.3165 44.4924
26.1 11.3165 44.4924
26.2 11.3165 44.4924
26.3 11.3165 44.4924
26.4 11.3165 44.4924
26.5 11.3165 44.4924
26.6 11.3165 44.4924
26.7 11.3165 44.4924
26.8 11.3165 44.4924
26.9 11.3165 44.4924
27 11.3165 44.4924
27.1 11.3165 44.4924
27.2 11.3165 44.4924
27.3 11.3165 44.4924
27.4 11.3165 44.4924
27.5 11.3165 44.4924
27.6 11.3165 44.4924
27.7 11.3165 44.4924
27.8 11.3165 44.4924
27.9 11.3165 44.4924
28 11.3165 44.4924
28.1 11.3165 44.4924
28.2 11.3165 44.4924
28.3 11.3165 44.4924
28.4 11.3165 44.4924
28.5 11.3165 44.4924
28.6 11.3165 44.4924
28.7 11.3165 44.4924
28.8 11.3165 44.4924
28.9 11.3165 44.4925
29 11.3165 44.4925
29.1 11.3165 44.4925
29.2 11.3165 44.4925
29.3 11.3165 44.4925
29.4 11.3165 44.4925
29.5 11.3165 44.4925
29.6 11.3165 44.4925
29.7 11.3165 44.4925
29.8 11.3165 44.4925
29.9 11.3165 44.4925
30 11.3165 44.4925
30.1 11.3165 44.4925
30.2 11.3165 44.4925
30.3 11.3165 44.4925
30.4 11.3165 44.4925
30.5 11.3165 44.4925
30.6 11.3165 44.4925
30.7 11.3165 44.4925
30.8 11.3165 44.4925
30.9 11.3165 44.4925
31 11.3165 44.4925
31.1 11.3165 44.4925
31.2 11.3165 44.4925
31.3 11.3165 44.4925
31.4 11.3165 44.4925
31.5 11.3165 44.4925
31.6 11.3165 44.4925
31.7 11.3165 44.4925
31.8 11.3165 44.4925
31.9 11.3165 44.4925
32 11.3165 44.4925
32.1 11.3165 44.4925
32.2 11.3165 44.4925
32.3 11.3165 44.4925
32.4 11.3165 44.4925
32.5 11.3165 44.4925
32.6 11.3165 44.4926
32.7 11.3165 44.4926
32.8 11.3165 44.4926
32.9 11.3165 44.4926
33 11.3165 44.4926
33.1 11.3165 44.4926
33.2 11.3165 44.4926
33.3 11.3165 44.4926
33.4 11.3165 44.4926
33.5 11.3165 44.4926
33.6 11.3165 44.4926
33.7 11.3165 44.4926
33.8 11.3165 44.4926
33.9 11.3165 44.4926
34 11.3165 44.4926
34.1 11.3165 44.4926
34.2 11.3165 44.4926
34.3 11.3165 44.4926
34.4 11.3165 44.4926
34.5 11.3165 44.4926
34.6 11.3165 44.4926
34.7 11.3165 44.4926
34.8 11.3165 44.4926
34.9 11.3165 44.4926
35 11.3165 44.4926
35.1 11.3165 44.4926
35.2 11.3165 44.4926
35.3 11.3165 44.4926
35.4 11.3165 44.4926
35.5 11.3165 44.4926
35.6 11.3165 44.4926
35.7 11.3165 44.4926
35.8 11.3165 44.4926
35.9 11.3165 44.4926
36 11.3165 44.4926
36.1 11.3165 44.4926
36.2 11.3165 44.4926
36.3 11.3165 44.4926
36.4 11.3165 44.4927
36.5 11.3165 44.4927
36.6 11.3165 44.4927
36.7 11.3165 44.4927
36.8 11.3165 44.4927
36.9 11.3165 44.4927
37 11.3165 44.4927
37.1 11.3165 44.4927
37.2 11.3165 44.4927
37.3 11.3165 44.4927
37.4 11.3165 44.4927
37.5 11.3165 44.4927
37.6 11.3165 44.4927
37.7 11.3165 44.4927
37.8 11.3165 44.4927
37.9 11.3165 44.4927
38 11.3165 44.4927
38.1 11.3165 44.4927
38.2 11.3165 44.4927
38.3 11.3165 44.4927
38.4 11.3165 44.4927
38.5 11.3165 44.4927
38.6 11.3165 44.4927
38.7 11.3165 44.4927
38.8 11.3165 44.4927
38.9 11.3165 44.4927
39 11.3165 44.4927
39.1 11.3165 44.4927
39.2 11.3165 44.4927
39.3 11.3165 44.4927
39.4 11.3165 44.4927
39.5 11.3165 44.4927
39.6 11.3165 44.4927
39.7 11.3165 44.4927
39.8 11.3165 44.4927
39.9 11.3165 44.4927
40 11.3165 44.4927
40.1 11.3165 44.4928
40.2 11.3165 44.4928
40.3 11.3165 44.4928
40.4 11.3165 44.4928
40.5 11.3165 44.4928
40.6 11.3165 44.4928
40.7 11.3165 44.4928
40.8 11.3165 44.4928
40.9 11.3165 44.4928
41 11.3165 44.4928
41.1 11.3165 44.4928
41.2 11.3165 44.4928
41.3 11.3165 44.4928
41.4 11.3165 44.4928
41.5 11.3165 44.4928
41.6 11.3165 44.4928
41.7 11.3165 44.4928
41.8 11.3165 44.4928
41.9 11.3165 44.4928
42 11.3165 44.4928
42.1 11.3165 44.4928
42.2 11.3165 44.4928
42.3 11.3165 44.4928
42.4 11.3165 44.4928
42.5 11.3165 44.4928
42.6 11.3165 44.4928
42.7 11.3165 44.4928
42.8 11.3165 44.4928
42.9 11.3165 44.4928
43 11.3165 44.4928
43.1 11.3165 44.4928
43.2 11.3165 44.4928
43.3 11.3165 44.4928
43.4 11.3165 44.4928
43.5 11.3165 44.4928
43.6 11.3165 44.4928
43.7 11.3165 44.4928
43.8 11.3165 44.4928
43.9 11.3165 44.4929
44 11.3165 44.4929
44.1 11.3165 44.4929
44.2 11.3165 44.4929
44.3 11.3165 44.4929
44.4 11.3165 44.4929
44.5 11.3165 44.4929
44.6 11.3165 44.4929
44.7 11.3165 44.4929
44.8 11.3165 44.4929
44.9 11.3165 44.4929
45 11.3165 44.4929
45.1 11.3165 44.4929
45.2 11.3165 44.4929
45.3 11.3165 44.4929
45.4 11.3165 44.4929
45.5 11.3165 44.4929
45.6 11.3165 44.4929
45.7 11.3165 44.4929
45.8 11.3165 44.4929
45.9 11.3165 44.4929
46 11.3165 44.4929
46.1 11.3165 44.4929
46.2 11.3165 44.4929
46.3 11.3165 44.4929
46.4 11.3165 44.4929
46.5 11.3165 44.4929
46.6 11.3165 44.4929
46.7 11.3165 44.4929
46.8 11.3165 44.4929
46.9 11.3165 44.4929
47 11.3165 44.4929
47.1 11.3165 44.4929
47.2 11.3165 44.4929
47.3 11.3165 44.4929
47.4 11.3165 44.4929
47.5 11.3165 44.4929
47.6 11.3165 44.493
47.7 11.3165 44.493
47.8 11.3165 44.493
47.9 11.3165 44.493
48 11.3165 44.493
48.1 11.3165 44.493
48.2 11.3165 44.493
48.3 11.3165 44.493
48.4 11.3165 44.493
48.5 11.3165 44.493
48.6 11.3165 44.493
48.7 11.3165 44.493
48.8 11.3165 44.493
48.9 11.3165 44.493
49 11.3165 44.493
49.1 11.3165 44.493
49.2 11.3165 44.493
49.3 11.3165 44.493
49.4 11.3165 44.493
49.5 11.3165 44.493
49.6 11.3165 44.493
49.7 11.3165 44.493
49.8 11.3165 44.493
49.9 11.3165 44.493
50 11.3165 44.493
50.1 11.3165 44.493
50.2 11.3165 44.493
50.3 11.3165 44.493
50.4 11.3165 44.493
50.5 11.3165 44.493
50.6 11.3165 44.493
50.7 11.3165 44.493
50.8 11.3165 44.493
50.9 11.3165 44.493
51 11.3165 44.493
51.1 11.3165 44.493
51.2 11.3165 44.493
51.3 11.3165 44.493
51.4 11.3165 44.4931
51.5 11.3165 44.4931
51.6 11.3165 44.4931
51.7 11.3165 44.4931
51.8 11.3165 44.4931
51.9 11.3165 44.4931
52 11.3165 44.4931
52.1 11.3165 44.4931
52.2 11.3165 44.4931
52.3 11.3165 44.4931
52.4 11.3165 44.4931
52.5 11.3165 44.4931
52.6 11.3165 44.4931
52.7 11.3165 44.4931
52.8 11.3165 44.4931
52.9 11.3165 44.4931
53 11.3165 44.4931
53.1 11.3165 44.4931
53.2 11.3165 44.4931
53.3 11.3165 44.4931
53.4 11.3165 44.4931
53.5 11.3165 44.4931
53.6 11.3165 44.4931
53.7 11.3165 44.4931
53.8 11.3165 44.4931
53.9 11.3165 44.4931
54 11.3165 44.4931
54.1 11.3165 44.4931
54.2 11.3165 44.4931
54.3 11.3165 44.4931
54.4 11.3165 44.4931
54.5 11.3165 44.4931
54.6 11.3165 44.4931
54.7 11.3165 44.4931
54.8 11.3165 44.4931
54.9 11.3165 44.4931
55 11.3165 44.4931
55.1 11.3165 44.4932
55.2 11.3165 44.4932
55.3 11.3165 44.4932
55.4 11.3165 44.4932
55.5 11.3165 44.4932
55.6 11.3165 44.4932
55.7 11.3165 44.4932
55.8 11.3165 44.4932
55.9 11.3165 44.4932
56 11.3165 44.4932
56.1 11.3165 44.4932
56.2 11.3165 44.4932
56.3 11.3165 44.4932
56.4 11.3165 44.4932
56.5 11.3165 44.4932
56.6 11.3165 44.4932
56.7 11.3165 44.4932
56.8 11.3165 44.4932
56.9 11.3165 44.4932
57 11.3165 44.4932
57.1 11.3165 44.4932
57.2 11.3165 44.4932
57.3 11.3165 44.4932
57.4 11.3165 44.4932
57.5 11.3165 44.4932
57.6 11.3165 44.4932
57.7 11.3165 44.4932
57.8 11.3165 44.4932
57.9 11.3165 44.4932
58 11.3165 44.4932
58.1 11.3165 44.4932
58.2 11.3165 44.4932
58.3 11.3165 44.4932
58.4 11.3165 44.4932
58.5 11.3165 44.4932
58.6 11.3165 44.4932
58.7 11.3165 44.4932
58.8 11.3165 44.4932
58.9 11.3165 44.4933
59 11.3165 44.4933
59.1 11.3165 44.4933
59.2 11.3165 44.4933
59.3 11.3165 44.4933
59.4 11.3165 44.4933
59.5 11.3165 44.4933
59.6 11.3165 44.4933
59.7 11.3165 44.4933
59.8 11.3165 44.4933
59.9 11.3165 44.4933
60 11.3165 44.4933
60.1 11.3165 44.4933
60.2 11.3165 44.4933
60.3 11.3165 44.4933
60.4 11.3165 44.4933
60.5 11.3165 44.4933
60.6 11.3165 44.4933
60.7 11.3165 44.4933
60.8 11.3165 44.4933
60.9 11.3165 44.4933
61 11.3165 44.4933
61.1 11.3165 44.4933
61.2 11.3165 44.4933
61.3 11.3165 44.4933
61.4 11.3165 44.4933
61.5 11.3165 44.4933
61.6 11.3165 44.4933
61.7 11.3165 44.4933
61.8 11.3165 44.4933
61.9 11.3165 44.4933
62 11.3165 44.4933
62.1 11.3165 44.4933
62.2 11.3165 44.4933
62.3 11.3165 44.4933
62.4 11.3165 44.4933
62.5 11.3165 44.4933
62.6 11.3165 44.4934
62.7 11.3165 44.4934
62.8 11.3165 44.4934
62.9 11.3165 44.4934
63 11.3165 44.4934
63.1 11.3165 44.4934
63.2 11.3165 44.4934
63.3 11.3165 44.4934
63.4 11.3165 44.4934
63.5 11.3165 44.4934
63.6 11.3165 44.4934
63.7 11.3165 44.4934
63.8 11.3165 44.4934
63.9 11.3165 44.4934
64 11.3165 44.4934
64.1 11.3165 44.4934
64.2 11.3165 44.4934
64.3 11.3165 44.4934
64.4 11.3165 44.4934
64.5 11.3165 44.4934
64.6 11.3165 44.4934
64.7 11.3165 44.4934
64.8 11.3165 44.4934
64.9 11.3165 44.4934
65 11.3165 44.4934
65.1 11.3165 44.4934
65.2 11.3165 44.4934
65.3 11.3165 44.4934
65.4 11.3165 44.4934
65.5 11.3165 44.4934
65.6 11.3165 44.4934
65.7 11.3165 44.4934
65.8 11.3165 44.4934
65.9 11.3165 44.4934
66 11.3165 44.4934
66.1 11.3165 44.4934
66.2 11.3165 44.4934
66.3 11.3165 44.4935
66.4 11.3165 44.4935
66.5 11.3165 44.4935
66.6 11.3165 44.4935
66.7 11.3165 44.4935
66.8 11.3165 44.4935
66.9 11.3165 44.4935
67 11.3165 44.4935
67.1 11.3165 44.4935
67.2 11.3165 44.4935
67.3 11.3165 44.4935
67.4 11.3165 44.4935
67.5 11.3165 44.4935
67.6 11.3165 44.4935
67.7 11.3165 44.4935
67.8 11.3165 44.4935
67.9 11.3165 44.4935
68 11.3165 44.4935
68.1 11.3165 44.4935
68.2 11.3165 44.4935
68.3 11.3165 44.4935
68.4 11.3165 44.4935
68.5 11.3165 44.4935
68.6 11.3165 44.4935
68.7 11.3165 44.4935
68.8 11.3165 44.4935
68.9 11.3165 44.4935
69 11.3165 44.4935
69.1 11.3165 44.4935
69.2 11.3165 44.4935
69.3 11.3165 44.4935
69.4 11.3165 44.4935
69.5 11.3165 44.4935
69.6 11.3165 44.4935
69.7 11.3165 44.4935
69.8 11.3165 44.4935
69.9 11.3165 44.4935
70 11.3165 44.4935
70.1 11.3165 44.4936
70.2 11.3165 44.4936
70.3 11.3165 44.4936
70.4 11.3165 44.4936
70.5 11.3165 44.4936
70.6 11.3165 44.4936
70.7 11.3165 44.4936
70.8 11.3165 44.4936
70.9 11.3165 44.4936
71 11.3165 44.4936
71.1 11.3165 44.4936
71.2 11.3165 44.4936
71.3 11.3165 44.4936
71.4 11.3165 44.4936
71.5 11.3165 44.4936
71.6 11.3165 44.4936
71.7 11.3165 44.4936
71.8 11.3165 44.4936
71.9 11.3165 44.4936
72 11.3165 44.4936
72.1 11.3164 44.4936
72.2 11.3164 44.4936
72.3 11.3164 44.4936
72.4 11.3164 44.4936
72.5 11.3164 44.4936
72.6 11.3164 44.4936
72.7 11.3164 44.4936
72.8 11.3164 44.4936
72.9 11.3164 44.4936
73 11.3164 44.4936
73.1 11.3164 44.4936
73.2 11.3164 44.4936
73.3 11.3164 44.4936
73.4 11.3164 44.4936
73.5 11.3164 44.4936
73.6 11.3164 44.4936
73.7 11.3164 44.4936
73.8 11.3163 44.4936
73.9 11.3163 44.4935
74 11.3163 44.4935
74.1 11.3163 44.4935
74.2 11.3163 44.4935
74.3 11.3163 44.4935
74.4 11.3163 44.4935
74.5 11.3163 44.4935
74.6 11.3163 44.4935
74.7 11.3163 44.4935
74.8 11.3163 44.4935
74.9 11.3163 44.4935
75 11.3162 44.4935
75.1 11.3162 44.4935
75.2 11.3162 44.4935
75.3 11.3162 44.4935
75.4 11.3162 44.4935
75.5 11.3162 44.4935
75.6 11.3162 44.4935
75.7 11.3162 44.4935
75.8 11.3162 44.4935
75.9 11.3162 44.4934
76 11.3161 44.4934
76.1 11.3161 44.4934
76.2 11.3161 44.4934
76.3 11.3161 44.4934
76.4 11.3161 44.4934
76.5 11.3161 44.4934
76.6 11.3161 44.4934
76.7 11.3161 44.4934
76.8 11.3161 44.4934
76.9 11.3161 44.4934
77 11.3161 44.4934
77.1 11.316 44.4934
77.2 11.316 44.4934
77.3 11.316 44.4934
77.4 11.316 44.4934
77.5 11.316 44.4934
77.6 11.316 44.4934
77.7 11.316 44.4934
77.8 11.316 44.4934
77.9 11.316 44.4934
78 11.3159 44.4934
78.1 11.3159 44.4934
78.2 11.3159 44.4934
78.3 11.3159 44.4934
78.4 11.3159 44.4934
78.5 11.3159 44.4934
78.6 11.3159 44.4934
78.7 11.3159 44.4933
78.8 11.3159 44.4933
78.9 11.3159 44.4933
79 11.3159 44.4933
79.1 11.3158 44.4933
79.2 11.3158 44.4933
79.3 11.3158 44.4933
79.4 11.3158 44.4933
79.5 11.3158 44.4933
79.6 11.3158 44.4933
79.7 11.3158 44.4933
79.8 11.3158 44.4933
79.9 11.3158 44.4933
80 11.3158 44.4933
80.1 11.3158 44.4933
80.2 11.3158 44.4933
80.3 11.3158 44.4933
80.4 11.3157 44.4933
80.5 11.3157 44.4933
80.6 11.3157 44.4933
80.7 11.3157 44.4933
80.8 11.3157 44.4933
80.9 11.3157 44.4933
81 11.3157 44.4932
81.1 11.3157 44.4932
81.2 11.3157 44.4932
81.3 11.3157 44.4932
81.4 11.3157 44.4932
81.5 11.3157 44.4932
81.6 11.3157 44.4932
81.7 11.3157 44.4932
81.8 11.3157 44.4932
81.9 11.3157 44.4932
82 11.3157 44.4932
82.1 11.3157 44.4932
82.2 11.3157 44.4931
82.3 11.3157 44.4931
82.4 11.3157 44.4931
82.5 11.3157 44.4931
82.6 11.3157 44.4931
82.7 11.3157 44.4931
82.8 11.3157 44.4931
82.9 11.3157 44.4931
83 11.3157 44.4931
83.1 11.3157 44.4931
83.2 11.3157 44.4931
83.3 11.3157 44.4931
83.4 11.3157 44.493
83.5 11.3157 44.493
83.6 11.3157 44.493
83.7 11.3157 44.493
83.8 11.3157 44.493
83.9 11.3157 44.493
84 11.3157 44.493
84.1 11.3157 44.493
84.2 11.3157 44.493
84.3 11.3157 44.493
84.4 11.3157 44.493
84.5 11.3157 44.493
84.6 11.3157 44.493
84.7 11.3157 44.4929
84.8 11.3157 44.4929
84.9 11.3157 44.4929
85 11.3157 44.4929
85.1 11.3157 44.4929
85.2 11.3157 44.4929
85.3 11.3157 44.4929
85.4 11.3157 44.4929
85.5 11.3157 44.4929
85.6 11.3157 44.4929
85.7 11.3157 44.4929
85.8 11.3157 44.4929
85.9 11.3157 44.4928
86 11.3157 44.4928
86.1 11.3157 44.4928
86.2 11.3157 44.4928
86.3 11.3157 44.4928
86.4 11.3157 44.4928
86.5 11.3157 44.4928
86.6 11.3157 44.4928
86.7 11.3157 44.4928
86.8 11.3157 44.4928
86.9 11.3157 44.4928
87 11.3157 44.4928
87.1 11.3157 44.4927
87.2 11.3157 44.4927
87.3 11.3157 44.4927
87.4 11.3157 44.4927
87.5 11.3157 44.4927
87.6 11.3157 44.4927
87.7 11.3157 44.4927
87.8 11.3157 44.4927
87.9 11.3157 44.4927
88 11.3157 44.4927
88.1 11.3157 44.4927
88.2 11.3157 44.4927
88.3 11.3157 44.4927
88.4 11.3157 44.4926
88.5 11.3157 44.4926
88.6 11.3157 44.4926
88.7 11.3157 44.4926
88.8 11.3157 44.4926
88.9 11.3157 44.4926
89 11.3157 44.4926
89.1 11.3157 44.4926
89.2 11.3157 44.4926
89.3 11.3157 44.4926
89.4 11.3157 44.4926
89.5 11.3157 44.4926
89.6 11.3157 44.4925
89.7 11.3157 44.4925
89.8 11.3157 44.4925
89.9 11.3157 44.4925
