0 11.3119 44.4926
0.1 11.3119 44.4926
0.2 11.3119 44.4926
0.3 11.3119 44.4926
0.4 11.3119 44.4926
0.5 11.3119 44.4926
0.6 11.3119 44.4926
0.7 11.3119 44.4926
0.8 11.3119 44.4926
0.9 11.3119 44.4927
1 11.3119 44.4927
1.1 11.3119 44.4927
1.2 11.3119 44.4927
1.3 11.3119 44.4927
1.4 11.3119 44.4927
1.5 11.3118 44.4927
1.6 11.3118 44.4927
1.7 11.3118 44.4927
1.8 11.3118 44.4927
1.9 11.3118 44.4927
2 11.3118 44.4927
2.1 11.3118 44.4927
2.2 11.3118 44.4927
2.3 11.3118 44.4927
2.4 11.3118 44.4928
2.5 11.3118 44.4928
2.6 11.3118 44.4928
2.7 11.3118 44.4928
2.8 11.3118 44.4928
2.9 11.3118 44.4928
3 11.3118 44.4928
3.1 11.3118 44.4928
3.2 11.3118 44.4928
3.3 11.3118 44.4928
3.4 11.3118 44.4928
3.5 11.3118 44.4928
3.6 11.3118 44.4928
3.7 11.3118 44.4928
3.8 11.3118 44.4929
3.9 11.3118 44.4929
4 11.3118 44.4929
4.1 11.3118 44.4929
4.2 11.3118 44.4929
4.3 11.3118 44.4929
4.4 11.3118 44.4929
4.5 11.3118 44.4929
4.6 11.3118 44.4929
4.7 11.3118 44.4929
4.8 11.3118 44.4929
4.9 11.3118 44.4929
5 11.3118 44.4929
5.1 11.3118 44.4929
5.2 11.3118 44.4929
5.3 11.3118 44.493
5.4 11.3118 44.493
5.5 11.3118 44.493
5.6 11.3118 44.493
5.7 11.3118 44.493
5.8 11.3118 44.493
5.9 11.3118 44.493
6 11.3118 44.493
6.1 11.3118 44.493
6.2 11.3118 44.493
6.3 11.3118 44.493
6.4 11.3119 44.493
6.5 11.3119 44.493
6.6 11.3119 44.493
6.7 11.3119 44.493
6.8 11.3119 44.493
6.9 11.3119 44.493
7 11.3119 44.493
7.1 11.3119 44.493
7.2 11.3119 44.493
7.3 11.3119 44.493
7.4 11.3119 44.493
7.5 11.3119 44.493
7.6 11.312 44.493
7.7 11.312 44.493
7.8 11.312 44.493
7.9 11.312 44.493
8 11.312 44.493
8.1 11.312 44.493
8.2 11.312 44.493
8.3 11.312 44.493
8.4 11.312 44.493
8.5 11.312 44.493
8.6 11.3121 44.493
8.7 11.3121 44.493
8.8 11.3121 44.493
8.9 11.3121 44.493
9 11.3121 44.493
9.1 11.3121 44.493
9.2 11.3121 44.493
9.3 11.3121 44.493
9.4 11.3121 44.493
9.5 11.3121 44.493
9.6 11.3122 44.493
9.7 11.3122 44.493
9.8 11.3122 44.493
9.9 11.3122 44.493
10 11.3122 44.493
10.1 11.3122 44.493
10.2 11.3122 44.493
10.3 11.3122 44.493
10.4 11.3122 44.493
10.5 11.3122 44.493
10.6 11.3123 44.493
10.7 11.3123 44.493
10.8 11.3123 44.493
10.9 11.3123 44.493
11 11.3123 44.493
11.1 11.3123 44.493
11.2 11.3123 44.493
11.3 11.3123 44.493
11.4 11.3123 44.493
11.5 11.3123 44.493
11.6 11.3123 44.493
11.7 11.3124 44.493
11.8 11.3124 44.493
11.9 11.3124 44.493
12 11.3124 44.493
12.1 11.3124 44.493
12.2 11.3124 44.493
12.3 11.3124 44.493
12.4 11.3124 44.493
12.5 11.3124 44.493
12.6 11.3124 44.493
12.7 11.3125 44.493
12.8 11.3125 44.493
12.9 11.3125 44.493
13 11.3125 44.4931
13.1 11.3125 44.4931
13.2 11.3125 44.4931
13.3 11.3125 44.4931
13.4 11.3125 44.4931
13.5 11.3125 44.4931
13.6 11.3125 44.4931
13.7 11.3126 44.4931
13.8 11.3126 44.4931
13.9 11.3126 44.4931
14 11.3126 44.4931
14.1 11.3126 44.4931
14.2 11.3126 44.4931
14.3 11.3126 44.4931
14.4 11.3126 44.4931
14.5 11.3126 44.4931
14.6 11.3126 44.4931
14.7 11.3127 44.4931
14.8 11.3127 44.4931
14.9 11.3127 44.4931
15 11.3127 44.4931
15.1 11.3127 44.4931
15.2 11.3127 44.4931
15.3 11.3127 44.4931
15.4 11.3127 44.4931
15.5 11.3127 44.4931
15.6 11.3127 44.4931
15.7 11.3128 44.4931
15.8 11.3128 44.4931
15.9 11.3128 44.4931
16 11.3128 44.4931
16.1 11.3128 44.4931
16.2 11.3128 44.4931
16.3 11.3128 44.4931
16.4 11.3128 44.4931
16.5 11.3128 44.4931
16.6 11.3128 44.4931
16.7 11.3129 44.4931
16.8 11.3129 44.4931
16.9 11.3129 44.4931
17 11.3129 44.4931
17.1 11.3129 44.4931
17.2 11.3129 44.4931
17.3 11.3129 44.4931
17.4 11.3129 44.4931
17.5 11.3129 44.4931
17.6 11.3129 44.4931
17.7 11.313 44.4931
17.8 11.313 44.4931
17.9 11.313 44.4931
18 11.313 44.4931
18.1 11.313 44.4931
18.2 11.313 44.4931
18.3 11.313 44.4931
18.4 11.313 44.4931
18.5 11.313 44.4931
18.6 11.313 44.4931
18.7 11.3131 44.4931
18.8 11.3131 44.4931
18.9 11.3131 44.4931
19 11.3131 44.4931
19.1 11.3131 44.4931
19.2 11.3131 44.4931
19.3 11.3131 44.4931
19.4 11.3131 44.4931
19.5 11.3131 44.4931
19.6 11.3131 44.4931
19.7 11.3131 44.4931
19.8 11.3132 44.4931
19.9 11.3132 44.4931
20 11.3132 44.4931
20.1 11.3132 44.4931
20.2 11.3132 44.4931
20.3 11.3132 44.4931
20.4 11.3132 44.4931
20.5 11.3132 44.4931
20.6 11.3132 44.4931
20.7 11.3132 44.4931
20.8 11.3132 44.4931
20.9 11.3133 44.4931
21 11.3133 44.4931
21.1 11.3133 44.4931
21.2 11.3133 44.4931
21.3 11.3133 44.4931
21.4 11.3133 44.4931
21.5 11.3133 44.4931
21.6 11.3133 44.4931
21.7 11.3133 44.4931
21.8 11.3133 44.4931
21.9 11.3134 44.4931
22 11.3134 44.4931
22.1 11.3134 44.4931
22.2 11.3134 44.4931
22.3 11.3134 44.4931
22.4 11.3134 44.4931
22.5 11.3134 44.4931
22.6 11.3134 44.4931
22.7 11.3134 44.4931
22.8 11.3134 44.4931
22.9 11.3135 44.4931
23 11.3135 44.4931
23.1 11.3135 44.4931
23.2 11.3135 44.4931
23.3 11.3135 44.4931
23.4 11.3135 44.4931
23.5 11.3135 44.4931
23.6 11.3135 44.4931
23.7 11.3135 44.4931
23.8 11.3135 44.4931
23.9 11.3136 44.4931
24 11.3136 44.4931
24.1 11.3136 44.4931
24.2 11.3136 44.4931
24.3 11.3136 44.4931
24.4 11.3136 44.4931
24.5 11.3136 44.4931
24.6 11.3136 44.4931
24.7 11.3136 44.4931
24.8 11.3136 44.4931
24.9 11.3137 44.4931
25 11.3137 44.4931
25.1 11.3137 44.4931
25.2 11.3137 44.4931
25.3 11.3137 44.4931
25.4 11.3137 44.4931
25.5 11.3137 44.4931
25.6 11.3137 44.4931
25.7 11.3137 44.4931
25.8 11.3137 44.4931
25.9 11.3138 44.4932
26 11.3138 44.4932
26.1 11.3138 44.4932
26.2 11.3138 44.4932
26.3 11.3138 44.4932
26.4 11.3138 44.4932
26.5 11.3138 44.4932
26.6 11.3138 44.4932
26.7 11.3138 44.4932
26.8 11.3138 44.4932
26.9 11.3138 44.4932
27 11.3139 44.4932
27.1 11.3139 44.4932
27.2 11.3139 44.4932
27.3 11.3139 44.4932
27.4 11.3139 44.4932
27.5 11.3139 44.4932
27.6 11.3139 44.4932
27.7 11.3139 44.4932
27.8 11.3139 44.4932
27.9 11.3139 44.4932
28 11.314 44.4932
28.1 11.314 44.4932
28.2 11.314 44.4932
28.3 11.314 44.4932
28.4 11.314 44.4932
28.5 11.314 44.4932
28.6 11.314 44.4932
28.7 11.314 44.4932
28.8 11.314 44.4932
28.9 11.314 44.4932
29 11.3141 44.4932
29.1 11.3141 44.4932
29.2 11.3141 44.4932
29.3 11.3141 44.4932
29.4 11.3141 44.4932
29.5 11.3141 44.4932
29.6 11.3141 44.4932
29.7 11.3141 44.4932
29.8 11.3141 44.4932
29.9 11.3141 44.4932
30 11.3142 44.4932
30.1 11.3142 44.4932
30.2 11.3142 44.4932
30.3 11.3142 44.4932
30.4 11.3142 44.4932
30.5 11.3142 44.4932
30.6 11.3142 44.4932
30.7 11.3142 44.4932
30.8 11.3142 44.4932
30.9 11.3142 44.4932
31 11.3143 44.4932
31.1 11.3143 44.4932
31.2 11.3143 44.4932
31.3 11.3143 44.4932
31.4 11.3143 44.4932
31.5 11.3143 44.4932
31.6 11.3143 44.4932
31.7 11.3143 44.4932
31.8 11.3143 44.4932
31.9 11.3143 44.4932
32 11.3143 44.4932
32.1 11.3144 44.4932
32.2 11.3144 44.4932
32.3 11.3144 44.4932
32.4 11.3144 44.4932
32.5 11.3144 44.4932
32.6 11.3144 44.4932
32.7 11.3144 44.4932
32.8 11.3144 44.4932
32.9 11.3144 44.4932
33 11.3144 44.4932
33.1 11.3145 44.4932
33.2 11.3145 44.4932
33.3 11.3145 44.4932
33.4 11.3145 44.4932
33.5 11.3145 44.4932
33.6 11.3145 44.4932
33.7 11.3145 44.4932
33.8 11.3145 44.4932
33.9 11.3145 44.4932
34 11.3145 44.4932
34.1 11.3146 44.4932
34.2 11.3146 44.4932
34.3 11.3146 44.4932
34.4 11.3146 44.4932
34.5 11.3146 44.4932
34.6 11.3146 44.4932
34.7 11.3146 44.4932
34.8 11.3146 44.4932
34.9 11.3146 44.4932
35 11.3146 44.4932
35.1 11.3147 44.4932
35.2 11.3147 44.4932
35.3 11.3147 44.4932
35.4 11.3147 44.4932
35.5 11.3147 44.4932
35.6 11.3147 44.4932
35.7 11.3147 44.4932
35.8 11.3147 44.4932
35.9 11.3147 44.4932
36 11.3147 44.4932
36.1 11.3147 44.4932
36.2 11.3148 44.4932
36.3 11.3148 44.4932
36.4 11.3148 44.4932
36.5 11.3148 44.4932
36.6 11.3148 44.4932
36.7 11.3148 44.4932
36.8 11.3148 44.4932
36.9 11.3148 44.4932
37 11.3148 44.4932
37.1 11.3148 44.4932
37.2 11.3149 44.4932
37.3 11.3149 44.4932
37.4 11.3149 44.4932
37.5 11.3149 44.4932
37.6 11.3149 44.4932
37.7 11.3149 44.4932
37.8 11.3149 44.4932
37.9 11.3149 44.4932
38 11.3149 44.4932
38.1 11.3149 44.4932
38.2 11.3149 44.4932
38.3 11.315 44.4932
38.4 11.315 44.4932
38.5 11.315 44.4932
38.6 11.315 44.4932
38.7 11.315 44.4932
38.8 11.315 44.4932
38.9 11.315 44.4932
39 11.315 44.4932
39.1 11.315 44.4932
39.2 11.315 44.4932
39.3 11.3151 44.4932
39.4 11.3151 44.4932
39.5 11.3151 44.4932
39.6 11.3151 44.4932
39.7 11.3151 44.4932
39.8 11.3151 44.4932
39.9 11.3151 44.4932
40 11.3151 44.4932
40.1 11.3151 44.4932
40.2 11.3151 44.4932
40.3 11.3152 44.4932
40.4 11.3152 44.4933
40.5 11.3152 44.4933
40.6 11.3152 44.4933
40.7 11.3152 44.4933
40.8 11.3152 44.4933
40.9 11.3152 44.4933
41 11.3152 44.4933
41.1 11.3152 44.4933
41.2 11.3152 44.4933
41.3 11.3153 44.4933
41.4 11.3153 44.4933
41.5 11.3153 44.4933
41.6 11.3153 44.4933
41.7 11.3153 44.4933
41.8 11.3153 44.4933
41.9 11.3153 44.4933
42 11.3153 44.4933
42.1 11.3153 44.4933
42.2 11.3153 44.4933
42.3 11.3154 44.4933
42.4 11.3154 44.4933
42.5 11.3154 44.4933
42.6 11.3154 44.4933
42.7 11.3154 44.4933
42.8 11.3154 44.4933
42.9 11.3154 44.4933
43 11.3154 44.4933
43.1 11.3154 44.4933
43.2 11.3154 44.4933
43.3 11.3154 44.4933
43.4 11.3155 44.4933
43.5 11.3155 44.4933
43.6 11.3155 44.4933
43.7 11.3155 44.4933
43.8 11.3155 44.4933
43.9 11.3155 44.4933
44 11.3155 44.4933
44.1 11.3155 44.4933
44.2 11.3155 44.4933
44.3 11.3155 44.4933
44.4 11.3156 44.4933
44.5 11.3156 44.4933
44.6 11.3156 44.4933
44.7 11.3156 44.4933
44.8 11.3156 44.4933
44.9 11.3156 44.4933
45 11.3156 44.4933
45.1 11.3156 44.4933
45.2 11.3156 44.4933
45.3 11.3156 44.4933
45.4 11.3156 44.4933
45.5 11.3157 44.4933
45.6 11.3157 44.4933
45.7 11.3157 44.4933
45.8 11.3157 44.4933
45.9 11.3157 44.4933
46 11.3157 44.4933
46.1 11.3157 44.4933
46.2 11.3157 44.4933
46.3 11.3157 44.4933
46.4 11.3157 44.4933
46.5 11.3157 44.4933
46.6 11.3157 44.4933
46.7 11.3157 44.4933
46.8 11.3157 44.4933
46.9 11.3157 44.4933
47 11.3157 44.4933
47.1 11.3157 44.4932
47.2 11.3157 44.4932
47.3 11.3157 44.4932
47.4 11.3157 44.4932
47.5 11.3157 44.4932
47.6 11.3157 44.4932
47.7 11.3157 44.4932
47.8 11.3157 44.4932
47.9 11.3157 44.4932
48 11.3157 44.4932
48.1 11.3157 44.4932
48.2 11.3157 44.4932
48.3 11.3157 44.4932
48.4 11.3157 44.4932
48.5 11.3157 44.4932
48.6 11.3157 44.4931
48.7 11.3157 44.4931
48.8 11.3157 44.4931
48.9 11.3157 44.4931
49 11.3157 44.4931
49.1 11.3157 44.4931
49.2 11.3157 44.4931
49.3 11.3157 44.4931
49.4 11.3157 44.4931
49.5 11.3157 44.4931
49.6 11.3157 44.4931
49.7 11.3157 44.4931
49.8 11.3157 44.4931
49.9 11.3157 44.4931
50 11.3157 44.493
50.1 11.3157 44.493
50.2 11.3157 44.493
50.3 11.3157 44.493
50.4 11.3157 44.493
50.5 11.3157 44.493
50.6 11.3157 44.493
50.7 11.3157 44.493
50.8 11.3157 44.493
50.9 11.3157 44.493
51 11.3157 44.493
51.1 11.3157 44.493
51.2 11.3157 44.493
51.3 11.3157 44.493
51.4 11.3157 44.493
51.5 11.3157 44.4929
51.6 11.3157 44.4929
51.7 11.3157 44.4929
51.8 11.3157 44.4929
51.9 11.3157 44.4929
52 11.3157 44.4929
52.1 11.3157 44.4929
52.2 11.3157 44.4929
52.3 11.3157 44.4929
52.4 11.3157 44.4929
52.5 11.3157 44.4929
52.6 11.3157 44.4929
52.7 11.3157 44.4929
52.8 11.3157 44.4929
52.9 11.3157 44.4928
53 11.3157 44.4928
53.1 11.3157 44.4928
53.2 11.3157 44.4928
53.3 11.3157 44.4928
53.4 11.3157 44.4928
53.5 11.3157 44.4928
53.6 11.3157 44.4928
53.7 11.3157 44.4928
53.8 11.3157 44.4928
53.9 11.3157 44.4928
54 11.3157 44.4928
54.1 11.3157 44.4928
54.2 11.3157 44.4928
54.3 11.3157 44.4927
54.4 11.3157 44.4927
54.5 11.3157 44.4927
54.6 11.3157 44.4927
54.7 11.3157 44.4927
54.8 11.3157 44.4927
54.9 11.3157 44.4927
55 11.3157 44.4927
55.1 11.3157 44.4927
55.2 11.3157 44.4927
55.3 11.3157 44.4927
55.4 11.3157 44.4927
55.5 11.3157 44.4927
55.6 11.3157 44.4927
55.7 11.3157 44.4926
55.8 11.3157 44.4926
55.9 11.3157 44.4926
56 11.3157 44.4926
56.1 11.3157 44.4926
56.2 11.3157 44.4926
56.3 11.3157 44.4926
56.4 11.3157 44.4926
56.5 11.3157 44.4926
56.6 11.3157 44.4926
56.7 11.3157 44.4926
56.8 11.3157 44.4926
56.9 11.3157 44.4926
57 11.3157 44.4926
57.1 11.3157 44.4925
57.2 11.3157 44.4925
57.3 11.3157 44.4925
57.4 11.3157 44.4925
57.5 11.3157 44.4925
57.6 11.3157 44.4925
57.7 11.3157 44.4925
57.8 11.3157 44.4925
57.9 11.3157 44.4925
58 11.3157 44.4925
58.1 11.3157 44.4925
58.2 11.3157 44.4925
58.3 11.3157 44.4925
58.4 11.3157 44.4925
58.5 11.3157 44.4924
58.6 11.3157 44.4924
58.7 11.3157 44.4924
58.8 11.3157 44.4924
58.9 11.3157 44.4924
59 11.3157 44.4924
59.1 11.3157 44.4924
59.2 11.3157 44.4924
59.3 11.3157 44.4924
59.4 11.3157 44.4924
59.5 11.3157 44.4924
59.6 11.3157 44.4924
59.7 11.3157 44.4924
59.8 11.3157 44.4924
59.9 11.3157 44.4923
60 11.3157 44.4923
60.1 11.3157 44.4923
60.2 11.3157 44.4923
60.3 11.3157 44.4923
60.4 11.3157 44.4923
60.5 11.3157 44.4923
60.6 11.3157 44.4923
60.7 11.3157 44.4923
60.8 11.3157 44.4923
60.9 11.3157 44.4923
61 11.3157 44.4923
61.1 11.3157 44.4923
61.2 11.3157 44.4923
61.3 11.3157 44.4922
61.4 11.3157 44.4922
61.5 11.3157 44.4922
61.6 11.3157 44.4922
61.7 11.3157 44.4922
61.8 11.3157 44.4922
61.9 11.3157 44.4922
62 11.3157 44.4922
62.1 11.3157 44.4922
62.2 11.3157 44.4922
62.3 11.3157 44.4922
62.4 11.3157 44.4922
62.5 11.3157 44.4922
62.6 11.3157 44.4922
62.7 11.3157 44.4922
62.8 11.3157 44.4921
62.9 11.3157 44.4921
63 11.3157 44.4921
63.1 11.3157 44.4921
63.2 11.3157 44.4921
63.3 11.3157 44.4921
63.4 11.3157 44.4921
63.5 11.3157 44.4921
63.6 11.3157 44.4921
63.7 11.3157 44.4921
63.8 11.3157 44.4921
63.9 11.3157 44.4921
64 11.3158 44.4921
64.1 11.3158 44.4921
64.2 11.3158 44.4921
64.3 11.3158 44.4921
64.4 11.3158 44.4921
64.5 11.3158 44.4921
64.6 11.3158 44.4921
64.7 11.3158 44.4921
64.8 11.3158 44.4921
64.9 11.3158 44.4921
65 11.3158 44.4921
65.1 11.3158 44.4921
65.2 11.3158 44.4921
65.3 11.3159 44.4921
65.4 11.3159 44.4921
65.5 11.3159 44.4921
65.6 11.3159 44.4921
65.7 11.3159 44.4921
65.8 11.3159 44.4921
65.9 11.3159 44.4921
66 11.3159 44.4921
66.1 11.3159 44.4921
66.2 11.316 44.4921
66.3 11.316 44.4921
66.4 11.316 44.4921
66.5 11.316 44.4921
66.6 11.316 44.4921
66.7 11.316 44.4921
66.8 11.316 44.4921
66.9 11.316 44.4921
67 11.3161 44.4921
67.1 11.3161 44.4921
67.2 11.3161 44.4921
67.3 11.3161 44.4921
67.4 11.3161 44.4921
67.5 11.3161 44.4921
67.6 11.3162 44.4921
67.7 11.3162 44.4921
67.8 11.3162 44.4921
67.9 11.3162 44.4921
68 11.3162 44.4921
68.1 11.3162 44.4921
68.2 11.3162 44.4921
68.3 11.3163 44.4921
68.4 11.3163 44.4921
68.5 11.3163 44.4921
68.6 11.3163 44.4921
68.7 11.3163 44.4921
68.8 11.3163 44.4921
68.9 11.3164 44.4921
69 11.3164 44.4921
69.1 11.3164 44.4921
69.2 11.3164 44.4921
69.3 11.3164 44.4921
69.4 11.3164 44.4921
69.5 11.3165 44.4921
69.6 11.3165 44.492
69.7 11.3165 44.492
69.8 11.3165 44.492
69.9 11.3165 44.492
70 11.3165 44.492
70.1 11.3166 44.492
70.2 11.3166 44.492
70.3 11.3166 44.492
70.4 11.3166 44.492
70.5 11.3166 44.492
70.6 11.3166 44.492
70.7 11.3167 44.492
70.8 11.3167 44.492
70.9 11.3167 44.492
71 11.3167 44.492
71.1 11.3167 44.492
71.2 11.3167 44.492
71.3 11.3168 44.492
71.4 11.3168 44.492
71.5 11.3168 44.492
71.6 11.3168 44.492
71.7 11.3168 44.492
71.8 11.3168 44.492
71.9 11.3168 44.492
72 11.3169 44.492
72.1 11.3169 44.492
72.2 11.3169 44.492
72.3 11.3169 44.492
72.4 11.3169 44.492
72.5 11.3169 44.4919
72.6 11.317 44.4919
72.7 11.317 44.4919
72.8 11.317 44.4919
72.9 11.317 44.4919
73 11.317 44.4919
73.1 11.317 44.4919
73.2 11.317 44.4919
73.3 11.3171 44.4919
73.4 11.3171 44.4919
73.5 11.3171 44.4919
73.6 11.3171 44.4919
73.7 11.3171 44.4919
73.8 11.3171 44.4919
73.9 11.3172 44.4919
74 11.3172 44.4919
74.1 11.3172 44.4919
74.2 11.3172 44.4919
74.3 11.3172 44.4919
74.4 11.3172 44.4919
74.5 11.3173 44.4919
74.6 11.3173 44.4919
74.7 11.3173 44.4919
74.8 11.3173 44.4919
74.9 11.3173 44.4919
75 11.3173 44.4918
75.1 11.3173 44.4918
75.2 11.3174 44.4918
75.3 11.3174 44.4918
75.4 11.3174 44.4918
75.5 11.3174 44.4918
75.6 11.3174 44.4918
75.7 11.3174 44.4918
75.8 11.3175 44.4918
75.9 11.3175 44.4918
76 11.3175 44.4918
76.1 11.3175 44.4918
76.2 11.3175 44.4918
76.3 11.3175 44.4918
76.4 11.3176 44.4918
76.5 11.3176 44.4918
76.6 11.3176 44.4918
76.7 11.3176 44.4918
76.8 11.3176 44.4918
76.9 11.3176 44.4918
77 11.3176 44.4918
77.1 11.3177 44.4918
77.2 11.3177 44.4918
77.3 11.3177 44.4918
77.4 11.3177 44.4918
77.5 11.3177 44.4918
77.6 11.3177 44.4917
77.7 11.3178 44.4917
77.8 11.3178 44.4917
77.9 11.3178 44.4917
78 11.3178 44.4917
78.1 11.3178 44.4917
78.2 11.3178 44.4917
78.3 11.3179 44.4917
78.4 11.3179 44.4917
78.5 11.3179 44.4917
78.6 11.3179 44.4917
78.7 11.3179 44.4917
78.8 11.3179 44.4917
78.9 11.3179 44.4917
79 11.318 44.4917
79.1 11.318 44.4917
79.2 11.318 44.4917
79.3 11.318 44.4917
79.4 11.318 44.4917
79.5 11.318 44.4917
79.6 11.3181 44.4917
79.7 11.3181 44.4917
79.8 11.3181 44.4917
79.9 11.3181 44.4917
80 11.3181 44.4917
80.1 11.3181 44.4917
80.2 11.3182 44.4916
80.3 11.3182 44.4916
80.4 11.3182 44.4916
80.5 11.3182 44.4916
80.6 11.3182 44.4916
80.7 11.3182 44.4916
80.8 11.3182 44.4916
80.9 11.3183 44.4916
81 11.3183 44.4916
81.1 11.3183 44.4916
81.2 11.3183 44.4916
81.3 11.3183 44.4916
81.4 11.3183 44.4916
81.5 11.3184 44.4916
81.6 11.3184 44.4916
81.7 11.3184 44.4916
81.8 11.3184 44.4916
81.9 11.3184 44.4916
82 11.3184 44.4916
82.1 11.3184 44.4916
82.2 11.3184 44.4916
82.3 11.3184 44.4916
82.4 11.3184 44.4916
82.5 11.3185 44.4916
82.6 11.3185 44.4916
82.7 11.3185 44.4916
82.8 11.3185 44.4916
82.9 11.3185 44.4916
83 11.3185 44.4916
83.1 11.3185 44.4916
83.2 11.3185 44.4916
83.3 11.3185 44.4916
83.4 11.3185 44.4916
83.5 11.3185 44.4916
83.6 11.3185 44.4916
83.7 11.3185 44.4916
83.8 11.3185 44.4916
83.9 11.3185 44.4916
84 11.3185 44.4916
84.1 11.3185 44.4916
84.2 11.3185 44.4916
84.3 11.3185 44.4916
84.4 11.3185 44.4916
84.5 11.3185 44.4916
84.6 11.3185 44.4916
84.7 11.3185 44.4916
84.8 11.3185 44.4916
84.9 11.3185 44.4916
85 11.3185 44.4916
85.1 11.3185 44.4916
85.2 11.3185 44.4916
85.3 11.3185 44.4916
85.4 11.3185 44.4916
85.5 11.3185 44.4916
85.6 11.3185 44.4916
85.7 11.3185 44.4916
85.8 11.3185 44.4916
85.9 11.3185 44.4916
86 11.3185 44.4916
86.1 11.3185 44.4916
86.2 11.3184 44.4916
86.3 11.3184 44.4916
86.4 11.3184 44.4916
86.5 11.3184 44.4916
86.6 11.3184 44.4916
86.7 11.3184 44.4916
86.8 11.3184 44.4916
86.9 11.3184 44.4916
87 11.3184 44.4916
87.1 11.3184 44.4916
87.2 11.3184 44.4916
87.3 11.3184 44.4916
87.4 11.3183 44.4916
87.5 11.3183 44.4916
87.6 11.3183 44.4916
87.7 11.3183 44.4916
87.8 11.3183 44.4916
87.9 11.3183 44.4916
88 11.3183 44.4916
88.1 11.3183 44.4917
88.2 11.3183 44.4917
88.3 11.3182 44.4917
88.4 11.3182 44.4917
88.5 11.3182 44.4917
88.6 11.3182 44.4917
88.7 11.3182 44.4917
88.8 11.3182 44.4917
88.9 11.3182 44.4917
89 11.3181 44.4917
89.1 11.3181 44.4917
89.2 11.3181 44.4917
89.3 11.3181 44.4917
89.4 11.3181 44.4917
89.5 11.3181 44.4917
89.6 11.3181 44.4917
89.7 11.3181 44.4917
89.8 11.318 44.4917
89.9 11.318 44.4917
