0 11.3179 44.4918
0.1 11.3179 44.4918
0.2 11.3179 44.4918
0.3 11.3179 44.4918
0.4 11.3179 44.4918
0.5 11.3179 44.4918
0.6 11.318 44.4918
0.7 11.318 44.4918
0.8 11.318 44.4918
0.9 11.318 44.4918
1 11.318 44.4919
1.1 11.318 44.4919
1.2 11.318 44.4919
1.3 11.318 44.4919
1.4 11.318 44.4919
1.5 11.318 44.4919
1.6 11.318 44.4919
1.7 11.318 44.4919
1.8 11.318 44.4919
1.9 11.318 44.4919
2 11.318 44.4919
2.1 11.318 44.4919
2.2 11.318 44.492
2.3 11.318 44.492
2.4 11.318 44.492
2.5 11.318 44.492
2.6 11.318 44.492
2.7 11.318 44.492
2.8 11.318 44.492
2.9 11.318 44.492
3 11.318 44.492
3.1 11.3181 44.492
3.2 11.3181 44.492
3.3 11.3181 44.492
3.4 11.3181 44.492
3.5 11.3181 44.4921
3.6 11.3181 44.4921
3.7 11.3181 44.4921
3.8 11.3181 44.4921
3.9 11.3181 44.4921
4 11.3181 44.4921
4.1 11.3181 44.4921
4.2 11.3181 44.4921
4.3 11.3181 44.4921
4.4 11.3181 44.4921
4.5 11.3181 44.4921
4.6 11.3181 44.4921
4.7 11.3181 44.4922
4.8 11.3181 44.4922
4.9 11.3181 44.4922
5 11.3181 44.4922
5.1 11.3181 44.4922
5.2 11.3181 44.4922
5.3 11.3181 44.4922
5.4 11.3181 44.4922
5.5 11.3181 44.4922
5.6 11.3182 44.4922
5.7 11.3182 44.4922
5.8 11.3182 44.4922
5.9 11.3182 44.4923
6 11.3182 44.4923
6.1 11.3182 44.4923
6.2 11.3182 44.4923
6.3 11.3182 44.4923
6.4 11.3182 44.4923
6.5 11.3182 44.4923
6.6 11.3182 44.4923
6.7 11.3182 44.4923
6.8 11.3182 44.4923
6.9 11.3182 44.4923
7 11.3182 44.4923
7.1 11.3182 44.4924
7.2 11.3182 44.4924
7.3 11.3182 44.4924
7.4 11.3182 44.4924
7.5 11.3182 44.4924
7.6 11.3182 44.4924
7.7 11.3182 44.4924
7.8 11.3182 44.4924
7.9 11.3182 44.4924
8 11.3182 44.4924
8.1 11.3183 44.4924
8.2 11.3183 44.4924
8.3 11.3183 44.4924
8.4 11.3183 44.4925
8.5 11.3183 44.4925
8.6 11.3183 44.4925
8.7 11.3183 44.4925
8.8 11.3183 44.4925
8.9 11.3183 44.4925
9 11.3183 44.4925
9.1 11.3183 44.4925
9.2 11.3183 44.4925
9.3 11.3183 44.4925
9.4 11.3183 44.4925
9.5 11.3183 44.4925
9.6 11.3183 44.4926
9.7 11.3183 44.4926
9.8 11.3183 44.4926
9.9 11.3183 44.4926
10 11.3183 44.4926
10.1 11.3183 44.4926
10.2 11.3183 44.4926
10.3 11.3183 44.4926
10.4 11.3183 44.4926
10.5 11.3183 44.4926
10.6 11.3184 44.4926
10.7 11.3184 44.4926
10.8 11.3184 44.4927
10.9 11.3184 44.4927
11 11.3184 44.4927
11.1 11.3184 44.4927
11.2 11.3184 44.4927
11.3 11.3184 44.4927
11.4 11.3184 44.4927
11.5 11.3184 44.4927
11.6 11.3184 44.4927
11.7 11.3184 44.4927
11.8 11.3184 44.4927
11.9 11.3184 44.4927
12 11.3184 44.4927
12.1 11.3184 44.4928
12.2 11.3184 44.4928
12.3 11.3184 44.4928
12.4 11.3184 44.4928
12.5 11.3184 44.4928
12.6 11.3184 44.4928
12.7 11.3184 44.4928
12.8 11.3184 44.4928
12.9 11.3184 44.4928
13 11.3184 44.4928
13.1 11.3185 44.4928
13.2 11.3185 44.4928
13.3 11.3185 44.4929
13.4 11.3185 44.4929
13.5 11.3185 44.4929
13.6 11.3185 44.4929
13.7 11.3185 44.4929
13.8 11.3185 44.4929
13.9 11.3185 44.4929
14 11.3185 44.4929
14.1 11.3185 44.4929
14.2 11.3185 44.4929
14.3 11.3185 44.4929
14.4 11.3185 44.4929
14.5 11.3185 44.493
14.6 11.3185 44.493
14.7 11.3185 44.493
14.8 11.3185 44.493
14.9 11.3185 44.493
15 11.3185 44.493
15.1 11.3185 44.493
15.2 11.3185 44.493
15.3 11.3185 44.493
15.4 11.3185 44.493
15.5 11.3185 44.493
15.6 11.3186 44.493
15.7 11.3186 44.493
15.8 11.3186 44.4931
15.9 11.3186 44.4931
16 11.3186 44.4931
16.1 11.3186 44.4931
16.2 11.3186 44.4931
16.3 11.3186 44.4931
16.4 11.3186 44.4931
16.5 11.3186 44.4931
16.6 11.3186 44.4931
16.7 11.3186 44.4931
16.8 11.3186 44.4931
16.9 11.3186 44.4931
17 11.3186 44.4932
17.1 11.3186 44.4932
17.2 11.3186 44.4932
17.3 11.3186 44.4932
17.4 11.3186 44.4932
17.5 11.3186 44.4932
17.6 11.3186 44.4932
17.7 11.3186 44.4932
17.8 11.3186 44.4932
17.9 11.3186 44.4932
18 11.3186 44.4932
18.1 11.3187 44.4932
18.2 11.3187 44.4932
18.3 11.3187 44.4933
18.4 11.3187 44.4933
18.5 11.3187 44.4933
18.6 11.3187 44.4933
18.7 11.3187 44.4933
18.8 11.3187 44.4933
18.9 11.3187 44.4933
19 11.3187 44.4933
19.1 11.3187 44.4933
19.2 11.3187 44.4933
19.3 11.3187 44.4933
19.4 11.3187 44.4933
19.5 11.3187 44.4933
19.6 11.3187 44.4933
19.7 11.3187 44.4934
19.8 11.3187 44.4934
19.9 11.3187 44.4934
20 11.3187 44.4934
20.1 11.3187 44.4934
20.2 11.3187 44.4934
20.3 11.3187 44.4934
20.4 11.3187 44.4934
20.5 11.3187 44.4934
20.6 11.3187 44.4934
20.7 11.3187 44.4934
20.8 11.3187 44.4934
20.9 11.3187 44.4934
21 11.3188 44.4934
21.1 11.3188 44.4934
21.2 11.3188 44.4935
21.3 11.3188 44.4935
21.4 11.3188 44.4935
21.5 11.3188 44.4935
21.6 11.3188 44.4935
21.7 11.3188 44.4935
21.8 11.3188 44.4935
21.9 11.3188 44.4935
22 11.3188 44.4935
22.1 11.3188 44.4935
22.2 11.3188 44.4935
22.3 11.3188 44.4935
22.4 11.3188 44.4935
22.5 11.3188 44.4935
22.6 11.3187 44.4935
22.7 11.3187 44.4935
22.8 11.3187 44.4935
22.9 11.3187 44.4935
23 11.3187 44.4935
23.1 11.3187 44.4935
23.2 11.3187 44.4935
23.3 11.3187 44.4936
23.4 11.3187 44.4936
23.5 11.3187 44.4936
23.6 11.3186 44.4936
23.7 11.3186 44.4936
23.8 11.3186 44.4936
23.9 11.3186 44.4936
24 11.3186 44.4936
24.1 11.3186 44.4936
24.2 11.3186 44.4936
24.3 11.3186 44.4936
24.4 11.3186 44.4936
24.5 11.3185 44.4936
24.6 11.3185 44.4936
24.7 11.3185 44.4936
24.8 11.3185 44.4936
24.9 11.3185 44.4936
25 11.3185 44.4936
25.1 11.3185 44.4936
25.2 11.3185 44.4936
25.3 11.3185 44.4936
25.4 11.3184 44.4936
25.5 11.3184 44.4936
25.6 11.3184 44.4936
25.7 11.3184 44.4936
25.8 11.3184 44.4936
25.9 11.3184 44.4936
26 11.3184 44.4936
26.1 11.3184 44.4936
26.2 11.3184 44.4936
26.3 11.3183 44.4936
26.4 11.3183 44.4936
26.5 11.3183 44.4937
26.6 11.3183 44.4937
26.7 11.3183 44.4937
26.8 11.3183 44.4937
26.9 11.3183 44.4937
27 11.3183 44.4937
27.1 11.3183 44.4937
27.2 11.3182 44.4937
27.3 11.3182 44.4937
27.4 11.3182 44.4937
27.5 11.3182 44.4937
27.6 11.3182 44.4937
27.7 11.3182 44.4937
27.8 11.3182 44.4937
27.9 11.3182 44.4937
28 11.3182 44.4937
28.1 11.3181 44.4937
28.2 11.3181 44.4937
28.3 11.3181 44.4937
28.4 11.3181 44.4937
28.5 11.3181 44.4937
28.6 11.3181 44.4937
28.7 11.3181 44.4937
28.8 11.3181 44.4937
28.9 11.3181 44.4937
29 11.318 44.4937
29.1 11.318 44.4937
29.2 11.318 44.4937
29.3 11.318 44.4937
29.4 11.318 44.4937
29.5 11.318 44.4937
29.6 11.318 44.4937
29.7 11.318 44.4938
29.8 11.3179 44.4938
29.9 11.3179 44.4938
30 11.3179 44.4938
30.1 11.3179 44.4938
30.2 11.3179 44.4938
30.3 11.3179 44.4938
30.4 11.3179 44.4938
30.5 11.3179 44.4938
30.6 11.3179 44.4938
30.7 11.3179 44.4938
30.8 11.3179 44.4938
30.9 11.3179 44.4938
31 11.3179 44.4939
31.1 11.3179 44.4939
31.2 11.3179 44.4939
31.3 11.3179 44.4939
31.4 11.3179 44.4939
31.5 11.3179 44.4939
31.6 11.3179 44.4939
31.7 11.3179 44.4939
31.8 11.3179 44.4939
31.9 11.3179 44.4939
32 11.3179 44.4939
32.1 11.3179 44.4939
32.2 11.3179 44.494
32.3 11.3179 44.494
32.4 11.3179 44.494
32.5 11.3179 44.494
32.6 11.3179 44.494
32.7 11.3179 44.494
32.8 11.3179 44.494
32.9 11.3179 44.494
33 11.3179 44.494
33.1 11.3179 44.494
33.2 11.3179 44.494
33.3 11.3179 44.4941
33.4 11.3179 44.4941
33.5 11.3179 44.4941
33.6 11.3179 44.4941
33.7 11.3179 44.4941
33.8 11.3179 44.4941
33.9 11.3179 44.4941
34 11.3179 44.4941
34.1 11.3179 44.4941
34.2 11.3179 44.4941
34.3 11.3179 44.4941
34.4 11.3179 44.4941
34.5 11.3179 44.4942
34.6 11.3179 44.4942
34.7 11.3179 44.4942
34.8 11.3179 44.4942
34.9 11.3179 44.4942
35 11.3179 44.4942
35.1 11.3179 44.4942
35.2 11.3179 44.4942
35.3 11.3179 44.4942
35.4 11.3179 44.4942
35.5 11.3179 44.4942
35.6 11.3179 44.4942
35.7 11.3179 44.4943
35.8 11.3179 44.4943
35.9 11.3179 44.4943
36 11.3179 44.4943
36.1 11.3179 44.4943
36.2 11.3179 44.4943
36.3 11.3179 44.4943
36.4 11.3179 44.4943
36.5 11.3179 44.4943
36.6 11.3179 44.4943
36.7 11.3179 44.4943
36.8 11.3179 44.4944
36.9 11.3179 44.4944
37 11.3179 44.4944
37.1 11.3179 44.4944
37.2 11.3179 44.4944
37.3 11.3179 44.4944
37.4 11.3179 44.4944
37.5 11.3179 44.4944
37.6 11.3179 44.4944
37.7 11.3179 44.4944
37.8 11.3179 44.4944
37.9 11.3179 44.4944
38 11.3179 44.4945
38.1 11.3179 44.4945
38.2 11.3179 44.4945
38.3 11.3179 44.4945
38.4 11.3179 44.4945
38.5 11.3179 44.4945
38.6 11.3179 44.4945
38.7 11.3179 44.4945
38.8 11.3179 44.4945
38.9 11.3179 44.4945
39 11.3179 44.4945
39.1 11.3179 44.4945
39.2 11.3179 44.4946
39.3 11.3179 44.4946
39.4 11.3179 44.4946
39.5 11.3179 44.4946
39.6 11.3179 44.4946
39.7 11.3179 44.4946
39.8 11.3179 44.4946
39.9 11.3179 44.4946
40 11.3179 44.4946
40.1 11.3179 44.4946
40.2 11.3179 44.4946
40.3 11.3179 44.4947
40.4 11.3179 44.4947
40.5 11.3179 44.4947
40.6 11.3179 44.4947
40.7 11.3179 44.4947
40.8 11.3179 44.4947
40.9 11.3179 44.4947
41 11.3179 44.4947
41.1 11.3179 44.4947
41.2 11.3179 44.4947
41.3 11.3179 44.4947
41.4 11.3179 44.4947
41.5 11.3179 44.4948
41.6 11.3179 44.4948
41.7 11.3179 44.4948
41.8 11.3179 44.4948
41.9 11.3179 44.4948
42 11.3179 44.4948
42.1 11.3179 44.4948
42.2 11.3179 44.4948
42.3 11.3179 44.4948
42.4 11.3179 44.4948
42.5 11.3179 44.4948
42.6 11.3179 44.4948
42.7 11.3179 44.4949
42.8 11.3179 44.4949
42.9 11.3179 44.4949
43 11.3179 44.4949
43.1 11.3179 44.4949
43.2 11.3179 44.4949
43.3 11.3179 44.4949
43.4 11.3179 44.4949
43.5 11.3179 44.4949
43.6 11.3179 44.4949
43.7 11.3179 44.4949
43.8 11.3179 44.495
43.9 11.3179 44.495
44 11.3179 44.495
44.1 11.3179 44.495
44.2 11.3179 44.495
44.3 11.3179 44.495
44.4 11.3179 44.495
44.5 11.3179 44.495
44.6 11.3179 44.495
44.7 11.3179 44.495
44.8 11.3179 44.495
44.9 11.3179 44.495
45 11.3179 44.4951
45.1 11.3179 44.4951
45.2 11.3179 44.4951
45.3 11.3179 44.4951
45.4 11.3179 44.4951
45.5 11.3179 44.4951
45.6 11.3179 44.4951
45.7 11.3179 44.4951
45.8 11.3179 44.4951
45.9 11.3179 44.4951
46 11.3179 44.4951
46.1 11.3179 44.4951
46.2 11.3179 44.4952
46.3 11.3179 44.4952
46.4 11.3179 44.4952
46.5 11.3179 44.4952
46.6 11.3179 44.4952
46.7 11.3179 44.4952
46.8 11.318 44.4952
46.9 11.318 44.4952
47 11.318 44.4952
47.1 11.318 44.4952
47.2 11.318 44.4952
47.3 11.318 44.4952
47.4 11.318 44.4952
47.5 11.318 44.4952
47.6 11.318 44.4952
47.7 11.318 44.4952
47.8 11.318 44.4952
47.9 11.3181 44.4952
48 11.3181 44.4952
48.1 11.3181 44.4952
48.2 11.3181 44.4952
48.3 11.3181 44.4952
48.4 11.3181 44.4952
48.5 11.3181 44.4952
48.6 11.3181 44.4952
48.7 11.3182 44.4952
48.8 11.3182 44.4952
48.9 11.3182 44.4952
49 11.3182 44.4952
49.1 11.3182 44.4952
49.2 11.3182 44.4952
49.3 11.3182 44.4952
49.4 11.3182 44.4952
49.5 11.3183 44.4952
49.6 11.3183 44.4952
49.7 11.3183 44.4952
49.8 11.3183 44.4952
49.9 11.3183 44.4952
50 11.3183 44.4952
50.1 11.3184 44.4952
50.2 11.3184 44.4952
50.3 11.3184 44.4952
50.4 11.3184 44.4952
50.5 11.3184 44.4952
50.6 11.3184 44.4952
50.7 11.3185 44.4952
50.8 11.3185 44.4952
50.9 11.3185 44.4952
51 11.3185 44.4952
51.1 11.3185 44.4952
51.2 11.3186 44.4952
51.3 11.3186 44.4952
51.4 11.3186 44.4953
51.5 11.3186 44.4953
51.6 11.3186 44.4953
51.7 11.3186 44.4953
51.8 11.3187 44.4953
51.9 11.3187 44.4953
52 11.3187 44.4953
52.1 11.3187 44.4953
52.2 11.3188 44.4953
52.3 11.3188 44.4953
52.4 11.3188 44.4953
52.5 11.3188 44.4953
52.6 11.3188 44.4953
52.7 11.3189 44.4953
52.8 11.3189 44.4953
52.9 11.3189 44.4953
53 11.3189 44.4953
53.1 11.319 44.4953
53.2 11.319 44.4953
53.3 11.319 44.4953
53.4 11.319 44.4953
53.5 11.319 44.4953
53.6 11.3191 44.4953
53.7 11.3191 44.4953
53.8 11.3191 44.4953
53.9 11.3191 44.4953
54 11.3191 44.4953
54.1 11.3191 44.4953
54.2 11.3191 44.4953
54.3 11.3192 44.4953
54.4 11.3192 44.4953
54.5 11.3192 44.4953
54.6 11.3192 44.4953
54.7 11.3192 44.4953
54.8 11.3192 44.4953
54.9 11.3192 44.4953
55 11.3192 44.4953
55.1 11.3193 44.4953
55.2 11.3193 44.4953
55.3 11.3193 44.4953
55.4 11.3193 44.4953
55.5 11.3193 44.4953
55.6 11.3193 44.4953
55.7 11.3193 44.4953
55.8 11.3193 44.4953
55.9 11.3193 44.4953
56 11.3193 44.4953
56.1 11.3193 44.4953
56.2 11.3193 44.4953
56.3 11.3193 44.4953
56.4 11.3193 44.4954
56.5 11.3193 44.4954
56.6 11.3193 44.4954
56.7 11.3193 44.4954
56.8 11.3193 44.4954
56.9 11.3193 44.4954
57 11.3193 44.4954
57.1 11.3193 44.4954
57.2 11.3193 44.4954
57.3 11.3193 44.4954
57.4 11.3193 44.4954
57.5 11.3193 44.4954
57.6 11.3193 44.4955
57.7 11.3193 44.4955
57.8 11.3193 44.4955
57.9 11.3193 44.4955
58 11.3193 44.4955
58.1 11.3193 44.4955
58.2 11.3193 44.4955
58.3 11.3193 44.4955
58.4 11.3193 44.4955
58.5 11.3193 44.4955
58.6 11.3193 44.4956
58.7 11.3193 44.4956
58.8 11.3193 44.4956
58.9 11.3193 44.4956
59 11.3193 44.4956
59.1 11.3193 44.4956
59.2 11.3193 44.4956
59.3 11.3193 44.4956
59.4 11.3193 44.4956
59.5 11.3193 44.4957
59.6 11.3193 44.4957
59.7 11.3193 44.4957
59.8 11.3193 44.4957
59.9 11.3193 44.4957
60 11.3193 44.4957
60.1 11.3193 44.4957
60.2 11.3193 44.4957
60.3 11.3193 44.4958
60.4 11.3193 44.4958
60.5 11.3193 44.4958
60.6 11.3193 44.4958
60.7 11.3193 44.4958
60.8 11.3193 44.4958
60.9 11.3193 44.4958
61 11.3193 44.4959
61.1 11.3193 44.4959
61.2 11.3194 44.4959
61.3 11.3194 44.4959
61.4 11.3194 44.4959
61.5 11.3194 44.4959
61.6 11.3194 44.4959
61.7 11.3194 44.496
61.8 11.3194 44.496
61.9 11.3194 44.496
62 11.3194 44.496
62.1 11.3194 44.496
62.2 11.3194 44.496
62.3 11.3194 44.496
62.4 11.3194 44.496
62.5 11.3194 44.4961
62.6 11.3194 44.4961
62.7 11.3194 44.4961
62.8 11.3194 44.4961
62.9 11.3194 44.4961
63 11.3194 44.4961
63.1 11.3194 44.4961
63.2 11.3194 44.4961
63.3 11.3194 44.4961
63.4 11.3194 44.4961
63.5 11.3194 44.4961
63.6 11.3194 44.4961
63.7 11.3194 44.4961
63.8 11.3194 44.4962
63.9 11.3194 44.4962
64 11.3194 44.4962
64.1 11.3194 44.4962
64.2 11.3194 44.4962
64.3 11.3194 44.4962
64.4 11.3194 44.4962
64.5 11.3193 44.4962
64.6 11.3193 44.4962
64.7 11.3193 44.4962
64.8 11.3193 44.4962
64.9 11.3193 44.4962
65 11.3193 44.4962
65.1 11.3193 44.4962
65.2 11.3193 44.4962
65.3 11.3193 44.4962
65.4 11.3193 44.4962
65.5 11.3193 44.4962
65.6 11.3193 44.4962
65.7 11.3193 44.4962
65.8 11.3193 44.4962
65.9 11.3192 44.4962
66 11.3192 44.4962
66.1 11.3192 44.4962
66.2 11.3192 44.4962
66.3 11.3192 44.4962
66.4 11.3192 44.4962
66.5 11.3192 44.4962
66.6 11.3192 44.4962
66.7 11.3192 44.4962
66.8 11.3192 44.4962
66.9 11.3191 44.4962
67 11.3191 44.4962
67.1 11.3191 44.4962
67.2 11.3191 44.4962
67.3 11.3191 44.4962
67.4 11.3191 44.4962
67.5 11.3191 44.4962
67.6 11.3191 44.4962
67.7 11.3191 44.4962
67.8 11.319 44.4962
67.9 11.319 44.4962
68 11.319 44.4962
68.1 11.319 44.4962
68.2 11.319 44.4962
68.3 11.319 44.4962
68.4 11.319 44.4962
68.5 11.3189 44.4962
68.6 11.3189 44.4962
68.7 11.3189 44.4962
68.8 11.3189 44.4962
68.9 11.3189 44.4962
69 11.3189 44.4962
69.1 11.3188 44.4962
69.2 11.3188 44.4962
69.3 11.3188 44.4962
69.4 11.3188 44.4962
69.5 11.3188 44.4962
69.6 11.3188 44.4962
69.7 11.3188 44.4962
69.8 11.3188 44.4962
69.9 11.3187 44.4962
70 11.3187 44.4962
70.1 11.3187 44.4962
70.2 11.3187 44.4962
70.3 11.3187 44.4962
70.4 11.3187 44.4962
70.5 11.3187 44.4962
70.6 11.3187 44.4962
70.7 11.3187 44.4962
70.8 11.3187 44.4962
70.9 11.3187 44.4962
71 11.3187 44.4962
71.1 11.3187 44.4962
71.2 11.3187 44.4962
71.3 11.3187 44.4962
71.4 11.3186 44.4962
71.5 11.3186 44.4962
71.6 11.3186 44.4962
71.7 11.3186 44.4962
71.8 11.3186 44.4962
71.9 11.3186 44.4962
72 11.3186 44.4962
72.1 11.3186 44.4962
72.2 11.3186 44.4962
72.3 11.3186 44.4962
72.4 11.3186 44.4961
72.5 11.3186 44.4961
72.6 11.3186 44.4961
72.7 11.3186 44.4961
72.8 11.3186 44.4961
72.9 11.3186 44.4961
73 11.3186 44.4961
73.1 11.3186 44.4961
73.2 11.3186 44.4961
73.3 11.3186 44.4961
73.4 11.3186 44.4961
73.5 11.3186 44.4961
73.6 11.3186 44.4961
73.7 11.3186 44.4961
73.8 11.3186 44.496
73.9 11.3186 44.496
74 11.3186 44.496
74.1 11.3186 44.496
74.2 11.3186 44.496
74.3 11.3186 44.496
74.4 11.3186 44.496
74.5 11.3186 44.496
74.6 11.3186 44.496
74.7 11.3186 44.496
74.8 11.3186 44.496
74.9 11.3186 44.4959
75 11.3186 44.4959
75.1 11.3186 44.4959
75.2 11.3186 44.4959
75.3 11.3186 44.4959
75.4 11.3186 44.4959
75.5 11.3186 44.4959
75.6 11.3186 44.4959
75.7 11.3186 44.4959
75.8 11.3186 44.4958
75.9 11.3186 44.4958
76 11.3186 44.4958
76.1 11.3186 44.4958
76.2 11.3186 44.4958
76.3 11.3186 44.4958
76.4 11.3186 44.4958
76.5 11.3186 44.4958
76.6 11.3186 44.4957
76.7 11.3186 44.4957
76.8 11.3186 44.4957
76.9 11.3186 44.4957
77 11.3186 44.4957
77.1 11.3185 44.4957
77.2 11.3185 44.4957
77.3 11.3185 44.4957
77.4 11.3185 44.4956
77.5 11.3185 44.4956
77.6 11.3185 44.4956
77.7 11.3185 44.4956
77.8 11.3185 44.4956
77.9 11.3185 44.4956
78 11.3185 44.4956
78.1 11.3185 44.4955
78.2 11.3185 44.4955
78.3 11.3185 44.4955
78.4 11.3185 44.4955
78.5 11.3185 44.4955
78.6 11.3185 44.4955
78.7 11.3185 44.4955
78.8 11.3185 44.4954
78.9 11.3185 44.4954
79 11.3185 44.4954
79.1 11.3185 44.4954
79.2 11.3185 44.4954
79.3 11.3185 44.4954
79.4 11.3185 44.4954
79.5 11.3185 44.4954
79.6 11.3185 44.4954
79.7 11.3185 44.4954
79.8 11.3185 44.4954
79.9 11.3185 44.4954
80 11.3185 44.4953
80.1 11.3185 44.4953
80.2 11.3185 44.4953
80.3 11.3185 44.4953
80.4 11.3185 44.4953
80.5 11.3185 44.4953
80.6 11.3185 44.4953
80.7 11.3185 44.4953
80.8 11.3185 44.4953
80.9 11.3185 44.4953
81 11.3185 44.4953
81.1 11.3185 44.4953
81.2 11.3185 44.4953
81.3 11.3185 44.4953
81.4 11.3185 44.4953
81.5 11.3185 44.4953
81.6 11.3185 44.4953
81.7 11.3185 44.4952
81.8 11.3185 44.4952
81.9 11.3185 44.4952
82 11.3185 44.4952
82.1 11.3185 44.4952
82.2 11.3185 44.4952
82.3 11.3186 44.4952
82.4 11.3186 44.4952
82.5 11.3186 44.4952
82.6 11.3186 44.4953
82.7 11.3186 44.4953
82.8 11.3186 44.4953
82.9 11.3186 44.4953
83 11.3186 44.4953
83.1 11.3186 44.4953
83.2 11.3186 44.4953
83.3 11.3187 44.4953
83.4 11.3187 44.4953
83.5 11.3187 44.4953
83.6 11.3187 44.4953
83.7 11.3187 44.4953
83.8 11.3187 44.4953
83.9 11.3187 44.4953
84 11.3187 44.4953
84.1 11.3188 44.4953
84.2 11.3188 44.4953
84.3 11.3188 44.4953
84.4 11.3188 44.4953
84.5 11.3188 44.4953
84.6 11.3188 44.4953
84.7 11.3188 44.4953
84.8 11.3189 44.4953
84.9 11.3189 44.4953
85 11.3189 44.4953
85.1 11.3189 44.4953
85.2 11.3189 44.4953
85.3 11.3189 44.4953
85.4 11.319 44.4953
85.5 11.319 44.4953
85.6 11.319 44.4953
85.7 11.319 44.4953
85.8 11.319 44.4953
85.9 11.319 44.4953
86 11.3191 44.4953
86.1 11.3191 44.4953
86.2 11.3191 44.4953
86.3 11.3191 44.4953
86.4 11.3191 44.4953
86.5 11.3191 44.4953
86.6 11.3192 44.4953
86.7 11.3192 44.4953
86.8 11.3192 44.4953
86.9 11.3192 44.4953
87 11.3192 44.4953
87.1 11.3192 44.4953
87.2 11.3192 44.4953
87.3 11.3192 44.4953
87.4 11.3193 44.4953
87.5 11.3193 44.4953
87.6 11.3193 44.4953
87.7 11.3193 44.4953
87.8 11.3193 44.4953
87.9 11.3193 44.4953
88 11.3193 44.4953
88.1 11.3193 44.4953
88.2 11.3193 44.4953
88.3 11.3193 44.4953
88.4 11.3193 44.4953
88.5 11.3193 44.4953
88.6 11.3193 44.4953
88.7 11.3193 44.4953
88.8 11.3193 44.4954
88.9 11.3193 44.4954
89 11.3193 44.4954
89.1 11.3193 44.4954
89.2 11.3193 44.4954
89.3 11.3193 44.4954
89.4 11.3193 44.4954
89.5 11.3193 44.4954
89.6 11.3193 44.4954
89.7 11.3193 44.4954
89.8 11.3193 44.4954
89.9 11.3193 44.4954
