0 11.315 44.4956
0.1 11.315 44.4956
0.2 11.315 44.4956
0.3 11.315 44.4956
0.4 11.315 44.4956
0.5 11.315 44.4956
0.6 11.315 44.4956
0.7 11.315 44.4956
0.8 11.315 44.4956
0.9 11.315 44.4956
1 11.315 44.4956
1.1 11.315 44.4956
1.2 11.315 44.4956
1.3 11.315 44.4956
1.4 11.315 44.4956
1.5 11.315 44.4956
1.6 11.315 44.4956
1.7 11.315 44.4956
1.8 11.315 44.4956
1.9 11.315 44.4956
2 11.315 44.4956
2.1 11.315 44.4956
2.2 11.315 44.4956
2.3 11.315 44.4956
2.4 11.315 44.4956
2.5 11.315 44.4956
2.6 11.315 44.4956
2.7 11.315 44.4956
2.8 11.315 44.4956
2.9 11.315 44.4956
3 11.315 44.4956
3.1 11.315 44.4956
3.2 11.315 44.4956
3.3 11.315 44.4956
3.4 11.315 44.4956
3.5 11.315 44.4956
3.6 11.315 44.4956
3.7 11.315 44.4956
3.8 11.315 44.4956
3.9 11.315 44.4956
4 11.315 44.4956
4.1 11.315 44.4956
4.2 11.315 44.4956
4.3 11.315 44.4957
4.4 11.315 44.4957
4.5 11.315 44.4957
4.6 11.315 44.4957
4.7 11.315 44.4957
4.8 11.315 44.4957
4.9 11.315 44.4957
5 11.315 44.4957
5.1 11.315 44.4957
5.2 11.315 44.4957
5.3 11.315 44.4957
5.4 11.315 44.4957
5.5 11.315 44.4957
5.6 11.315 44.4957
5.7 11.315 44.4957
5.8 11.3151 44.4958
5.9 11.3151 44.4958
6 11.3151 44.4958
6.1 11.3151 44.4958
6.2 11.3151 44.4958
6.3 11.3151 44.4958
6.4 11.3151 44.4958
6.5 11.3151 44.4958
6.6 11.3151 44.4958
6.7 11.3151 44.4958
6.8 11.3151 44.4958
6.9 11.3151 44.4959
7 11.3151 44.4959
7.1 11.3151 44.4959
7.2 11.3151 44.4959
7.3 11.3151 44.4959
7.4 11.3151 44.4959
7.5 11.3152 44.4959
7.6 11.3152 44.4959
7.7 11.3152 44.4959
7.8 11.3152 44.4959
7.9 11.3152 44.496
8 11.3152 44.496
8.1 11.3152 44.496
8.2 11.3152 44.496
8.3 11.3152 44.496
8.4 11.3152 44.496
8.5 11.3152 44.496
8.6 11.3152 44.496
8.7 11.3152 44.4961
8.8 11.3153 44.4961
8.9 11.3153 44.4961
9 11.3153 44.4961
9.1 11.3153 44.4961
9.2 11.3153 44.4961
9.3 11.3153 44.4961
9.4 11.3153 44.4961
9.5 11.3153 44.4962
9.6 11.3153 44.4962
9.7 11.3153 44.4962
9.8 11.3153 44.4962
9.9 11.3153 44.4962
10 11.3153 44.4962
10.1 11.3153 44.4962
10.2 11.3154 44.4962
10.3 11.3154 44.4962
10.4 11.3154 44.4962
10.5 11.3154 44.4962
10.6 11.3154 44.4962
10.7 11.3154 44.4963
10.8 11.3154 44.4963
10.9 11.3154 44.4963
11 11.3155 44.4963
11.1 11.3155 44.4963
11.2 11.3155 44.4963
11.3 11.3155 44.4963
11.4 11.3155 44.4963
11.5 11.3155 44.4963
11.6 11.3155 44.4963
11.7 11.3155 44.4963
11.8 11.3156 44.4963
11.9 11.3156 44.4963
12 11.3156 44.4963
12.1 11.3156 44.4963
12.2 11.3156 44.4963
12.3 11.3156 44.4963
12.4 11.3157 44.4963
12.5 11.3157 44.4963
12.6 11.3157 44.4963
12.7 11.3157 44.4963
12.8 11.3157 44.4963
12.9 11.3157 44.4963
13 11.3158 44.4963
13.1 11.3158 44.4963
13.2 11.3158 44.4963
13.3 11.3158 44.4963
13.4 11.3158 44.4963
13.5 11.3158 44.4963
13.6 11.3159 44.4963
13.7 11.3159 44.4963
13.8 11.3159 44.4963
13.9 11.3159 44.4963
14 11.3159 44.4963
14.1 11.3159 44.4963
14.2 11.316 44.4963
14.3 11.316 44.4963
14.4 11.316 44.4963
14.5 11.316 44.4964
14.6 11.316 44.4964
14.7 11.3161 44.4964
14.8 11.3161 44.4964
14.9 11.3161 44.4964
15 11.3161 44.4964
15.1 11.3161 44.4964
15.2 11.3161 44.4964
15.3 11.3162 44.4964
15.4 11.3162 44.4964
15.5 11.3162 44.4964
15.6 11.3162 44.4964
15.7 11.3162 44.4964
15.8 11.3162 44.4964
15.9 11.3163 44.4964
16 11.3163 44.4964
16.1 11.3163 44.4964
16.2 11.3163 44.4964
16.3 11.3163 44.4964
16.4 11.3163 44.4964
16.5 11.3164 44.4964
16.6 11.3164 44.4964
16.7 11.3164 44.4964
16.8 11.3164 44.4964
16.9 11.3164 44.4964
17 11.3164 44.4964
17.1 11.3165 44.4964
17.2 11.3165 44.4964
17.3 11.3165 44.4964
17.4 11.3165 44.4964
17.5 11.3165 44.4964
17.6 11.3165 44.4964
17.7 11.3166 44.4964
17.8 11.3166 44.4964
17.9 11.3166 44.4964
18 11.3166 44.4964
18.1 11.3166 44.4964
18.2 11.3166 44.4964
18.3 11.3167 44.4964
18.4 11.3167 44.4965
18.5 11.3167 44.4965
18.6 11.3167 44.4965
18.7 11.3167 44.4965
18.8 11.3167 44.4965
18.9 11.3168 44.4965
19 11.3168 44.4965
19.1 11.3168 44.4965
19.2 11.3168 44.4965
19.3 11.3168 44.4965
19.4 11.3168 44.4965
19.5 11.3169 44.4965
19.6 11.3169 44.4965
19.7 11.3169 44.4965
19.8 11.3169 44.4965
19.9 11.3169 44.4965
20 11.3169 44.4965
20.1 11.317 44.4965
20.2 11.317 44.4965
20.3 11.317 44.4965
20.4 11.317 44.4965
20.5 11.317 44.4965
20.6 11.317 44.4965
20.7 11.3171 44.4965
20.8 11.3171 44.4965
20.9 11.3171 44.4965
21 11.3171 44.4965
21.1 11.3171 44.4965
21.2 11.3171 44.4965
21.3 11.3172 44.4965
21.4 11.3172 44.4966
21.5 11.3172 44.4966
21.6 11.3172 44.4966
21.7 11.3172 44.4966
21.8 11.3172 44.4966
21.9 11.3173 44.4966
22 11.3173 44.4966
22.1 11.3173 44.4966
22.2 11.3173 44.4966
22.3 11.3173 44.4966
22.4 11.3173 44.4966
22.5 11.3174 44.4966
22.6 11.3174 44.4966
22.7 11.3174 44.4966
22.8 11.3174 44.4966
22.9 11.3174 44.4966
23 11.3174 44.4966
23.1 11.3175 44.4966
23.2 11.3175 44.4966
23.3 11.3175 44.4966
23.4 11.3175 44.4966
23.5 11.3175 44.4966
23.6 11.3175 44.4966
23.7 11.3176 44.4966
23.8 11.3176 44.4966
23.9 11.3176 44.4966
24 11.3176 44.4966
24.1 11.3176 44.4966
24.2 11.3176 44.4966
24.3 11.3177 44.4967
24.4 11.3177 44.4967
24.5 11.3177 44.4967
24.6 11.3177 44.4967
24.7 11.3177 44.4967
24.8 11.3177 44.4967
24.9 11.3178 44.4967
25 11.3178 44.4967
25.1 11.3178 44.4967
25.2 11.3178 44.4967
25.3 11.3178 44.4967
25.4 11.3178 44.4967
25.5 11.3179 44.4967
25.6 11.3179 44.4967
25.7 11.3179 44.4967
25.8 11.3179 44.4967
25.9 11.3179 44.4967
26 11.3179 44.4967
26.1 11.3179 44.4967
26.2 11.318 44.4967
26.3 11.318 44.4967
26.4 11.318 44.4967
26.5 11.318 44.4967
26.6 11.318 44.4967
26.7 11.318 44.4967
26.8 11.318 44.4968
26.9 11.3181 44.4968
27 11.3181 44.4968
27.1 11.3181 44.4968
27.2 11.3181 44.4968
27.3 11.3181 44.4968
27.4 11.3181 44.4968
27.5 11.3181 44.4968
27.6 11.3181 44.4968
27.7 11.3181 44.4968
27.8 11.3182 44.4968
27.9 11.3182 44.4968
28 11.3182 44.4968
28.1 11.3182 44.4968
28.2 11.3182 44.4968
28.3 11.3182 44.4968
28.4 11.3182 44.4968
28.5 11.3182 44.4968
28.6 11.3182 44.4968
28.7 11.3182 44.4968
28.8 11.3182 44.4969
28.9 11.3182 44.4969
29 11.3182 44.4969
29.1 11.3182 44.4969
29.2 11.3182 44.4969
29.3 11.3182 44.4969
29.4 11.3182 44.4969
29.5 11.3182 44.4969
29.6 11.3182 44.4969
29.7 11.3182 44.4969
29.8 11.3182 44.4969
29.9 11.3182 44.4969
30 11.3182 44.497
30.1 11.3182 44.497
30.2 11.3182 44.497
30.3 11.3182 44.497
30.4 11.3182 44.497
30.5 11.3182 44.497
30.6 11.3182 44.497
30.7 11.3182 44.497
30.8 11.3182 44.497
30.9 11.3181 44.497
31 11.3181 44.497
31.1 11.3181 44.497
31.2 11.3181 44.497
31.3 11.3181 44.497
31.4 11.3181 44.497
31.5 11.3181 44.497
31.6 11.3181 44.497
31.7 11.3181 44.497
31.8 11.3181 44.497
31.9 11.3181 44.497
32 11.318 44.497
32.1 11.318 44.497
32.2 11.318 44.497
32.3 11.318 44.497
32.4 11.318 44.497
32.5 11.318 44.497
32.6 11.318 44.497
32.7 11.318 44.497
32.8 11.318 44.497
32.9 11.3179 44.497
33 11.3179 44.497
33.1 11.3179 44.497
33.2 11.3179 44.497
33.3 11.3179 44.497
33.4 11.3179 44.497
33.5 11.3179 44.497
33.6 11.3179 44.497
33.7 11.3178 44.497
33.8 11.3178 44.497
33.9 11.3178 44.497
34 11.3178 44.497
34.1 11.3178 44.497
34.2 11.3178 44.497
34.3 11.3178 44.497
34.4 11.3177 44.497
34.5 11.3177 44.497
34.6 11.3177 44.497
34.7 11.3177 44.497
34.8 11.3177 44.497
34.9 11.3177 44.497
35 11.3176 44.497
35.1 11.3176 44.497
35.2 11.3176 44.497
35.3 11.3176 44.497
35.4 11.3176 44.497
35.5 11.3176 44.497
35.6 11.3175 44.497
35.7 11.3175 44.497
35.8 11.3175 44.497
35.9 11.3175 44.497
36 11.3175 44.497
36.1 11.3175 44.497
36.2 11.3175 44.497
36.3 11.3174 44.497
36.4 11.3174 44.497
36.5 11.3174 44.497
36.6 11.3174 44.497
36.7 11.3174 44.497
36.8 11.3174 44.497
36.9 11.3174 44.497
37 11.3174 44.497
37.1 11.3174 44.497
37.2 11.3174 44.497
37.3 11.3174 44.497
37.4 11.3173 44.4969
37.5 11.3173 44.4969
37.6 11.3173 44.4969
37.7 11.3173 44.4969
37.8 11.3173 44.4969
37.9 11.3173 44.4969
38 11.3173 44.4969
38.1 11.3173 44.4969
38.2 11.3173 44.4969
38.3 11.3173 44.4969
38.4 11.3173 44.4969
38.5 11.3173 44.4969
38.6 11.3173 44.4969
38.7 11.3173 44.4969
38.8 11.3173 44.4969
38.9 11.3173 44.4969
39 11.3173 44.4969
39.1 11.3173 44.4969
39.2 11.3173 44.4968
39.3 11.3173 44.4968
39.4 11.3173 44.4968
39.5 11.3173 44.4968
39.6 11.3173 44.4968
39.7 11.3173 44.4968
39.8 11.3173 44.4968
39.9 11.3173 44.4968
40 11.3173 44.4968
40.1 11.3173 44.4968
40.2 11.3173 44.4968
40.3 11.3173 44.4968
40.4 11.3173 44.4968
40.5 11.3173 44.4967
40.6 11.3173 44.4967
40.7 11.3173 44.4967
40.8 11.3173 44.4967
40.9 11.3173 44.4967
41 11.3173 44.4967
41.1 11.3173 44.4967
41.2 11.3173 44.4967
41.3 11.3173 44.4967
41.4 11.3173 44.4967
41.5 11.3173 44.4967
41.6 11.3173 44.4966
41.7 11.3173 44.4966
41.8 11.3173 44.4966
41.9 11.3173 44.4966
42 11.3173 44.4966
42.1 11.3173 44.4966
42.2 11.3173 44.4966
42.3 11.3173 44.4966
42.4 11.3174 44.4966
42.5 11.3174 44.4966
42.6 11.3174 44.4966
42.7 11.3174 44.4966
42.8 11.3174 44.4966
42.9 11.3174 44.4966
43 11.3174 44.4966
43.1 11.3174 44.4966
43.2 11.3174 44.4966
43.3 11.3174 44.4966
43.4 11.3174 44.4966
43.5 11.3174 44.4966
43.6 11.3174 44.4966
43.7 11.3174 44.4966
43.8 11.3174 44.4966
43.9 11.3175 44.4966
44 11.3175 44.4966
44.1 11.3175 44.4966
44.2 11.3175 44.4966
44.3 11.3175 44.4966
44.4 11.3175 44.4966
44.5 11.3175 44.4966
44.6 11.3175 44.4966
44.7 11.3175 44.4966
44.8 11.3175 44.4966
44.9 11.3175 44.4966
45 11.3175 44.4966
45.1 11.3175 44.4966
45.2 11.3176 44.4966
45.3 11.3176 44.4966
45.4 11.3176 44.4966
45.5 11.3176 44.4966
45.6 11.3176 44.4966
45.7 11.3176 44.4966
45.8 11.3176 44.4966
45.9 11.3176 44.4966
46 11.3176 44.4966
46.1 11.3176 44.4966
46.2 11.3176 44.4966
46.3 11.3176 44.4966
46.4 11.3176 44.4966
46.5 11.3176 44.4965
46.6 11.3176 44.4965
46.7 11.3176 44.4965
46.8 11.3176 44.4965
46.9 11.3176 44.4965
47 11.3176 44.4965
47.1 11.3176 44.4965
47.2 11.3176 44.4965
47.3 11.3176 44.4965
47.4 11.3176 44.4965
47.5 11.3176 44.4965
47.6 11.3176 44.4965
47.7 11.3176 44.4965
47.8 11.3176 44.4964
47.9 11.3176 44.4964
48 11.3176 44.4964
48.1 11.3176 44.4964
48.2 11.3176 44.4964
48.3 11.3176 44.4964
48.4 11.3176 44.4964
48.5 11.3176 44.4964
48.6 11.3176 44.4964
48.7 11.3176 44.4964
48.8 11.3176 44.4964
48.9 11.3176 44.4963
49 11.3176 44.4963
49.1 11.3176 44.4963
49.2 11.3176 44.4963
49.3 11.3176 44.4963
49.4 11.3176 44.4963
49.5 11.3176 44.4963
49.6 11.3176 44.4963
49.7 11.3176 44.4962
49.8 11.3176 44.4962
49.9 11.3176 44.4962
50 11.3176 44.4962
50.1 11.3176 44.4962
50.2 11.3176 44.4962
50.3 11.3176 44.4962
50.4 11.3176 44.4962
50.5 11.3176 44.4961
50.6 11.3176 44.4961
50.7 11.3176 44.4961
50.8 11.3176 44.4961
50.9 11.3176 44.4961
51 11.3176 44.4961
51.1 11.3176 44.4961
51.2 11.3176 44.4961
51.3 11.3176 44.4961
51.4 11.3176 44.496
51.5 11.3176 44.496
51.6 11.3176 44.496
51.7 11.3176 44.496
51.8 11.3176 44.496
51.9 11.3176 44.496
52 11.3176 44.496
52.1 11.3176 44.496
52.2 11.3176 44.496
52.3 11.3176 44.496
52.4 11.3176 44.496
52.5 11.3176 44.496
52.6 11.3176 44.4959
52.7 11.3176 44.4959
52.8 11.3176 44.4959
52.9 11.3176 44.4959
53 11.3176 44.4959
53.1 11.3176 44.4959
53.2 11.3176 44.4959
53.3 11.3176 44.4959
53.4 11.3176 44.4959
53.5 11.3176 44.4959
53.6 11.3176 44.4959
53.7 11.3176 44.4959
53.8 11.3176 44.4959
53.9 11.3176 44.4959
54 11.3176 44.4959
54.1 11.3175 44.4959
54.2 11.3175 44.4959
54.3 11.3175 44.4959
54.4 11.3175 44.4959
54.5 11.3175 44.4959
54.6 11.3175 44.4959
54.7 11.3175 44.4959
54.8 11.3175 44.4959
54.9 11.3175 44.4959
55 11.3175 44.4959
55.1 11.3174 44.4959
55.2 11.3174 44.4959
55.3 11.3174 44.4959
55.4 11.3174 44.4959
55.5 11.3174 44.4959
55.6 11.3174 44.4959
55.7 11.3174 44.4959
55.8 11.3174 44.4959
55.9 11.3174 44.4959
56 11.3173 44.4959
56.1 11.3173 44.4959
56.2 11.3173 44.4959
56.3 11.3173 44.4959
56.4 11.3173 44.4959
56.5 11.3173 44.4959
56.6 11.3173 44.4959
56.7 11.3172 44.4959
56.8 11.3172 44.4959
56.9 11.3172 44.4958
57 11.3172 44.4958
57.1 11.3172 44.4958
57.2 11.3172 44.4958
57.3 11.3171 44.4958
57.4 11.3171 44.4958
57.5 11.3171 44.4958
57.6 11.3171 44.4958
57.7 11.3171 44.4958
57.8 11.3171 44.4958
57.9 11.317 44.4958
58 11.317 44.4958
58.1 11.317 44.4958
58.2 11.317 44.4958
58.3 11.317 44.4958
58.4 11.317 44.4958
58.5 11.3169 44.4958
58.6 11.3169 44.4958
58.7 11.3169 44.4958
58.8 11.3169 44.4958
58.9 11.3169 44.4958
59 11.3169 44.4958
59.1 11.3168 44.4958
59.2 11.3168 44.4958
59.3 11.3168 44.4958
59.4 11.3168 44.4958
59.5 11.3168 44.4958
59.6 11.3168 44.4958
59.7 11.3167 44.4958
59.8 11.3167 44.4958
59.9 11.3167 44.4958
60 11.3167 44.4958
60.1 11.3167 44.4958
60.2 11.3167 44.4958
60.3 11.3166 44.4958
60.4 11.3166 44.4958
60.5 11.3166 44.4958
60.6 11.3166 44.4958
60.7 11.3166 44.4958
60.8 11.3166 44.4958
60.9 11.3166 44.4958
61 11.3165 44.4958
61.1 11.3165 44.4958
61.2 11.3165 44.4958
61.3 11.3165 44.4958
61.4 11.3165 44.4958
61.5 11.3165 44.4958
61.6 11.3165 44.4958
61.7 11.3165 44.4958
61.8 11.3165 44.4958
61.9 11.3165 44.4958
62 11.3165 44.4958
62.1 11.3165 44.4957
62.2 11.3164 44.4957
62.3 11.3164 44.4957
62.4 11.3164 44.4957
62.5 11.3164 44.4957
62.6 11.3164 44.4957
62.7 11.3164 44.4957
62.8 11.3164 44.4957
62.9 11.3164 44.4957
63 11.3164 44.4957
63.1 11.3164 44.4957
63.2 11.3164 44.4957
63.3 11.3164 44.4957
63.4 11.3164 44.4957
63.5 11.3164 44.4957
63.6 11.3164 44.4957
63.7 11.3165 44.4957
63.8 11.3165 44.4957
63.9 11.3165 44.4956
64 11.3165 44.4956
64.1 11.3165 44.4956
64.2 11.3165 44.4956
64.3 11.3165 44.4956
64.4 11.3165 44.4956
64.5 11.3165 44.4956
64.6 11.3165 44.4956
64.7 11.3165 44.4956
64.8 11.3165 44.4956
64.9 11.3165 44.4956
65 11.3165 44.4956
65.1 11.3165 44.4956
65.2 11.3165 44.4955
65.3 11.3165 44.4955
65.4 11.3165 44.4955
65.5 11.3165 44.4955
65.6 11.3165 44.4955
65.7 11.3165 44.4955
65.8 11.3165 44.4955
65.9 11.3165 44.4955
66 11.3165 44.4955
66.1 11.3165 44.4955
66.2 11.3165 44.4954
66.3 11.3165 44.4954
66.4 11.3165 44.4954
66.5 11.3165 44.4954
66.6 11.3165 44.4954
66.7 11.3166 44.4954
66.8 11.3166 44.4954
66.9 11.3166 44.4954
67 11.3166 44.4954
67.1 11.3166 44.4953
67.2 11.3166 44.4953
67.3 11.3166 44.4953
67.4 11.3166 44.4953
67.5 11.3166 44.4953
67.6 11.3166 44.4953
67.7 11.3166 44.4953
67.8 11.3166 44.4953
67.9 11.3166 44.4953
68 11.3166 44.4952
68.1 11.3166 44.4952
68.2 11.3166 44.4952
68.3 11.3166 44.4952
68.4 11.3166 44.4952
68.5 11.3166 44.4952
68.6 11.3166 44.4952
68.7 11.3166 44.4952
68.8 11.3166 44.4952
68.9 11.3166 44.4952
69 11.3166 44.4952
69.1 11.3166 44.4952
69.2 11.3166 44.4952
69.3 11.3166 44.4952
69.4 11.3166 44.4952
69.5 11.3166 44.4951
69.6 11.3166 44.4951
69.7 11.3166 44.4951
69.8 11.3166 44.4951
69.9 11.3167 44.4951
70 11.3167 44.4951
70.1 11.3167 44.4951
70.2 11.3167 44.4951
70.3 11.3167 44.4951
70.4 11.3167 44.4951
70.5 11.3167 44.4951
70.6 11.3167 44.4951
70.7 11.3167 44.4951
70.8 11.3167 44.4951
70.9 11.3167 44.4951
71 11.3167 44.4951
71.1 11.3167 44.4951
71.2 11.3167 44.4951
71.3 11.3168 44.4951
71.4 11.3168 44.4951
71.5 11.3168 44.4951
71.6 11.3168 44.4951
71.7 11.3168 44.4951
71.8 11.3168 44.4951
71.9 11.3168 44.4951
72 11.3168 44.4951
72.1 11.3168 44.4951
72.2 11.3168 44.4951
72.3 11.3169 44.4951
72.4 11.3169 44.4951
72.5 11.3169 44.4951
72.6 11.3169 44.4951
72.7 11.3169 44.4951
72.8 11.3169 44.4951
72.9 11.3169 44.4951
73 11.3169 44.4951
73.1 11.317 44.4952
73.2 11.317 44.4952
73.3 11.317 44.4952
73.4 11.317 44.4952
73.5 11.317 44.4952
73.6 11.317 44.4952
73.7 11.317 44.4952
73.8 11.3171 44.4952
73.9 11.3171 44.4952
74 11.3171 44.4952
74.1 11.3171 44.4952
74.2 11.3171 44.4952
74.3 11.3171 44.4952
74.4 11.3171 44.4952
74.5 11.3172 44.4952
74.6 11.3172 44.4952
74.7 11.3172 44.4952
74.8 11.3172 44.4952
74.9 11.3172 44.4952
75 11.3173 44.4952
75.1 11.3173 44.4952
75.2 11.3173 44.4952
75.3 11.3173 44.4952
75.4 11.3173 44.4952
75.5 11.3173 44.4952
75.6 11.3174 44.4952
75.7 11.3174 44.4952
75.8 11.3174 44.4952
75.9 11.3174 44.4952
76 11.3174 44.4952
76.1 11.3175 44.4952
76.2 11.3175 44.4952
76.3 11.3175 44.4952
76.4 11.3175 44.4952
76.5 11.3175 44.4952
76.6 11.3176 44.4952
76.7 11.3176 44.4952
76.8 11.3176 44.4952
76.9 11.3176 44.4952
77 11.3177 44.4952
77.1 11.3177 44.4952
77.2 11.3177 44.4952
77.3 11.3177 44.4952
77.4 11.3177 44.4952
77.5 11.3178 44.4952
77.6 11.3178 44.4952
77.7 11.3178 44.4952
77.8 11.3178 44.4952
77.9 11.3179 44.4952
78 11.3179 44.4952
78.1 11.3179 44.4952
78.2 11.3179 44.4952
78.3 11.318 44.4952
78.4 11.318 44.4952
78.5 11.318 44.4952
78.6 11.318 44.4952
78.7 11.3181 44.4952
78.8 11.3181 44.4952
78.9 11.3181 44.4952
79 11.3182 44.4952
79.1 11.3182 44.4952
79.2 11.3182 44.4952
79.3 11.3182 44.4952
79.4 11.3183 44.4952
79.5 11.3183 44.4952
79.6 11.3183 44.4952
79.7 11.3184 44.4952
79.8 11.3184 44.4952
79.9 11.3184 44.4952
80 11.3184 44.4952
80.1 11.3185 44.4952
80.2 11.3185 44.4952
80.3 11.3185 44.4952
80.4 11.3185 44.4952
80.5 11.3185 44.4952
80.6 11.3186 44.4952
80.7 11.3186 44.4953
80.8 11.3186 44.4953
80.9 11.3186 44.4953
81 11.3187 44.4953
81.1 11.3187 44.4953
81.2 11.3187 44.4953
81.3 11.3187 44.4953
81.4 11.3187 44.4953
81.5 11.3188 44.4953
81.6 11.3188 44.4953
81.7 11.3188 44.4953
81.8 11.3188 44.4953
81.9 11.3189 44.4953
82 11.3189 44.4953
82.1 11.3189 44.4953
82.2 11.3189 44.4953
82.3 11.3189 44.4953
82.4 11.319 44.4953
82.5 11.319 44.4953
82.6 11.319 44.4953
82.7 11.319 44.4953
82.8 11.3191 44.4953
82.9 11.3191 44.4953
83 11.3191 44.4953
83.1 11.3191 44.4953
83.2 11.3191 44.4953
83.3 11.3192 44.4953
83.4 11.3192 44.4953
83.5 11.3192 44.4953
83.6 11.3192 44.4953
83.7 11.3192 44.4953
83.8 11.3193 44.4953
83.9 11.3193 44.4953
84 11.3193 44.4953
84.1 11.3193 44.4953
84.2 11.3193 44.4953
84.3 11.3193 44.4953
84.4 11.3194 44.4953
84.5 11.3194 44.4953
84.6 11.3194 44.4953
84.7 11.3194 44.4953
84.8 11.3194 44.4953
84.9 11.3194 44.4953
85 11.3194 44.4953
85.1 11.3195 44.4953
85.2 11.3195 44.4953
85.3 11.3195 44.4953
85.4 11.3195 44.4953
85.5 11.3195 44.4953
85.6 11.3195 44.4953
85.7 11.3195 44.4953
85.8 11.3195 44.4953
85.9 11.3195 44.4953
86 11.3195 44.4953
86.1 11.3195 44.4953
86.2 11.3195 44.4953
86.3 11.3196 44.4953
86.4 11.3196 44.4953
86.5 11.3196 44.4953
86.6 11.3196 44.4953
86.7 11.3196 44.4953
86.8 11.3196 44.4953
86.9 11.3196 44.4953
87 11.3196 44.4953
87.1 11.3196 44.4953
87.2 11.3196 44.4953
87.3 11.3196 44.4953
87.4 11.3196 44.4953
87.5 11.3196 44.4953
87.6 11.3196 44.4953
87.7 11.3196 44.4953
87.8 11.3196 44.4953
87.9 11.3196 44.4953
88 11.3196 44.4953
88.1 11.3196 44.4953
88.2 11.3196 44.4953
88.3 11.3196 44.4953
88.4 11.3196 44.4953
88.5 11.3196 44.4953
88.6 11.3196 44.4953
88.7 11.3196 44.4953
88.8 11.3196 44.4953
88.9 11.3196 44.4953
89 11.3196 44.4953
89.1 11.3196 44.4953
89.2 11.3196 44.4953
89.3 11.3196 44.4953
89.4 11.3196 44.4953
89.5 11.3196 44.4953
89.6 11.3196 44.4953
89.7 11.3196 44.4953
89.8 11.3196 44.4953
89.9 11.3196 44.4953
