0 11.3125 44.4952
0.1 11.3125 44.4952
0.2 11.3125 44.4952
0.3 11.3125 44.4952
0.4 11.3125 44.4952
0.5 11.3125 44.4952
0.6 11.3125 44.4952
0.7 11.3125 44.4952
0.8 11.3125 44.4952
0.9 11.3125 44.4952
1 11.3125 44.4952
1.1 11.3126 44.4952
1.2 11.3126 44.4952
1.3 11.3126 44.4952
1.4 11.3126 44.4952
1.5 11.3126 44.4952
1.6 11.3126 44.4952
1.7 11.3126 44.4952
1.8 11.3126 44.4952
1.9 11.3126 44.4952
2 11.3126 44.4952
2.1 11.3127 44.4952
2.2 11.3127 44.4952
2.3 11.3127 44.4952
2.4 11.3127 44.4952
2.5 11.3127 44.4952
2.6 11.3127 44.4952
2.7 11.3127 44.4952
2.8 11.3127 44.4952
2.9 11.3127 44.4952
3 11.3127 44.4952
3.1 11.3127 44.4953
3.2 11.3128 44.4953
3.3 11.3128 44.4953
3.4 11.3128 44.4953
3.5 11.3128 44.4953
3.6 11.3128 44.4953
3.7 11.3128 44.4953
3.8 11.3128 44.4953
3.9 11.3128 44.4953
4 11.3128 44.4953
4.1 11.3128 44.4953
4.2 11.3129 44.4953
4.3 11.3129 44.4953
4.4 11.3129 44.4953
4.5 11.3129 44.4953
4.6 11.3129 44.4953
4.7 11.3129 44.4953
4.8 11.3129 44.4953
4.9 11.3129 44.4953
5 11.3129 44.4953
5.1 11.3129 44.4953
5.2 11.313 44.4953
5.3 11.313 44.4953
5.4 11.313 44.4953
5.5 11.313 44.4953
5.6 11.313 44.4953
5.7 11.313 44.4953
5.8 11.313 44.4953
5.9 11.313 44.4953
6 11.313 44.4953
6.1 11.313 44.4953
6.2 11.3131 44.4953
6.3 11.3131 44.4953
6.4 11.3131 44.4953
6.5 11.3131 44.4953
6.6 11.3131 44.4953
6.7 11.3131 44.4953
6.8 11.3131 44.4953
6.9 11.3131 44.4953
7 11.3131 44.4953
7.1 11.3131 44.4953
7.2 11.3132 44.4953
7.3 11.3132 44.4953
7.4 11.3132 44.4953
7.5 11.3132 44.4953
7.6 11.3132 44.4953
7.7 11.3132 44.4953
7.8 11.3132 44.4953
7.9 11.3132 44.4953
8 11.3132 44.4953
8.1 11.3132 44.4953
8.2 11.3133 44.4953
8.3 11.3133 44.4953
8.4 11.3133 44.4953
8.5 11.3133 44.4953
8.6 11.3133 44.4953
8.7 11.3133 44.4953
8.8 11.3133 44.4953
8.9 11.3133 44.4953
9 11.3133 44.4953
9.1 11.3133 44.4953
9.2 11.3134 44.4953
9.3 11.3134 44.4953
9.4 11.3134 44.4953
9.5 11.3134 44.4953
9.6 11.3134 44.4953
9.7 11.3134 44.4953
9.8 11.3134 44.4953
9.9 11.3134 44.4953
10 11.3134 44.4953
10.1 11.3134 44.4953
10.2 11.3135 44.4953
10.3 11.3135 44.4953
10.4 11.3135 44.4953
10.5 11.3135 44.4954
10.6 11.3135 44.4954
10.7 11.3135 44.4954
10.8 11.3135 44.4954
10.9 11.3135 44.4954
11 11.3135 44.4954
11.1 11.3135 44.4954
11.2 11.3135 44.4954
11.3 11.3136 44.4954
11.4 11.3136 44.4954
11.5 11.3136 44.4954
11.6 11.3136 44.4954
11.7 11.3136 44.4954
11.8 11.3136 44.4954
11.9 11.3136 44.4954
12 11.3136 44.4954
12.1 11.3136 44.4954
12.2 11.3136 44.4954
12.3 11.3137 44.4954
12.4 11.3137 44.4954
12.5 11.3137 44.4954
12.6 11.3137 44.4954
12.7 11.3137 44.4954
12.8 11.3137 44.4954
12.9 11.3137 44.4954
13 11.3137 44.4954
13.1 11.3137 44.4954
13.2 11.3137 44.4954
13.3 11.3138 44.4954
13.4 11.3138 44.4954
13.5 11.3138 44.4954
13.6 11.3138 44.4954
13.7 11.3138 44.4954
13.8 11.3138 44.4954
13.9 11.3138 44.4954
14 11.3138 44.4954
14.1 11.3138 44.4954
14.2 11.3138 44.4954
14.3 11.3139 44.4954
14.4 11.3139 44.4954
14.5 11.3139 44.4954
14.6 11.3139 44.4954
14.7 11.3139 44.4954
14.8 11.3139 44.4954
14.9 11.3139 44.4954
15 11.3139 44.4954
15.1 11.3139 44.4954
15.2 11.3139 44.4954
15.3 11.314 44.4954
15.4 11.314 44.4954
15.5 11.314 44.4954
15.6 11.314 44.4954
15.7 11.314 44.4954
15.8 11.314 44.4954
15.9 11.314 44.4954
16 11.314 44.4954
16.1 11.314 44.4954
16.2 11.314 44.4954
16.3 11.3141 44.4954
16.4 11.3141 44.4954
16.5 11.3141 44.4954
16.6 11.3141 44.4954
16.7 11.3141 44.4954
16.8 11.3141 44.4954
16.9 11.3141 44.4954
17 11.3141 44.4954
17.1 11.3141 44.4954
17.2 11.3141 44.4954
17.3 11.3142 44.4954
17.4 11.3142 44.4954
17.5 11.3142 44.4954
17.6 11.3142 44.4954
17.7 11.3142 44.4954
17.8 11.3142 44.4954
17.9 11.3142 44.4955
18 11.3142 44.4955
18.1 11.3142 44.4955
18.2 11.3142 44.4955
18.3 11.3143 44.4955
18.4 11.3143 44.4955
18.5 11.3143 44.4955
18.6 11.3143 44.4955
18.7 11.3143 44.4955
18.8 11.3143 44.4955
18.9 11.3143 44.4955
19 11.3143 44.4955
19.1 11.3143 44.4955
19.2 11.3143 44.4955
19.3 11.3144 44.4955
19.4 11.3144 44.4955
19.5 11.3144 44.4955
19.6 11.3144 44.4955
19.7 11.3144 44.4955
19.8 11.3144 44.4955
19.9 11.3144 44.4955
20 11.3144 44.4955
20.1 11.3144 44.4955
20.2 11.3144 44.4955
20.3 11.3145 44.4955
20.4 11.3145 44.4955
20.5 11.3145 44.4955
20.6 11.3145 44.4955
20.7 11.3145 44.4955
20.8 11.3145 44.4955
20.9 11.3145 44.4955
21 11.3145 44.4955
21.1 11.3145 44.4955
21.2 11.3145 44.4955
21.3 11.3146 44.4955
21.4 11.3146 44.4955
21.5 11.3146 44.4955
21.6 11.3146 44.4955
21.7 11.3146 44.4955
21.8 11.3146 44.4955
21.9 11.3146 44.4955
22 11.3146 44.4955
22.1 11.3146 44.4955
22.2 11.3146 44.4955
22.3 11.3147 44.4955
22.4 11.3147 44.4955
22.5 11.3147 44.4955
22.6 11.3147 44.4955
22.7 11.3147 44.4955
22.8 11.3147 44.4955
22.9 11.3147 44.4955
23 11.3147 44.4955
23.1 11.3147 44.4955
23.2 11.3147 44.4955
23.3 11.3147 44.4955
23.4 11.3148 44.4955
23.5 11.3148 44.4955
23.6 11.3148 44.4955
23.7 11.3148 44.4955
23.8 11.3148 44.4955
23.9 11.3148 44.4955
24 11.3148 44.4955
24.1 11.3148 44.4955
24.2 11.3148 44.4955
24.3 11.3148 44.4955
24.4 11.3148 44.4955
24.5 11.3148 44.4955
24.6 11.3148 44.4955
24.7 11.3148 44.4955
24.8 11.3148 44.4955
24.9 11.3148 44.4955
25 11.3149 44.4955
25.1 11.3149 44.4955
25.2 11.3149 44.4955
25.3 11.3148 44.4955
25.4 11.3148 44.4955
25.5 11.3148 44.4955
25.6 11.3148 44.4955
25.7 11.3148 44.4955
25.8 11.3148 44.4955
25.9 11.3148 44.4955
26 11.3148 44.4955
26.1 11.3148 44.4955
26.2 11.3148 44.4955
26.3 11.3148 44.4955
26.4 11.3148 44.4955
26.5 11.3148 44.4955
26.6 11.3148 44.4954
26.7 11.3148 44.4954
26.8 11.3148 44.4954
26.9 11.3148 44.4954
27 11.3148 44.4954
27.1 11.3148 44.4954
27.2 11.3148 44.4954
27.3 11.3148 44.4954
27.4 11.3148 44.4954
27.5 11.3148 44.4954
27.6 11.3148 44.4954
27.7 11.3148 44.4954
27.8 11.3148 44.4954
27.9 11.3147 44.4954
28 11.3147 44.4953
28.1 11.3147 44.4953
28.2 11.3147 44.4953
28.3 11.3147 44.4953
28.4 11.3147 44.4953
28.5 11.3147 44.4953
28.6 11.3147 44.4953
28.7 11.3147 44.4953
28.8 11.3147 44.4953
28.9 11.3147 44.4953
29 11.3147 44.4953
29.1 11.3147 44.4952
29.2 11.3147 44.4952
29.3 11.3147 44.4952
29.4 11.3147 44.4952
29.5 11.3146 44.4952
29.6 11.3146 44.4952
29.7 11.3146 44.4952
29.8 11.3146 44.4952
29.9 11.3146 44.4952
30 11.3146 44.4951
30.1 11.3146 44.4951
30.2 11.3146 44.4951
30.3 11.3146 44.4951
30.4 11.3146 44.4951
30.5 11.3146 44.4951
30.6 11.3146 44.4951
30.7 11.3146 44.4951
30.8 11.3145 44.4951
30.9 11.3145 44.495
31 11.3145 44.495
31.1 11.3145 44.495
31.2 11.3145 44.495
31.3 11.3145 44.495
31.4 11.3145 44.495
31.5 11.3145 44.495
31.6 11.3145 44.495
31.7 11.3145 44.495
31.8 11.3145 44.4949
31.9 11.3145 44.4949
32 11.3144 44.4949
32.1 11.3144 44.4949
32.2 11.3144 44.4949
32.3 11.3144 44.4949
32.4 11.3144 44.4949
32.5 11.3144 44.4949
32.6 11.3144 44.4949
32.7 11.3144 44.4949
32.8 11.3144 44.4949
32.9 11.3144 44.4949
33 11.3144 44.4949
33.1 11.3144 44.4949
33.2 11.3143 44.4948
33.3 11.3143 44.4948
33.4 11.3143 44.4948
33.5 11.3143 44.4948
33.6 11.3143 44.4948
33.7 11.3143 44.4948
33.8 11.3143 44.4948
33.9 11.3143 44.4948
34 11.3143 44.4948
34.1 11.3143 44.4948
34.2 11.3143 44.4948
34.3 11.3143 44.4948
34.4 11.3143 44.4948
34.5 11.3143 44.4948
34.6 11.3142 44.4948
34.7 11.3142 44.4948
34.8 11.3142 44.4948
34.9 11.3142 44.4948
35 11.3142 44.4948
35.1 11.3142 44.4948
35.2 11.3142 44.4948
35.3 11.3142 44.4948
35.4 11.3142 44.4948
35.5 11.3142 44.4948
35.6 11.3142 44.4948
35.7 11.3142 44.4948
35.8 11.3142 44.4948
35.9 11.3142 44.4948
36 11.3142 44.4948
36.1 11.3142 44.4949
36.2 11.3142 44.4949
36.3 11.3142 44.4949
36.4 11.3142 44.4949
36.5 11.3142 44.4949
36.6 11.3142 44.4949
36.7 11.3142 44.4949
36.8 11.3142 44.4949
36.9 11.3142 44.4949
37 11.3142 44.4949
37.1 11.3142 44.4949
37.2 11.3142 44.4949
37.3 11.3142 44.4949
37.4 11.3142 44.4949
37.5 11.3142 44.4949
37.6 11.3142 44.4949
37.7 11.3142 44.495
37.8 11.3142 44.495
37.9 11.3142 44.495
38 11.3142 44.495
38.1 11.3142 44.495
38.2 11.3142 44.495
38.3 11.3142 44.495
38.4 11.3142 44.495
38.5 11.3142 44.495
38.6 11.3142 44.495
38.7 11.3142 44.495
38.8 11.3142 44.4951
38.9 11.3142 44.4951
39 11.3142 44.4951
39.1 11.3142 44.4951
39.2 11.3142 44.4951
39.3 11.3142 44.4951
39.4 11.3142 44.4951
39.5 11.3142 44.4951
39.6 11.3142 44.4951
39.7 11.3142 44.4951
39.8 11.3142 44.4952
39.9 11.3142 44.4952
40 11.3142 44.4952
40.1 11.3142 44.4952
40.2 11.3142 44.4952
40.3 11.3142 44.4952
40.4 11.3142 44.4952
40.5 11.3142 44.4952
40.6 11.3142 44.4953
40.7 11.3142 44.4953
40.8 11.3142 44.4953
40.9 11.3142 44.4953
41 11.3142 44.4953
41.1 11.3142 44.4953
41.2 11.3142 44.4953
41.3 11.3142 44.4953
41.4 11.3142 44.4953
41.5 11.3142 44.4953
41.6 11.3142 44.4953
41.7 11.3142 44.4954
41.8 11.3142 44.4954
41.9 11.3142 44.4954
42 11.3142 44.4954
42.1 11.3142 44.4954
42.2 11.3142 44.4954
42.3 11.3142 44.4954
42.4 11.3142 44.4954
42.5 11.3142 44.4954
42.6 11.3142 44.4954
42.7 11.3142 44.4954
42.8 11.3142 44.4954
42.9 11.3142 44.4954
43 11.3142 44.4954
43.1 11.3142 44.4954
43.2 11.3142 44.4954
43.3 11.3142 44.4954
43.4 11.3142 44.4954
43.5 11.3142 44.4954
43.6 11.3142 44.4954
43.7 11.3142 44.4954
43.8 11.3142 44.4954
43.9 11.3142 44.4954
44 11.3142 44.4954
44.1 11.3142 44.4954
44.2 11.3142 44.4954
44.3 11.3142 44.4954
44.4 11.3142 44.4954
44.5 11.3142 44.4954
44.6 11.3142 44.4954
44.7 11.3142 44.4954
44.8 11.3142 44.4954
44.9 11.3142 44.4954
45 11.3142 44.4954
45.1 11.3142 44.4954
45.2 11.3142 44.4954
45.3 11.3142 44.4954
45.4 11.3142 44.4954
45.5 11.3142 44.4954
45.6 11.3143 44.4954
45.7 11.3143 44.4954
45.8 11.3143 44.4954
45.9 11.3143 44.4954
46 11.3143 44.4954
46.1 11.3143 44.4954
46.2 11.3143 44.4954
46.3 11.3143 44.4954
46.4 11.3143 44.4955
46.5 11.3143 44.4955
46.6 11.3143 44.4955
46.7 11.3143 44.4955
46.8 11.3143 44.4955
46.9 11.3143 44.4955
47 11.3143 44.4955
47.1 11.3143 44.4955
47.2 11.3143 44.4955
47.3 11.3143 44.4955
47.4 11.3143 44.4955
47.5 11.3143 44.4955
47.6 11.3143 44.4955
47.7 11.3143 44.4955
47.8 11.3143 44.4955
47.9 11.3143 44.4955
48 11.3143 44.4955
48.1 11.3143 44.4955
48.2 11.3143 44.4955
48.3 11.3143 44.4955
48.4 11.3144 44.4955
48.5 11.3144 44.4955
48.6 11.3144 44.4955
48.7 11.3144 44.4955
48.8 11.3144 44.4955
48.9 11.3144 44.4955
49 11.3144 44.4955
49.1 11.3144 44.4955
49.2 11.3144 44.4955
49.3 11.3144 44.4955
49.4 11.3144 44.4955
49.5 11.3144 44.4955
49.6 11.3144 44.4955
49.7 11.3144 44.4955
49.8 11.3144 44.4955
49.9 11.3144 44.4955
50 11.3144 44.4955
50.1 11.3144 44.4955
50.2 11.3145 44.4955
50.3 11.3145 44.4955
50.4 11.3145 44.4955
50.5 11.3145 44.4955
50.6 11.3145 44.4955
50.7 11.3145 44.4955
50.8 11.3145 44.4955
50.9 11.3145 44.4955
51 11.3145 44.4955
51.1 11.3145 44.4955
51.2 11.3145 44.4955
51.3 11.3145 44.4955
51.4 11.3145 44.4955
51.5 11.3145 44.4955
51.6 11.3145 44.4955
51.7 11.3146 44.4955
51.8 11.3146 44.4955
51.9 11.3146 44.4955
52 11.3146 44.4955
52.1 11.3146 44.4955
52.2 11.3146 44.4955
52.3 11.3146 44.4955
52.4 11.3146 44.4955
52.5 11.3146 44.4955
52.6 11.3146 44.4955
52.7 11.3146 44.4955
52.8 11.3146 44.4955
52.9 11.3146 44.4955
53 11.3146 44.4955
53.1 11.3147 44.4955
53.2 11.3147 44.4955
53.3 11.3147 44.4955
53.4 11.3147 44.4955
53.5 11.3147 44.4955
53.6 11.3147 44.4955
53.7 11.3147 44.4955
53.8 11.3147 44.4955
53.9 11.3147 44.4955
54 11.3147 44.4955
54.1 11.3147 44.4955
54.2 11.3147 44.4955
54.3 11.3147 44.4955
54.4 11.3147 44.4955
54.5 11.3148 44.4955
54.6 11.3148 44.4955
54.7 11.3148 44.4955
54.8 11.3148 44.4955
54.9 11.3148 44.4955
55 11.3148 44.4955
55.1 11.3148 44.4955
55.2 11.3148 44.4955
55.3 11.3148 44.4955
55.4 11.3148 44.4955
55.5 11.3148 44.4955
55.6 11.3148 44.4955
55.7 11.3148 44.4955
55.8 11.3148 44.4955
55.9 11.3148 44.4955
56 11.3148 44.4955
56.1 11.3148 44.4955
56.2 11.3148 44.4955
56.3 11.3148 44.4955
56.4 11.3148 44.4955
56.5 11.3148 44.4955
56.6 11.3148 44.4955
56.7 11.3148 44.4955
56.8 11.3148 44.4955
56.9 11.3148 44.4955
57 11.3148 44.4955
57.1 11.3148 44.4955
57.2 11.3148 44.4955
57.3 11.3148 44.4955
57.4 11.3148 44.4955
57.5 11.3148 44.4955
57.6 11.3148 44.4955
57.7 11.3148 44.4955
57.8 11.3148 44.4955
57.9 11.3148 44.4955
58 11.3148 44.4955
58.1 11.3148 44.4955
58.2 11.3148 44.4955
58.3 11.3148 44.4955
58.4 11.3148 44.4955
58.5 11.3148 44.4955
58.6 11.3148 44.4955
58.7 11.3148 44.4955
58.8 11.3148 44.4955
58.9 11.3148 44.4955
59 11.3148 44.4955
59.1 11.3148 44.4955
59.2 11.3148 44.4955
59.3 11.3148 44.4955
59.4 11.3148 44.4955
59.5 11.3148 44.4955
59.6 11.3148 44.4955
59.7 11.3148 44.4955
59.8 11.3148 44.4955
59.9 11.3148 44.4955
60 11.3148 44.4955
60.1 11.3148 44.4955
60.2 11.3148 44.4955
60.3 11.3148 44.4955
60.4 11.3148 44.4955
60.5 11.3148 44.4955
60.6 11.3148 44.4955
60.7 11.3148 44.4955
60.8 11.3148 44.4955
60.9 11.3148 44.4955
61 11.3148 44.4955
61.1 11.3148 44.4955
61.2 11.3148 44.4955
61.3 11.3148 44.4955
61.4 11.3148 44.4955
61.5 11.3148 44.4955
61.6 11.3149 44.4956
61.7 11.3149 44.4956
61.8 11.3149 44.4956
61.9 11.3149 44.4956
62 11.3149 44.4956
62.1 11.3149 44.4956
62.2 11.3149 44.4956
62.3 11.3149 44.4956
62.4 11.3149 44.4956
62.5 11.3149 44.4956
62.6 11.3149 44.4956
62.7 11.3149 44.4956
62.8 11.3149 44.4956
62.9 11.3149 44.4956
63 11.3149 44.4956
63.1 11.3149 44.4956
63.2 11.315 44.4956
63.3 11.315 44.4956
63.4 11.315 44.4956
63.5 11.315 44.4956
63.6 11.315 44.4956
63.7 11.315 44.4956
63.8 11.315 44.4956
63.9 11.315 44.4957
64 11.315 44.4957
64.1 11.315 44.4957
64.2 11.315 44.4957
64.3 11.315 44.4957
64.4 11.315 44.4957
64.5 11.315 44.4957
64.6 11.315 44.4957
64.7 11.315 44.4957
64.8 11.315 44.4957
64.9 11.315 44.4957
65 11.315 44.4957
65.1 11.3151 44.4958
65.2 11.3151 44.4958
65.3 11.3151 44.4958
65.4 11.3151 44.4958
65.5 11.3151 44.4958
65.6 11.3151 44.4958
65.7 11.3151 44.4958
65.8 11.3151 44.4958
65.9 11.3151 44.4958
66 11.3151 44.4958
66.1 11.3151 44.4959
66.2 11.3151 44.4959
66.3 11.3151 44.4959
66.4 11.3151 44.4959
66.5 11.3151 44.4959
66.6 11.3152 44.4959
66.7 11.3152 44.4959
66.8 11.3152 44.4959
66.9 11.3152 44.4959
67 11.3152 44.496
67.1 11.3152 44.496
67.2 11.3152 44.496
67.3 11.3152 44.496
67.4 11.3152 44.496
67.5 11.3152 44.496
67.6 11.3152 44.496
67.7 11.3152 44.4961
67.8 11.3153 44.4961
67.9 11.3153 44.4961
68 11.3153 44.4961
68.1 11.3153 44.4961
68.2 11.3153 44.4961
68.3 11.3153 44.4961
68.4 11.3153 44.4961
68.5 11.3153 44.4962
68.6 11.3153 44.4962
68.7 11.3153 44.4962
68.8 11.3153 44.4962
68.9 11.3153 44.4962
69 11.3153 44.4962
69.1 11.3153 44.4962
69.2 11.3154 44.4962
69.3 11.3154 44.4962
69.4 11.3154 44.4962
69.5 11.3154 44.4962
69.6 11.3154 44.4962
69.7 11.3154 44.4963
69.8 11.3154 44.4963
69.9 11.3154 44.4963
70 11.3154 44.4963
70.1 11.3155 44.4963
70.2 11.3155 44.4963
70.3 11.3155 44.4963
70.4 11.3155 44.4963
70.5 11.3155 44.4963
70.6 11.3155 44.4963
70.7 11.3155 44.4963
70.8 11.3156 44.4963
70.9 11.3156 44.4963
71 11.3156 44.4963
71.1 11.3156 44.4963
71.2 11.3156 44.4963
71.3 11.3156 44.4963
71.4 11.3157 44.4963
71.5 11.3157 44.4963
71.6 11.3157 44.4963
71.7 11.3157 44.4963
71.8 11.3157 44.4963
71.9 11.3157 44.4963
72 11.3158 44.4963
72.1 11.3158 44.4963
72.2 11.3158 44.4963
72.3 11.3158 44.4963
72.4 11.3158 44.4963
72.5 11.3158 44.4963
72.6 11.3159 44.4963
72.7 11.3159 44.4963
72.8 11.3159 44.4963
72.9 11.3159 44.4963
73 11.3159 44.4963
73.1 11.3159 44.4963
73.2 11.316 44.4963
73.3 11.316 44.4963
73.4 11.316 44.4963
73.5 11.316 44.4963
73.6 11.316 44.4964
73.7 11.316 44.4964
73.8 11.3161 44.4964
73.9 11.3161 44.4964
74 11.3161 44.4964
74.1 11.3161 44.4964
74.2 11.3161 44.4964
74.3 11.3161 44.4964
74.4 11.3162 44.4964
74.5 11.3162 44.4964
74.6 11.3162 44.4964
74.7 11.3162 44.4964
74.8 11.3162 44.4964
74.9 11.3162 44.4964
75 11.3163 44.4964
75.1 11.3163 44.4964
75.2 11.3163 44.4964
75.3 11.3163 44.4964
75.4 11.3163 44.4964
75.5 11.3163 44.4964
75.6 11.3164 44.4964
75.7 11.3164 44.4964
75.8 11.3164 44.4964
75.9 11.3164 44.4964
76 11.3164 44.4964
76.1 11.3164 44.4964
76.2 11.3165 44.4964
76.3 11.3165 44.4964
76.4 11.3165 44.4964
76.5 11.3165 44.4964
76.6 11.3165 44.4964
76.7 11.3165 44.4964
76.8 11.3166 44.4964
76.9 11.3166 44.4964
77 11.3166 44.4964
77.1 11.3166 44.4964
77.2 11.3166 44.4964
77.3 11.3166 44.4964
77.4 11.3166 44.4964
77.5 11.3167 44.4964
77.6 11.3167 44.4965
77.7 11.3167 44.4965
77.8 11.3167 44.4965
77.9 11.3167 44.4965
78 11.3167 44.4965
78.1 11.3168 44.4965
78.2 11.3168 44.4965
78.3 11.3168 44.4965
78.4 11.3168 44.4965
78.5 11.3168 44.4965
78.6 11.3168 44.4965
78.7 11.3169 44.4965
78.8 11.3169 44.4965
78.9 11.3169 44.4965
79 11.3169 44.4965
79.1 11.3169 44.4965
79.2 11.3169 44.4965
79.3 11.317 44.4965
79.4 11.317 44.4965
79.5 11.317 44.4965
79.6 11.317 44.4965
79.7 11.317 44.4965
79.8 11.317 44.4965
79.9 11.3171 44.4965
80 11.3171 44.4965
80.1 11.3171 44.4965
80.2 11.3171 44.4965
80.3 11.3171 44.4965
80.4 11.3171 44.4965
80.5 11.3172 44.4965
80.6 11.3172 44.4965
80.7 11.3172 44.4966
80.8 11.3172 44.4966
80.9 11.3172 44.4966
81 11.3172 44.4966
81.1 11.3173 44.4966
81.2 11.3173 44.4966
81.3 11.3173 44.4966
81.4 11.3173 44.4966
81.5 11.3173 44.4966
81.6 11.3173 44.4966
81.7 11.3173 44.4966
81.8 11.3174 44.4966
81.9 11.3174 44.4966
82 11.3174 44.4966
82.1 11.3174 44.4966
82.2 11.3174 44.4966
82.3 11.3174 44.4966
82.4 11.3174 44.4966
82.5 11.3174 44.4966
82.6 11.3175 44.4966
82.7 11.3175 44.4966
82.8 11.3175 44.4966
82.9 11.3175 44.4966
83 11.3175 44.4966
83.1 11.3175 44.4966
83.2 11.3175 44.4966
83.3 11.3175 44.4966
83.4 11.3175 44.4966
83.5 11.3175 44.4966
83.6 11.3175 44.4966
83.7 11.3175 44.4966
83.8 11.3176 44.4966
83.9 11.3176 44.4966
84 11.3176 44.4966
84.1 11.3176 44.4966
84.2 11.3176 44.4966
84.3 11.3176 44.4966
84.4 11.3176 44.4966
84.5 11.3176 44.4966
84.6 11.3176 44.4966
84.7 11.3176 44.4966
84.8 11.3176 44.4966
84.9 11.3176 44.4966
85 11.3176 44.4966
85.1 11.3176 44.4965
85.2 11.3176 44.4965
85.3 11.3176 44.4965
85.4 11.3176 44.4965
85.5 11.3176 44.4965
85.6 11.3176 44.4965
85.7 11.3176 44.4965
85.8 11.3176 44.4965
85.9 11.3176 44.4965
86 11.3176 44.4965
86.1 11.3176 44.4965
86.2 11.3176 44.4965
86.3 11.3176 44.4965
86.4 11.3176 44.4965
86.5 11.3176 44.4964
86.6 11.3176 44.4964
86.7 11.3176 44.4964
86.8 11.3176 44.4964
86.9 11.3176 44.4964
87 11.3176 44.4964
87.1 11.3176 44.4964
87.2 11.3176 44.4964
87.3 11.3176 44.4964
87.4 11.3176 44.4964
87.5 11.3176 44.4964
87.6 11.3176 44.4963
87.7 11.3176 44.4963
87.8 11.3176 44.4963
87.9 11.3176 44.4963
88 11.3176 44.4963
88.1 11.3176 44.4963
88.2 11.3176 44.4963
88.3 11.3176 44.4963
88.4 11.3176 44.4963
88.5 11.3176 44.4962
88.6 11.3176 44.4962
88.7 11.3176 44.4962
88.8 11.3176 44.4962
88.9 11.3176 44.4962
89 11.3176 44.4962
89.1 11.3176 44.4962
89.2 11.3176 44.4962
89.3 11.3176 44.4961
89.4 11.3176 44.4961
89.5 11.3176 44.4961
89.6 11.3176 44.4961
89.7 11.3176 44.4961
89.8 11.3176 44.4961
89.9 11.3176 44.4961
