0 11.3176 44.4962
0.1 11.3176 44.4962
0.2 11.3176 44.4962
0.3 11.3176 44.4961
0.4 11.3176 44.4961
0.5 11.3176 44.4961
0.6 11.3176 44.4961
0.7 11.3176 44.4961
0.8 11.3176 44.4961
0.9 11.3176 44.4961
1 11.3176 44.4961
1.1 11.3176 44.496
1.2 11.3176 44.496
1.3 11.3176 44.496
1.4 11.3176 44.496
1.5 11.3176 44.496
1.6 11.3176 44.496
1.7 11.3176 44.496
1.8 11.3176 44.496
1.9 11.3176 44.496
2 11.3176 44.496
2.1 11.3176 44.496
2.2 11.3176 44.4959
2.3 11.3176 44.4959
2.4 11.3176 44.4959
2.5 11.3176 44.4959
2.6 11.3176 44.4959
2.7 11.3176 44.4959
2.8 11.3176 44.4959
2.9 11.3176 44.4959
3 11.3176 44.4959
3.1 11.3176 44.4959
3.2 11.3176 44.4959
3.3 11.3176 44.4959
3.4 11.3176 44.4959
3.5 11.3176 44.4959
3.6 11.3176 44.4959
3.7 11.3175 44.4959
3.8 11.3175 44.4959
3.9 11.3175 44.4959
4 11.3175 44.4959
4.1 11.3175 44.4959
4.2 11.3175 44.4959
4.3 11.3175 44.4959
4.4 11.3175 44.4959
4.5 11.3175 44.4959
4.6 11.3175 44.4959
4.7 11.3174 44.4959
4.8 11.3174 44.4959
4.9 11.3174 44.4959
5 11.3174 44.4959
5.1 11.3174 44.4959
5.2 11.3174 44.4959
5.3 11.3174 44.4959
5.4 11.3174 44.4959
5.5 11.3173 44.4959
5.6 11.3173 44.4959
5.7 11.3173 44.4959
5.8 11.3173 44.4959
5.9 11.3173 44.4959
6 11.3173 44.4959
6.1 11.3173 44.4959
6.2 11.3172 44.4959
6.3 11.3172 44.4959
6.4 11.3172 44.4958
6.5 11.3172 44.4958
6.6 11.3172 44.4958
6.7 11.3172 44.4958
6.8 11.3171 44.4958
6.9 11.3171 44.4958
7 11.3171 44.4958
7.1 11.3171 44.4958
7.2 11.3171 44.4958
7.3 11.3171 44.4958
7.4 11.317 44.4958
7.5 11.317 44.4958
7.6 11.317 44.4958
7.7 11.317 44.4958
7.8 11.317 44.4958
7.9 11.317 44.4958
8 11.3169 44.4958
8.1 11.3169 44.4958
8.2 11.3169 44.4958
8.3 11.3169 44.4958
8.4 11.3169 44.4958
8.5 11.3168 44.4958
8.6 11.3168 44.4958
8.7 11.3168 44.4958
8.8 11.3168 44.4958
8.9 11.3168 44.4958
9 11.3168 44.4958
9.1 11.3167 44.4958
9.2 11.3167 44.4958
9.3 11.3167 44.4958
9.4 11.3167 44.4958
9.5 11.3167 44.4958
9.6 11.3167 44.4958
9.7 11.3166 44.4958
9.8 11.3166 44.4958
9.9 11.3166 44.4958
10 11.3166 44.4958
10.1 11.3166 44.4958
10.2 11.3166 44.4958
10.3 11.3166 44.4958
10.4 11.3165 44.4958
10.5 11.3165 44.4958
10.6 11.3165 44.4958
10.7 11.3165 44.4958
10.8 11.3165 44.4958
10.9 11.3165 44.4958
11 11.3165 44.4958
11.1 11.3165 44.4958
11.2 11.3165 44.4958
11.3 11.3165 44.4958
11.4 11.3165 44.4958
11.5 11.3165 44.4957
11.6 11.3164 44.4957
11.7 11.3164 44.4957
11.8 11.3164 44.4957
11.9 11.3164 44.4957
12 11.3164 44.4957
12.1 11.3164 44.4957
12.2 11.3164 44.4957
12.3 11.3164 44.4957
12.4 11.3164 44.4957
12.5 11.3164 44.4957
12.6 11.3164 44.4957
12.7 11.3164 44.4957
12.8 11.3164 44.4957
12.9 11.3164 44.4957
13 11.3165 44.4957
13.1 11.3165 44.4957
13.2 11.3165 44.4956
13.3 11.3165 44.4956
13.4 11.3165 44.4956
13.5 11.3165 44.4956
13.6 11.3165 44.4956
13.7 11.3165 44.4956
13.8 11.3165 44.4956
13.9 11.3165 44.4956
14 11.3165 44.4956
14.1 11.3165 44.4956
14.2 11.3165 44.4956
14.3 11.3165 44.4956
14.4 11.3165 44.4955
14.5 11.3165 44.4955
14.6 11.3165 44.4955
14.7 11.3165 44.4955
14.8 11.3165 44.4955
14.9 11.3165 44.4955
15 11.3165 44.4955
15.1 11.3165 44.4955
15.2 11.3165 44.4955
15.3 11.3165 44.4955
15.4 11.3165 44.4954
15.5 11.3165 44.4954
15.6 11.3165 44.4954
15.7 11.3165 44.4954
15.8 11.3165 44.4954
15.9 11.3165 44.4954
16 11.3166 44.4954
16.1 11.3166 44.4954
16.2 11.3166 44.4954
16.3 11.3166 44.4953
16.4 11.3166 44.4953
16.5 11.3166 44.4953
16.6 11.3166 44.4953
16.7 11.3166 44.4953
16.8 11.3166 44.4953
16.9 11.3166 44.4953
17 11.3166 44.4953
17.1 11.3166 44.4953
17.2 11.3166 44.4952
17.3 11.3166 44.4952
17.4 11.3166 44.4952
17.5 11.3166 44.4952
17.6 11.3166 44.4952
17.7 11.3166 44.4952
17.8 11.3166 44.4952
17.9 11.3166 44.4952
18 11.3166 44.4952
18.1 11.3166 44.4952
18.2 11.3166 44.4952
18.3 11.3166 44.4952
18.4 11.3166 44.4952
18.5 11.3166 44.4952
18.6 11.3166 44.4952
18.7 11.3166 44.4951
18.8 11.3166 44.4951
18.9 11.3166 44.4951
19 11.3166 44.4951
19.1 11.3167 44.4951
19.2 11.3167 44.4951
19.3 11.3167 44.4951
19.4 11.3167 44.4951
19.5 11.3167 44.4951
19.6 11.3167 44.4951
19.7 11.3167 44.4951
19.8 11.3167 44.4951
19.9 11.3167 44.4951
20 11.3167 44.4951
20.1 11.3167 44.4951
20.2 11.3167 44.4951
20.3 11.3167 44.4951
20.4 11.3168 44.4951
20.5 11.3168 44.4951
20.6 11.3168 44.4951
20.7 11.3168 44.4951
20.8 11.3168 44.4951
20.9 11.3168 44.4951
21 11.3168 44.4951
21.1 11.3168 44.4951
21.2 11.3168 44.4951
21.3 11.3168 44.4951
21.4 11.3169 44.4951
21.5 11.3169 44.4951
21.6 11.3169 44.4951
21.7 11.3169 44.4951
21.8 11.3169 44.4951
21.9 11.3169 44.4951
22 11.3169 44.4951
22.1 11.3169 44.4951
22.2 11.317 44.4952
22.3 11.317 44.4952
22.4 11.317 44.4952
22.5 11.317 44.4952
22.6 11.317 44.4952
22.7 11.317 44.4952
22.8 11.317 44.4952
22.9 11.3171 44.4952
23 11.3171 44.4952
23.1 11.3171 44.4952
23.2 11.3171 44.4952
23.3 11.3171 44.4952
23.4 11.3171 44.4952
23.5 11.3172 44.4952
23.6 11.3172 44.4952
23.7 11.3172 44.4952
23.8 11.3172 44.4952
23.9 11.3172 44.4952
24 11.3172 44.4952
24.1 11.3173 44.4952
24.2 11.3173 44.4952
24.3 11.3173 44.4952
24.4 11.3173 44.4952
24.5 11.3173 44.4952
24.6 11.3174 44.4952
24.7 11.3174 44.4952
24.8 11.3174 44.4952
24.9 11.3174 44.4952
25 11.3174 44.4952
25.1 11.3174 44.4952
25.2 11.3175 44.4952
25.3 11.3175 44.4952
25.4 11.3175 44.4952
25.5 11.3175 44.4952
25.6 11.3175 44.4952
25.7 11.3175 44.4952
25.8 11.3175 44.4952
25.9 11.3176 44.4952
26 11.3176 44.4952
26.1 11.3176 44.4952
26.2 11.3176 44.4952
26.3 11.3176 44.4952
26.4 11.3176 44.4952
26.5 11.3176 44.4952
26.6 11.3176 44.4952
26.7 11.3176 44.4952
26.8 11.3176 44.4952
26.9 11.3176 44.4952
27 11.3176 44.4952
27.1 11.3176 44.4952
27.2 11.3177 44.4952
27.3 11.3177 44.4953
27.4 11.3177 44.4953
27.5 11.3177 44.4953
27.6 11.3177 44.4953
27.7 11.3177 44.4953
27.8 11.3177 44.4953
27.9 11.3177 44.4953
28 11.3177 44.4953
28.1 11.3177 44.4953
28.2 11.3177 44.4953
28.3 11.3177 44.4953
28.4 11.3177 44.4953
28.5 11.3177 44.4953
28.6 11.3177 44.4953
28.7 11.3177 44.4954
28.8 11.3177 44.4954
28.9 11.3177 44.4954
29 11.3177 44.4954
29.1 11.3177 44.4954
29.2 11.3176 44.4954
29.3 11.3176 44.4954
29.4 11.3176 44.4954
29.5 11.3176 44.4954
29.6 11.3176 44.4954
29.7 11.3176 44.4955
29.8 11.3176 44.4955
29.9 11.3176 44.4955
30 11.3176 44.4955
30.1 11.3176 44.4955
30.2 11.3176 44.4955
30.3 11.3176 44.4955
30.4 11.3176 44.4955
30.5 11.3176 44.4955
30.6 11.3176 44.4956
30.7 11.3176 44.4956
30.8 11.3176 44.4956
30.9 11.3176 44.4956
31 11.3176 44.4956
31.1 11.3176 44.4956
31.2 11.3176 44.4956
31.3 11.3176 44.4956
31.4 11.3176 44.4957
31.5 11.3176 44.4957
31.6 11.3176 44.4957
31.7 11.3176 44.4957
31.8 11.3176 44.4957
31.9 11.3176 44.4957
32 11.3176 44.4957
32.1 11.3176 44.4957
32.2 11.3176 44.4958
32.3 11.3176 44.4958
32.4 11.3176 44.4958
32.5 11.3176 44.4958
32.6 11.3176 44.4958
32.7 11.3176 44.4958
32.8 11.3176 44.4958
32.9 11.3176 44.4958
33 11.3176 44.4958
33.1 11.3176 44.4958
33.2 11.3176 44.4958
33.3 11.3176 44.4958
33.4 11.3176 44.4958
33.5 11.3176 44.4959
33.6 11.3176 44.4959
33.7 11.3176 44.4959
33.8 11.3176 44.4959
33.9 11.3176 44.4959
34 11.3176 44.4959
34.1 11.3176 44.4959
34.2 11.3176 44.4959
34.3 11.3176 44.4959
34.4 11.3176 44.4959
34.5 11.3176 44.4959
34.6 11.3176 44.4959
34.7 11.3176 44.4959
34.8 11.3176 44.4959
34.9 11.3176 44.4959
35 11.3175 44.4959
35.1 11.3175 44.4959
35.2 11.3175 44.4959
35.3 11.3175 44.4959
35.4 11.3175 44.4959
35.5 11.3175 44.4959
35.6 11.3175 44.4959
35.7 11.3175 44.4959
35.8 11.3175 44.4959
35.9 11.3175 44.4959
36 11.3174 44.4959
36.1 11.3174 44.4959
36.2 11.3174 44.4959
36.3 11.3174 44.4959
36.4 11.3174 44.4959
36.5 11.3174 44.4959
36.6 11.3174 44.4959
36.7 11.3174 44.4959
36.8 11.3173 44.4959
36.9 11.3173 44.4959
37 11.3173 44.4959
37.1 11.3173 44.4959
37.2 11.3173 44.4959
37.3 11.3173 44.4959
37.4 11.3173 44.4959
37.5 11.3173 44.4959
37.6 11.3172 44.4959
37.7 11.3172 44.4958
37.8 11.3172 44.4958
37.9 11.3172 44.4958
38 11.3172 44.4958
38.1 11.3172 44.4958
38.2 11.3171 44.4958
38.3 11.3171 44.4958
38.4 11.3171 44.4958
38.5 11.3171 44.4958
38.6 11.3171 44.4958
38.7 11.3171 44.4958
38.8 11.317 44.4958
38.9 11.317 44.4958
39 11.317 44.4958
39.1 11.317 44.4958
39.2 11.317 44.4958
39.3 11.3169 44.4958
39.4 11.3169 44.4958
39.5 11.3169 44.4958
39.6 11.3169 44.4958
39.7 11.3169 44.4958
39.8 11.3169 44.4958
39.9 11.3168 44.4958
40 11.3168 44.4958
40.1 11.3168 44.4958
40.2 11.3168 44.4958
40.3 11.3168 44.4958
40.4 11.3168 44.4958
40.5 11.3167 44.4958
40.6 11.3167 44.4958
40.7 11.3167 44.4958
40.8 11.3167 44.4958
40.9 11.3167 44.4958
41 11.3166 44.4958
41.1 11.3166 44.4958
41.2 11.3166 44.4958
41.3 11.3166 44.4958
41.4 11.3166 44.4958
41.5 11.3166 44.4958
41.6 11.3166 44.4958
41.7 11.3166 44.4958
41.8 11.3165 44.4958
41.9 11.3165 44.4958
42 11.3165 44.4958
42.1 11.3165 44.4958
42.2 11.3165 44.4958
42.3 11.3165 44.4958
42.4 11.3165 44.4958
42.5 11.3165 44.4958
42.6 11.3165 44.4958
42.7 11.3165 44.4958
42.8 11.3165 44.4957
42.9 11.3164 44.4957
43 11.3164 44.4957
43.1 11.3164 44.4957
43.2 11.3164 44.4957
43.3 11.3164 44.4957
43.4 11.3164 44.4957
43.5 11.3164 44.4957
43.6 11.3164 44.4957
43.7 11.3164 44.4957
43.8 11.3164 44.4957
43.9 11.3164 44.4957
44 11.3164 44.4957
44.1 11.3164 44.4957
44.2 11.3164 44.4957
44.3 11.3165 44.4957
44.4 11.3165 44.4957
44.5 11.3165 44.4956
44.6 11.3165 44.4956
44.7 11.3165 44.4956
44.8 11.3165 44.4956
44.9 11.3165 44.4956
45 11.3165 44.4956
45.1 11.3165 44.4956
45.2 11.3165 44.4956
45.3 11.3165 44.4956
45.4 11.3165 44.4956
45.5 11.3165 44.4956
45.6 11.3165 44.4956
45.7 11.3165 44.4955
45.8 11.3165 44.4955
45.9 11.3165 44.4955
46 11.3165 44.4955
46.1 11.3165 44.4955
46.2 11.3165 44.4955
46.3 11.3165 44.4955
46.4 11.3165 44.4955
46.5 11.3165 44.4955
46.6 11.3165 44.4955
46.7 11.3165 44.4954
46.8 11.3165 44.4954
46.9 11.3165 44.4954
47 11.3165 44.4954
47.1 11.3165 44.4954
47.2 11.3165 44.4954
47.3 11.3166 44.4954
47.4 11.3166 44.4954
47.5 11.3166 44.4954
47.6 11.3166 44.4953
47.7 11.3166 44.4953
47.8 11.3166 44.4953
47.9 11.3166 44.4953
48 11.3166 44.4953
48.1 11.3166 44.4953
48.2 11.3166 44.4953
48.3 11.3166 44.4953
48.4 11.3166 44.4953
48.5 11.3166 44.4952
48.6 11.3166 44.4952
48.7 11.3166 44.4952
48.8 11.3166 44.4952
48.9 11.3166 44.4952
49 11.3166 44.4952
49.1 11.3166 44.4952
49.2 11.3166 44.4952
49.3 11.3166 44.4952
49.4 11.3166 44.4952
49.5 11.3166 44.4952
49.6 11.3166 44.4952
49.7 11.3166 44.4952
49.8 11.3166 44.4952
49.9 11.3166 44.4952
50 11.3166 44.4951
50.1 11.3166 44.4951
50.2 11.3166 44.4951
50.3 11.3166 44.4951
50.4 11.3167 44.4951
50.5 11.3167 44.4951
50.6 11.3167 44.4951
50.7 11.3167 44.4951
50.8 11.3167 44.4951
50.9 11.3167 44.4951
51 11.3167 44.4951
51.1 11.3167 44.4951
51.2 11.3167 44.4951
51.3 11.3167 44.4951
51.4 11.3167 44.4951
51.5 11.3167 44.4951
51.6 11.3167 44.4951
51.7 11.3168 44.4951
51.8 11.3168 44.4951
51.9 11.3168 44.4951
52 11.3168 44.4951
52.1 11.3168 44.4951
52.2 11.3168 44.4951
52.3 11.3168 44.4951
52.4 11.3168 44.4951
52.5 11.3168 44.4951
52.6 11.3168 44.4951
52.7 11.3169 44.4951
52.8 11.3169 44.4951
52.9 11.3169 44.4951
53 11.3169 44.4951
53.1 11.3169 44.4951
53.2 11.3169 44.4951
53.3 11.3169 44.4951
53.4 11.3169 44.4951
53.5 11.317 44.4952
53.6 11.317 44.4952
53.7 11.317 44.4952
53.8 11.317 44.4952
53.9 11.317 44.4952
54 11.317 44.4952
54.1 11.317 44.4952
54.2 11.3171 44.4952
54.3 11.3171 44.4952
54.4 11.3171 44.4952
54.5 11.3171 44.4952
54.6 11.3171 44.4952
54.7 11.3171 44.4952
54.8 11.3171 44.4952
54.9 11.3172 44.4952
55 11.3172 44.4952
55.1 11.3172 44.4952
55.2 11.3172 44.4952
55.3 11.3172 44.4952
55.4 11.3173 44.4952
55.5 11.3173 44.4952
55.6 11.3173 44.4952
55.7 11.3173 44.4952
55.8 11.3173 44.4952
55.9 11.3173 44.4952
56 11.3174 44.4952
56.1 11.3174 44.4952
56.2 11.3174 44.4952
56.3 11.3174 44.4952
56.4 11.3174 44.4952
56.5 11.3175 44.4952
56.6 11.3175 44.4952
56.7 11.3175 44.4952
56.8 11.3175 44.4952
56.9 11.3175 44.4952
57 11.3175 44.4952
57.1 11.3176 44.4952
57.2 11.3176 44.4952
57.3 11.3176 44.4952
57.4 11.3176 44.4952
57.5 11.3176 44.4952
57.6 11.3176 44.4952
57.7 11.3176 44.4952
57.8 11.3177 44.4952
57.9 11.3177 44.4952
58 11.3177 44.4952
58.1 11.3177 44.4952
58.2 11.3177 44.4952
58.3 11.3177 44.4952
58.4 11.3177 44.4952
58.5 11.3178 44.4952
58.6 11.3178 44.4952
58.7 11.3178 44.4952
58.8 11.3178 44.4952
58.9 11.3178 44.4952
59 11.3178 44.4952
59.1 11.3178 44.4952
59.2 11.3178 44.4952
59.3 11.3179 44.4952
59.4 11.3179 44.4952
59.5 11.3179 44.4952
59.6 11.3179 44.4952
59.7 11.3179 44.4952
59.8 11.3179 44.4952
59.9 11.3179 44.4951
60 11.3179 44.4951
60.1 11.3179 44.4951
60.2 11.3179 44.4951
60.3 11.3179 44.4951
60.4 11.3179 44.4951
60.5 11.3179 44.4951
60.6 11.3179 44.4951
60.7 11.3179 44.4951
60.8 11.3179 44.4951
60.9 11.3179 44.4951
61 11.3179 44.4951
61.1 11.3179 44.4951
61.2 11.3179 44.495
61.3 11.3179 44.495
61.4 11.3179 44.495
61.5 11.3179 44.495
61.6 11.3179 44.495
61.7 11.3179 44.495
61.8 11.3179 44.495
61.9 11.3179 44.495
62 11.3179 44.495
62.1 11.3179 44.495
62.2 11.3179 44.495
62.3 11.3179 44.495
62.4 11.3179 44.4949
62.5 11.3179 44.4949
62.6 11.3179 44.4949
62.7 11.3179 44.4949
62.8 11.3179 44.4949
62.9 11.3179 44.4949
63 11.3179 44.4949
63.1 11.3179 44.4949
63.2 11.3179 44.4949
63.3 11.3179 44.4949
63.4 11.3179 44.4949
63.5 11.3179 44.4949
63.6 11.3179 44.4949
63.7 11.3179 44.4948
63.8 11.3179 44.4948
63.9 11.3179 44.4948
64 11.3179 44.4948
64.1 11.3179 44.4948
64.2 11.3179 44.4948
64.3 11.3179 44.4948
64.4 11.3179 44.4948
64.5 11.3179 44.4948
64.6 11.3179 44.4948
64.7 11.3179 44.4948
64.8 11.3179 44.4948
64.9 11.3179 44.4948
65 11.3179 44.4947
65.1 11.3179 44.4947
65.2 11.3179 44.4947
65.3 11.3179 44.4947
65.4 11.3179 44.4947
65.5 11.3179 44.4947
65.6 11.3179 44.4947
65.7 11.3179 44.4947
65.8 11.3179 44.4947
65.9 11.3179 44.4947
66 11.3179 44.4947
66.1 11.3179 44.4947
66.2 11.3179 44.4947
66.3 11.3179 44.4946
66.4 11.3179 44.4946
66.5 11.3179 44.4946
66.6 11.3179 44.4946
66.7 11.3179 44.4946
66.8 11.3179 44.4946
66.9 11.3179 44.4946
67 11.3179 44.4946
67.1 11.3179 44.4946
67.2 11.3179 44.4946
67.3 11.3179 44.4946
67.4 11.3179 44.4946
67.5 11.3179 44.4946
67.6 11.3179 44.4945
67.7 11.3179 44.4945
67.8 11.3179 44.4945
67.9 11.3179 44.4945
68 11.3179 44.4945
68.1 11.3179 44.4945
68.2 11.3179 44.4945
68.3 11.3179 44.4945
68.4 11.3179 44.4945
68.5 11.3179 44.4945
68.6 11.3179 44.4945
68.7 11.3179 44.4945
68.8 11.3179 44.4945
68.9 11.3179 44.4944
69 11.3179 44.4944
69.1 11.3179 44.4944
69.2 11.3179 44.4944
69.3 11.3179 44.4944
69.4 11.3179 44.4944
69.5 11.3179 44.4944
69.6 11.3179 44.4944
69.7 11.3179 44.4944
69.8 11.3179 44.4944
69.9 11.3179 44.4944
70 11.3179 44.4944
70.1 11.3179 44.4944
70.2 11.3179 44.4943
70.3 11.3179 44.4943
70.4 11.3179 44.4943
70.5 11.3179 44.4943
70.6 11.3179 44.4943
70.7 11.3179 44.4943
70.8 11.3179 44.4943
70.9 11.3179 44.4943
71 11.3179 44.4943
71.1 11.3179 44.4943
71.2 11.3179 44.4943
71.3 11.3179 44.4943
71.4 11.3179 44.4942
71.5 11.3179 44.4942
71.6 11.3179 44.4942
71.7 11.3179 44.4942
71.8 11.3179 44.4942
71.9 11.3179 44.4942
72 11.3179 44.4942
72.1 11.3179 44.4942
72.2 11.3179 44.4942
72.3 11.3179 44.4942
72.4 11.3179 44.4942
72.5 11.3179 44.4942
72.6 11.3179 44.4942
72.7 11.3179 44.4941
72.8 11.3179 44.4941
72.9 11.3179 44.4941
73 11.3179 44.4941
73.1 11.3179 44.4941
73.2 11.3179 44.4941
73.3 11.3179 44.4941
73.4 11.3179 44.4941
73.5 11.3179 44.4941
73.6 11.3179 44.4941
73.7 11.3179 44.4941
73.8 11.3179 44.4941
73.9 11.3179 44.4941
74 11.3179 44.494
74.1 11.3179 44.494
74.2 11.3179 44.494
74.3 11.3179 44.494
74.4 11.3179 44.494
74.5 11.3179 44.494
74.6 11.3179 44.494
74.7 11.3179 44.494
74.8 11.3179 44.494
74.9 11.3179 44.494
75 11.3179 44.494
75.1 11.3179 44.494
75.2 11.3179 44.494
75.3 11.3179 44.4939
75.4 11.3179 44.4939
75.5 11.3179 44.4939
75.6 11.3179 44.4939
75.7 11.3179 44.4939
75.8 11.3179 44.4939
75.9 11.3179 44.4939
76 11.3179 44.4939
76.1 11.3179 44.4939
76.2 11.3179 44.4939
76.3 11.3179 44.4939
76.4 11.3179 44.4939
76.5 11.3179 44.4939
76.6 11.3179 44.4938
76.7 11.3179 44.4938
76.8 11.3179 44.4938
76.9 11.3179 44.4938
77 11.3179 44.4938
77.1 11.3179 44.4938
77.2 11.3179 44.4938
77.3 11.3179 44.4938
77.4 11.3179 44.4938
77.5 11.3179 44.4938
77.6 11.3179 44.4938
77.7 11.3179 44.4938
77.8 11.3179 44.4938
77.9 11.3179 44.4937
78 11.3179 44.4937
78.1 11.3179 44.4937
78.2 11.3179 44.4937
78.3 11.3179 44.4937
78.4 11.3179 44.4937
78.5 11.3179 44.4937
78.6 11.318 44.4937
78.7 11.318 44.4937
78.8 11.318 44.4937
78.9 11.318 44.4937
79 11.318 44.4937
79.1 11.318 44.4937
79.2 11.318 44.4937
79.3 11.318 44.4937
79.4 11.318 44.4937
79.5 11.3181 44.4937
79.6 11.3181 44.4937
79.7 11.3181 44.4937
79.8 11.3181 44.4937
79.9 11.3181 44.4937
80 11.3181 44.4937
80.1 11.3181 44.4937
80.2 11.3181 44.4937
80.3 11.3181 44.4937
80.4 11.3181 44.4937
80.5 11.3182 44.4937
80.6 11.3182 44.4937
80.7 11.3182 44.4937
80.8 11.3182 44.4937
80.9 11.3182 44.4937
81 11.3182 44.4937
81.1 11.3182 44.4936
81.2 11.3182 44.4936
81.3 11.3182 44.4936
81.4 11.3182 44.4936
81.5 11.3183 44.4936
81.6 11.3183 44.4936
81.7 11.3183 44.4936
81.8 11.3183 44.4936
81.9 11.3183 44.4936
82 11.3183 44.4936
82.1 11.3183 44.4936
82.2 11.3183 44.4936
82.3 11.3183 44.4936
82.4 11.3183 44.4936
82.5 11.3184 44.4936
82.6 11.3184 44.4936
82.7 11.3184 44.4936
82.8 11.3184 44.4936
82.9 11.3184 44.4936
83 11.3184 44.4936
83.1 11.3184 44.4936
83.2 11.3184 44.4936
83.3 11.3184 44.4936
83.4 11.3184 44.4936
83.5 11.3185 44.4936
83.6 11.3185 44.4936
83.7 11.3185 44.4936
83.8 11.3185 44.4936
83.9 11.3185 44.4936
84 11.3185 44.4936
84.1 11.3185 44.4936
84.2 11.3185 44.4936
84.3 11.3185 44.4936
84.4 11.3185 44.4936
84.5 11.3186 44.4936
84.6 11.3186 44.4935
84.7 11.3186 44.4935
84.8 11.3186 44.4935
84.9 11.3186 44.4935
85 11.3186 44.4935
85.1 11.3186 44.4935
85.2 11.3186 44.4935
85.3 11.3186 44.4935
85.4 11.3186 44.4935
85.5 11.3187 44.4935
85.6 11.3187 44.4935
85.7 11.3187 44.4935
85.8 11.3187 44.4935
85.9 11.3187 44.4935
86 11.3187 44.4935
86.1 11.3187 44.4935
86.2 11.3187 44.4935
86.3 11.3187 44.4935
86.4 11.3187 44.4935
86.5 11.3187 44.4935
86.6 11.3187 44.4935
86.7 11.3188 44.4935
86.8 11.3188 44.4935
86.9 11.3188 44.4935
87 11.3188 44.4935
87.1 11.3188 44.4935
87.2 11.3188 44.4935
87.3 11.3188 44.4935
87.4 11.3188 44.4935
87.5 11.3188 44.4935
87.6 11.3188 44.4935
87.7 11.3188 44.4935
87.8 11.3188 44.4935
87.9 11.3188 44.4936
88 11.3188 44.4936
88.1 11.3188 44.4936
88.2 11.3188 44.4936
88.3 11.3188 44.4936
88.4 11.3188 44.4936
88.5 11.3188 44.4936
88.6 11.3188 44.4936
88.7 11.3188 44.4936
88.8 11.3188 44.4936
88.9 11.3188 44.4936
89 11.3188 44.4936
89.1 11.3188 44.4936
89.2 11.3188 44.4936
89.3 11.3189 44.4936
89.4 11.3189 44.4937
89.5 11.3189 44.4937
89.6 11.3189 44.4937
89.7 11.3189 44.4937
89.8 11.3189 44.4937
89.9 11.3189 44.4937
