0 11.319 44.4939
0.1 11.319 44.4939
0.2 11.319 44.4939
0.3 11.319 44.4939
0.4 11.319 44.4939
0.5 11.319 44.4939
0.6 11.319 44.4939
0.7 11.319 44.4939
0.8 11.319 44.494
0.9 11.319 44.494
1 11.319 44.494
1.1 11.319 44.494
1.2 11.319 44.494
1.3 11.319 44.494
1.4 11.319 44.494
1.5 11.319 44.494
1.6 11.319 44.494
1.7 11.319 44.494
1.8 11.319 44.494
1.9 11.319 44.494
2 11.319 44.494
2.1 11.319 44.494
2.2 11.319 44.494
2.3 11.319 44.494
2.4 11.3191 44.4941
2.5 11.3191 44.4941
2.6 11.3191 44.4941
2.7 11.3191 44.4941
2.8 11.3191 44.4941
2.9 11.3191 44.4941
3 11.3191 44.4941
3.1 11.3191 44.4941
3.2 11.3191 44.4941
3.3 11.3191 44.4941
3.4 11.3191 44.4941
3.5 11.3191 44.4941
3.6 11.3191 44.4941
3.7 11.3191 44.4941
3.8 11.3191 44.4941
3.9 11.3191 44.4941
4 11.3191 44.4942
4.1 11.3191 44.4942
4.2 11.3191 44.4942
4.3 11.3191 44.4942
4.4 11.3191 44.4942
4.5 11.3191 44.4942
4.6 11.3191 44.4942
4.7 11.3191 44.4942
4.8 11.3191 44.4942
4.9 11.3191 44.4942
5 11.3191 44.4942
5.1 11.3191 44.4942
5.2 11.3191 44.4942
5.3 11.3191 44.4942
5.4 11.3191 44.4942
5.5 11.3191 44.4942
5.6 11.3191 44.4942
5.7 11.3192 44.4943
5.8 11.3192 44.4943
5.9 11.3192 44.4943
6 11.3192 44.4943
6.1 11.3192 44.4943
6.2 11.3192 44.4943
6.3 11.3192 44.4943
6.4 11.3192 44.4943
6.5 11.3192 44.4943
6.6 11.3192 44.4943
6.7 11.3192 44.4943
6.8 11.3192 44.4943
6.9 11.3192 44.4943
7 11.3192 44.4943
7.1 11.3192 44.4943
7.2 11.3192 44.4943
7.3 11.3192 44.4944
7.4 11.3192 44.4944
7.5 11.3192 44.4944
7.6 11.3192 44.4944
7.7 11.3192 44.4944
7.8 11.3192 44.4944
7.9 11.3192 44.4944
8 11.3192 44.4944
8.1 11.3192 44.4944
8.2 11.3192 44.4944
8.3 11.3192 44.4944
8.4 11.3192 44.4944
8.5 11.3192 44.4944
8.6 11.3192 44.4944
8.7 11.3192 44.4944
8.8 11.3192 44.4944
8.9 11.3192 44.4944
9 11.3193 44.4945
9.1 11.3193 44.4945
9.2 11.3193 44.4945
9.3 11.3193 44.4945
9.4 11.3193 44.4945
9.5 11.3193 44.4945
9.6 11.3193 44.4945
9.7 11.3193 44.4945
9.8 11.3193 44.4945
9.9 11.3193 44.4945
10 11.3193 44.4945
10.1 11.3193 44.4945
10.2 11.3193 44.4945
10.3 11.3193 44.4945
10.4 11.3193 44.4945
10.5 11.3193 44.4945
10.6 11.3193 44.4946
10.7 11.3193 44.4946
10.8 11.3193 44.4946
10.9 11.3193 44.4946
11 11.3193 44.4946
11.1 11.3193 44.4946
11.2 11.3193 44.4946
11.3 11.3193 44.4946
11.4 11.3193 44.4946
11.5 11.3193 44.4946
11.6 11.3193 44.4946
11.7 11.3193 44.4946
11.8 11.3193 44.4946
11.9 11.3193 44.4946
12 11.3193 44.4946
12.1 11.3193 44.4946
12.2 11.3193 44.4947
12.3 11.3194 44.4947
12.4 11.3194 44.4947
12.5 11.3194 44.4947
12.6 11.3194 44.4947
12.7 11.3194 44.4947
12.8 11.3194 44.4947
12.9 11.3194 44.4947
13 11.3194 44.4947
13.1 11.3194 44.4947
13.2 11.3194 44.4947
13.3 11.3194 44.4947
13.4 11.3194 44.4947
13.5 11.3194 44.4947
13.6 11.3194 44.4947
13.7 11.3194 44.4947
13.8 11.3194 44.4947
13.9 11.3194 44.4948
14 11.3194 44.4948
14.1 11.3194 44.4948
14.2 11.3194 44.4948
14.3 11.3194 44.4948
14.4 11.3194 44.4948
14.5 11.3194 44.4948
14.6 11.3194 44.4948
14.7 11.3194 44.4948
14.8 11.3194 44.4948
14.9 11.3194 44.4948
15 11.3194 44.4948
15.1 11.3194 44.4948
15.2 11.3194 44.4948
15.3 11.3194 44.4948
15.4 11.3194 44.4948
15.5 11.3194 44.4949
15.6 11.3195 44.4949
15.7 11.3195 44.4949
15.8 11.3195 44.4949
15.9 11.3195 44.4949
16 11.3195 44.4949
16.1 11.3195 44.4949
16.2 11.3195 44.4949
16.3 11.3195 44.4949
16.4 11.3195 44.4949
16.5 11.3195 44.4949
16.6 11.3195 44.4949
16.7 11.3195 44.4949
16.8 11.3195 44.4949
16.9 11.3195 44.4949
17 11.3195 44.4949
17.1 11.3195 44.495
17.2 11.3195 44.495
17.3 11.3195 44.495
17.4 11.3195 44.495
17.5 11.3195 44.495
17.6 11.3195 44.495
17.7 11.3195 44.495
17.8 11.3195 44.495
17.9 11.3195 44.495
18 11.3195 44.495
18.1 11.3195 44.495
18.2 11.3195 44.495
18.3 11.3195 44.495
18.4 11.3195 44.495
18.5 11.3195 44.495
18.6 11.3195 44.495
18.7 11.3195 44.495
18.8 11.3195 44.4951
18.9 11.3196 44.4951
19 11.3196 44.4951
19.1 11.3196 44.4951
19.2 11.3196 44.4951
19.3 11.3196 44.4951
19.4 11.3196 44.4951
19.5 11.3196 44.4951
19.6 11.3196 44.4951
19.7 11.3196 44.4951
19.8 11.3196 44.4951
19.9 11.3196 44.4951
20 11.3196 44.4951
20.1 11.3196 44.4951
20.2 11.3196 44.4951
20.3 11.3196 44.4951
20.4 11.3196 44.4952
20.5 11.3196 44.4952
20.6 11.3196 44.4952
20.7 11.3196 44.4952
20.8 11.3196 44.4952
20.9 11.3196 44.4952
21 11.3196 44.4952
21.1 11.3196 44.4952
21.2 11.3196 44.4952
21.3 11.3196 44.4952
21.4 11.3196 44.4952
21.5 11.3196 44.4952
21.6 11.3196 44.4952
21.7 11.3196 44.4952
21.8 11.3196 44.4952
21.9 11.3196 44.4952
22 11.3196 44.4952
22.1 11.3196 44.4953
22.2 11.3196 44.4953
22.3 11.3197 44.4953
22.4 11.3197 44.4953
22.5 11.3197 44.4953
22.6 11.3197 44.4953
22.7 11.3197 44.4953
22.8 11.3197 44.4953
22.9 11.3197 44.4953
23 11.3197 44.4953
23.1 11.3197 44.4953
23.2 11.3197 44.4953
23.3 11.3197 44.4953
23.4 11.3197 44.4953
23.5 11.3197 44.4953
23.6 11.3197 44.4953
23.7 11.3197 44.4953
23.8 11.3198 44.4953
23.9 11.3198 44.4953
24 11.3198 44.4953
24.1 11.3198 44.4953
24.2 11.3198 44.4953
24.3 11.3198 44.4953
24.4 11.3198 44.4953
24.5 11.3198 44.4953
24.6 11.3198 44.4953
24.7 11.3198 44.4953
24.8 11.3199 44.4953
24.9 11.3199 44.4953
25 11.3199 44.4953
25.1 11.3199 44.4953
25.2 11.3199 44.4953
25.3 11.3199 44.4953
25.4 11.3199 44.4953
25.5 11.3199 44.4953
25.6 11.32 44.4953
25.7 11.32 44.4953
25.8 11.32 44.4953
25.9 11.32 44.4953
26 11.32 44.4953
26.1 11.32 44.4953
26.2 11.32 44.4954
26.3 11.3201 44.4954
26.4 11.3201 44.4954
26.5 11.3201 44.4954
26.6 11.3201 44.4954
26.7 11.3201 44.4954
26.8 11.3201 44.4954
26.9 11.3202 44.4954
27 11.3202 44.4954
27.1 11.3202 44.4954
27.2 11.3202 44.4954
27.3 11.3202 44.4954
27.4 11.3202 44.4954
27.5 11.3203 44.4954
27.6 11.3203 44.4954
27.7 11.3203 44.4954
27.8 11.3203 44.4954
27.9 11.3203 44.4954
28 11.3204 44.4954
28.1 11.3204 44.4954
28.2 11.3204 44.4954
28.3 11.3204 44.4954
28.4 11.3204 44.4954
28.5 11.3205 44.4954
28.6 11.3205 44.4954
28.7 11.3205 44.4954
28.8 11.3205 44.4954
28.9 11.3205 44.4954
29 11.3206 44.4954
29.1 11.3206 44.4954
29.2 11.3206 44.4954
29.3 11.3206 44.4954
29.4 11.3206 44.4954
29.5 11.3207 44.4954
29.6 11.3207 44.4954
29.7 11.3207 44.4954
29.8 11.3207 44.4954
29.9 11.3208 44.4954
30 11.3208 44.4954
30.1 11.3208 44.4954
30.2 11.3208 44.4954
30.3 11.3208 44.4954
30.4 11.3209 44.4954
30.5 11.3209 44.4954
30.6 11.3209 44.4954
30.7 11.3209 44.4955
30.8 11.3209 44.4955
30.9 11.321 44.4955
31 11.321 44.4955
31.1 11.321 44.4955
31.2 11.321 44.4955
31.3 11.321 44.4955
31.4 11.321 44.4955
31.5 11.321 44.4955
31.6 11.321 44.4955
31.7 11.3211 44.4955
31.8 11.3211 44.4955
31.9 11.3211 44.4955
32 11.3211 44.4955
32.1 11.3211 44.4955
32.2 11.3211 44.4955
32.3 11.3211 44.4955
32.4 11.3211 44.4955
32.5 11.3211 44.4955
32.6 11.3211 44.4955
32.7 11.3211 44.4955
32.8 11.3212 44.4955
32.9 11.3212 44.4955
33 11.3212 44.4955
33.1 11.3212 44.4955
33.2 11.3212 44.4954
33.3 11.3212 44.4954
33.4 11.3212 44.4954
33.5 11.3212 44.4954
33.6 11.3212 44.4954
33.7 11.3212 44.4954
33.8 11.3212 44.4954
33.9 11.3212 44.4954
34 11.3212 44.4954
34.1 11.3212 44.4954
34.2 11.3212 44.4954
34.3 11.3212 44.4954
34.4 11.3212 44.4954
34.5 11.3212 44.4954
34.6 11.3212 44.4954
34.7 11.3212 44.4954
34.8 11.3212 44.4954
34.9 11.3212 44.4954
35 11.3212 44.4954
35.1 11.3212 44.4954
35.2 11.3212 44.4953
35.3 11.3212 44.4953
35.4 11.3212 44.4953
35.5 11.3212 44.4953
35.6 11.3212 44.4953
35.7 11.3212 44.4953
35.8 11.3212 44.4953
35.9 11.3211 44.4953
36 11.3211 44.4953
36.1 11.3211 44.4953
36.2 11.3211 44.4953
36.3 11.3211 44.4953
36.4 11.3211 44.4953
36.5 11.3211 44.4953
36.6 11.3211 44.4953
36.7 11.3211 44.4953
36.8 11.3211 44.4952
36.9 11.3211 44.4952
37 11.3211 44.4952
37.1 11.3211 44.4952
37.2 11.3211 44.4952
37.3 11.3211 44.4952
37.4 11.3211 44.4952
37.5 11.3211 44.4952
37.6 11.3211 44.4952
37.7 11.3211 44.4952
37.8 11.3211 44.4952
37.9 11.3211 44.4952
38 11.3211 44.4952
38.1 11.3211 44.4952
38.2 11.3211 44.4952
38.3 11.3211 44.4952
38.4 11.3211 44.4951
38.5 11.3211 44.4951
38.6 11.3211 44.4951
38.7 11.3211 44.4951
38.8 11.3211 44.4951
38.9 11.3211 44.4951
39 11.3211 44.4951
39.1 11.3211 44.4951
39.2 11.3211 44.4951
39.3 11.3211 44.4951
39.4 11.3211 44.4951
39.5 11.321 44.4951
39.6 11.321 44.4951
39.7 11.321 44.4951
39.8 11.321 44.4951
39.9 11.321 44.4951
40 11.321 44.495
40.1 11.321 44.495
40.2 11.321 44.495
40.3 11.321 44.495
40.4 11.321 44.495
40.5 11.321 44.495
40.6 11.321 44.495
40.7 11.321 44.495
40.8 11.321 44.495
40.9 11.321 44.495
41 11.321 44.495
41.1 11.321 44.495
41.2 11.321 44.495
41.3 11.321 44.495
41.4 11.321 44.495
41.5 11.321 44.495
41.6 11.321 44.4949
41.7 11.321 44.4949
41.8 11.321 44.4949
41.9 11.321 44.4949
42 11.321 44.4949
42.1 11.321 44.4949
42.2 11.321 44.4949
42.3 11.321 44.4949
42.4 11.321 44.4949
42.5 11.321 44.4949
42.6 11.321 44.4949
42.7 11.321 44.4949
42.8 11.321 44.4949
42.9 11.321 44.4949
43 11.321 44.4949
43.1 11.3209 44.4949
43.2 11.3209 44.4949
43.3 11.3209 44.4948
43.4 11.3209 44.4948
43.5 11.3209 44.4948
43.6 11.3209 44.4948
43.7 11.3209 44.4948
43.8 11.3209 44.4948
43.9 11.3209 44.4948
44 11.3209 44.4948
44.1 11.3209 44.4948
44.2 11.3209 44.4948
44.3 11.3209 44.4948
44.4 11.3209 44.4948
44.5 11.3209 44.4948
44.6 11.3209 44.4948
44.7 11.3209 44.4948
44.8 11.3209 44.4948
44.9 11.3209 44.4947
45 11.3209 44.4947
45.1 11.3209 44.4947
45.2 11.3209 44.4947
45.3 11.3209 44.4947
45.4 11.3209 44.4947
45.5 11.3209 44.4947
45.6 11.3209 44.4947
45.7 11.3209 44.4947
45.8 11.3209 44.4947
45.9 11.3209 44.4947
46 11.3209 44.4947
46.1 11.3209 44.4947
46.2 11.3209 44.4947
46.3 11.3209 44.4947
46.4 11.3209 44.4947
46.5 11.3209 44.4946
46.6 11.3209 44.4946
46.7 11.3208 44.4946
46.8 11.3208 44.4946
46.9 11.3208 44.4946
47 11.3208 44.4946
47.1 11.3208 44.4946
47.2 11.3208 44.4946
47.3 11.3208 44.4946
47.4 11.3208 44.4946
47.5 11.3208 44.4946
47.6 11.3208 44.4946
47.7 11.3208 44.4946
47.8 11.3208 44.4946
47.9 11.3208 44.4946
48 11.3208 44.4946
48.1 11.3208 44.4945
48.2 11.3208 44.4945
48.3 11.3208 44.4945
48.4 11.3208 44.4945
48.5 11.3208 44.4945
48.6 11.3208 44.4945
48.7 11.3208 44.4945
48.8 11.3208 44.4945
48.9 11.3208 44.4945
49 11.3208 44.4945
49.1 11.3208 44.4945
49.2 11.3208 44.4945
49.3 11.3208 44.4945
49.4 11.3208 44.4945
49.5 11.3208 44.4945
49.6 11.3208 44.4945
49.7 11.3208 44.4944
49.8 11.3208 44.4944
49.9 11.3208 44.4944
50 11.3208 44.4944
50.1 11.3208 44.4944
50.2 11.3208 44.4944
50.3 11.3207 44.4944
50.4 11.3207 44.4944
50.5 11.3207 44.4944
50.6 11.3207 44.4944
50.7 11.3207 44.4944
50.8 11.3207 44.4944
50.9 11.3207 44.4944
51 11.3207 44.4944
51.1 11.3207 44.4944
51.2 11.3207 44.4944
51.3 11.3207 44.4944
51.4 11.3207 44.4943
51.5 11.3207 44.4943
51.6 11.3207 44.4943
51.7 11.3207 44.4943
51.8 11.3207 44.4943
51.9 11.3207 44.4943
52 11.3207 44.4943
52.1 11.3207 44.4943
52.2 11.3207 44.4943
52.3 11.3207 44.4943
52.4 11.3207 44.4943
52.5 11.3207 44.4943
52.6 11.3207 44.4943
52.7 11.3207 44.4943
52.8 11.3207 44.4943
52.9 11.3207 44.4943
53 11.3207 44.4943
53.1 11.3207 44.4942
53.2 11.3207 44.4942
53.3 11.3206 44.4942
53.4 11.3206 44.4942
53.5 11.3206 44.4942
53.6 11.3206 44.4942
53.7 11.3206 44.4942
53.8 11.3206 44.4942
53.9 11.3206 44.4942
54 11.3206 44.4942
54.1 11.3206 44.4942
54.2 11.3206 44.4942
54.3 11.3206 44.4942
54.4 11.3206 44.4942
54.5 11.3206 44.4942
54.6 11.3206 44.4942
54.7 11.3206 44.4942
54.8 11.3206 44.4941
54.9 11.3206 44.4941
55 11.3206 44.4941
55.1 11.3206 44.4941
55.2 11.3206 44.4941
55.3 11.3206 44.4941
55.4 11.3206 44.4941
55.5 11.3206 44.4941
55.6 11.3205 44.4941
55.7 11.3205 44.4941
55.8 11.3205 44.4941
55.9 11.3205 44.4941
56 11.3205 44.4941
56.1 11.3205 44.4941
56.2 11.3205 44.4941
56.3 11.3205 44.4941
56.4 11.3205 44.4941
56.5 11.3205 44.4941
56.6 11.3205 44.4941
56.7 11.3205 44.494
56.8 11.3205 44.494
56.9 11.3205 44.494
57 11.3205 44.494
57.1 11.3205 44.494
57.2 11.3205 44.494
57.3 11.3205 44.494
57.4 11.3205 44.494
57.5 11.3204 44.494
57.6 11.3204 44.494
57.7 11.3204 44.494
57.8 11.3204 44.494
57.9 11.3204 44.494
58 11.3204 44.494
58.1 11.3204 44.494
58.2 11.3204 44.494
58.3 11.3204 44.494
58.4 11.3204 44.494
58.5 11.3204 44.4939
58.6 11.3204 44.4939
58.7 11.3204 44.4939
58.8 11.3204 44.4939
58.9 11.3204 44.4939
59 11.3204 44.4939
59.1 11.3204 44.4939
59.2 11.3204 44.4939
59.3 11.3204 44.4939
59.4 11.3204 44.4939
59.5 11.3204 44.4939
59.6 11.3204 44.4939
59.7 11.3204 44.4939
59.8 11.3204 44.4939
59.9 11.3204 44.4939
60 11.3203 44.4939
60.1 11.3203 44.4939
60.2 11.3203 44.4938
60.3 11.3203 44.4938
60.4 11.3203 44.4938
60.5 11.3203 44.4938
60.6 11.3203 44.4938
60.7 11.3203 44.4938
60.8 11.3203 44.4938
60.9 11.3203 44.4938
61 11.3203 44.4938
61.1 11.3203 44.4938
61.2 11.3203 44.4938
61.3 11.3203 44.4938
61.4 11.3203 44.4938
61.5 11.3203 44.4938
61.6 11.3203 44.4938
61.7 11.3203 44.4938
61.8 11.3203 44.4937
61.9 11.3203 44.4937
62 11.3203 44.4937
62.1 11.3203 44.4937
62.2 11.3203 44.4937
62.3 11.3203 44.4937
62.4 11.3203 44.4937
62.5 11.3203 44.4937
62.6 11.3203 44.4937
62.7 11.3203 44.4937
62.8 11.3203 44.4937
62.9 11.3203 44.4937
63 11.3203 44.4937
63.1 11.3202 44.4937
63.2 11.3202 44.4937
63.3 11.3202 44.4937
63.4 11.3202 44.4937
63.5 11.3202 44.4936
63.6 11.3202 44.4936
63.7 11.3202 44.4936
63.8 11.3202 44.4936
63.9 11.3202 44.4936
64 11.3202 44.4936
64.1 11.3202 44.4936
64.2 11.3202 44.4936
64.3 11.3202 44.4936
64.4 11.3202 44.4936
64.5 11.3202 44.4936
64.6 11.3202 44.4936
64.7 11.3202 44.4936
64.8 11.3202 44.4936
64.9 11.3202 44.4936
65 11.3202 44.4936
65.1 11.3202 44.4936
65.2 11.3202 44.4935
65.3 11.3202 44.4935
65.4 11.3202 44.4935
65.5 11.3202 44.4935
65.6 11.3202 44.4935
65.7 11.3202 44.4935
65.8 11.3202 44.4935
65.9 11.3202 44.4935
66 11.3202 44.4935
66.1 11.3201 44.4935
66.2 11.3201 44.4935
66.3 11.3201 44.4935
66.4 11.3201 44.4935
66.5 11.3201 44.4935
66.6 11.3201 44.4935
66.7 11.3201 44.4935
66.8 11.3201 44.4934
66.9 11.3201 44.4934
67 11.3201 44.4934
67.1 11.3201 44.4934
67.2 11.3201 44.4934
67.3 11.3201 44.4934
67.4 11.3201 44.4934
67.5 11.3201 44.4934
67.6 11.3201 44.4934
67.7 11.3201 44.4934
67.8 11.3201 44.4934
67.9 11.3201 44.4934
68 11.3201 44.4934
68.1 11.3201 44.4934
68.2 11.3201 44.4934
68.3 11.3201 44.4934
68.4 11.3201 44.4934
68.5 11.3201 44.4933
68.6 11.3201 44.4933
68.7 11.3201 44.4933
68.8 11.3201 44.4933
68.9 11.3201 44.4933
69 11.3201 44.4933
69.1 11.3201 44.4933
69.2 11.32 44.4933
69.3 11.32 44.4933
69.4 11.32 44.4933
69.5 11.32 44.4933
69.6 11.32 44.4933
69.7 11.32 44.4933
69.8 11.32 44.4933
69.9 11.32 44.4933
70 11.32 44.4933
70.1 11.32 44.4932
70.2 11.32 44.4932
70.3 11.32 44.4932
70.4 11.32 44.4932
70.5 11.32 44.4932
70.6 11.32 44.4932
70.7 11.32 44.4932
70.8 11.32 44.4932
70.9 11.32 44.4932
71 11.32 44.4932
71.1 11.32 44.4932
71.2 11.32 44.4932
71.3 11.32 44.4932
71.4 11.32 44.4932
71.5 11.32 44.4932
71.6 11.32 44.4932
71.7 11.32 44.4932
71.8 11.32 44.4931
71.9 11.32 44.4931
72 11.32 44.4931
72.1 11.32 44.4931
72.2 11.32 44.4931
72.3 11.3199 44.4931
72.4 11.3199 44.4931
72.5 11.3199 44.4931
72.6 11.3199 44.4931
72.7 11.3199 44.4931
72.8 11.3199 44.4931
72.9 11.3199 44.4931
73 11.3199 44.4931
73.1 11.3199 44.4931
73.2 11.3199 44.4931
73.3 11.3199 44.4931
73.4 11.3199 44.493
73.5 11.3199 44.493
73.6 11.3199 44.493
73.7 11.3199 44.493
73.8 11.3199 44.493
73.9 11.3199 44.493
74 11.3199 44.493
74.1 11.3199 44.493
74.2 11.3199 44.493
74.3 11.3199 44.493
74.4 11.3199 44.493
74.5 11.3199 44.493
74.6 11.3199 44.493
74.7 11.3199 44.493
74.8 11.3199 44.493
74.9 11.3199 44.493
75 11.3199 44.493
75.1 11.3199 44.4929
75.2 11.3199 44.4929
75.3 11.3199 44.4929
75.4 11.3198 44.4929
75.5 11.3198 44.4929
75.6 11.3198 44.4929
75.7 11.3198 44.4929
75.8 11.3198 44.4929
75.9 11.3198 44.4929
76 11.3198 44.4929
76.1 11.3198 44.4929
76.2 11.3198 44.4929
76.3 11.3198 44.4929
76.4 11.3198 44.4929
76.5 11.3198 44.4929
76.6 11.3198 44.4929
76.7 11.3198 44.4928
76.8 11.3198 44.4928
76.9 11.3198 44.4928
77 11.3198 44.4928
77.1 11.3198 44.4928
77.2 11.3198 44.4928
77.3 11.3198 44.4928
77.4 11.3198 44.4928
77.5 11.3198 44.4928
77.6 11.3198 44.4928
77.7 11.3198 44.4928
77.8 11.3198 44.4928
77.9 11.3198 44.4928
78 11.3198 44.4928
78.1 11.3198 44.4928
78.2 11.3198 44.4928
78.3 11.3198 44.4928
78.4 11.3198 44.4927
78.5 11.3198 44.4927
78.6 11.3197 44.4927
78.7 11.3197 44.4927
78.8 11.3197 44.4927
78.9 11.3197 44.4927
79 11.3197 44.4927
79.1 11.3197 44.4927
79.2 11.3197 44.4927
79.3 11.3197 44.4927
79.4 11.3197 44.4927
79.5 11.3197 44.4927
79.6 11.3197 44.4927
79.7 11.3197 44.4927
79.8 11.3197 44.4927
79.9 11.3197 44.4927
80 11.3197 44.4926
80.1 11.3197 44.4926
80.2 11.3197 44.4926
80.3 11.3197 44.4926
80.4 11.3197 44.4926
80.5 11.3197 44.4926
80.6 11.3197 44.4926
80.7 11.3197 44.4926
80.8 11.3197 44.4926
80.9 11.3197 44.4926
81 11.3197 44.4926
81.1 11.3197 44.4926
81.2 11.3197 44.4926
81.3 11.3197 44.4926
81.4 11.3197 44.4926
81.5 11.3197 44.4926
81.6 11.3197 44.4925
81.7 11.3196 44.4925
81.8 11.3196 44.4925
81.9 11.3196 44.4925
82 11.3196 44.4925
82.1 11.3196 44.4925
82.2 11.3196 44.4925
82.3 11.3196 44.4925
82.4 11.3196 44.4925
82.5 11.3196 44.4925
82.6 11.3196 44.4925
82.7 11.3196 44.4925
82.8 11.3196 44.4925
82.9 11.3196 44.4925
83 11.3196 44.4925
83.1 11.3196 44.4925
83.2 11.3196 44.4925
83.3 11.3196 44.4924
83.4 11.3196 44.4924
83.5 11.3196 44.4924
83.6 11.3196 44.4924
83.7 11.3196 44.4924
83.8 11.3196 44.4924
83.9 11.3196 44.4924
84 11.3196 44.4924
84.1 11.3196 44.4924
84.2 11.3196 44.4924
84.3 11.3196 44.4924
84.4 11.3196 44.4924
84.5 11.3196 44.4924
84.6 11.3196 44.4924
84.7 11.3196 44.4924
84.8 11.3196 44.4924
84.9 11.3195 44.4923
85 11.3195 44.4923
85.1 11.3195 44.4923
85.2 11.3195 44.4923
85.3 11.3195 44.4923
85.4 11.3195 44.4923
85.5 11.3195 44.4923
85.6 11.3195 44.4923
85.7 11.3195 44.4923
85.8 11.3195 44.4923
85.9 11.3195 44.4923
86 11.3195 44.4923
86.1 11.3195 44.4923
86.2 11.3195 44.4923
86.3 11.3195 44.4923
86.4 11.3195 44.4923
86.5 11.3195 44.4923
86.6 11.3195 44.4923
86.7 11.3195 44.4923
86.8 11.3195 44.4923
86.9 11.3195 44.4923
87 11.3195 44.4923
87.1 11.3195 44.4923
87.2 11.3195 44.4923
87.3 11.3195 44.4923
87.4 11.3195 44.4923
87.5 11.3195 44.4923
87.6 11.3195 44.4923
87.7 11.3194 44.4923
87.8 11.3194 44.4923
87.9 11.3194 44.4923
88 11.3194 44.4923
88.1 11.3194 44.4923
88.2 11.3194 44.4923
88.3 11.3194 44.4923
88.4 11.3194 44.4923
88.5 11.3194 44.4923
88.6 11.3194 44.4923
88.7 11.3194 44.4923
88.8 11.3194 44.4923
88.9 11.3194 44.4923
89 11.3193 44.4923
89.1 11.3193 44.4923
89.2 11.3193 44.4923
89.3 11.3193 44.4923
89.4 11.3193 44.4923
89.5 11.3193 44.4923
89.6 11.3193 44.4923
89.7 11.3193 44.4924
89.8 11.3193 44.4924
89.9 11.3193 44.4924
