0 11.3148 44.4942
0.1 11.3148 44.4942
0.2 11.3149 44.4942
0.3 11.3149 44.4942
0.4 11.3149 44.4942
0.5 11.3149 44.4942
0.6 11.3149 44.4942
0.7 11.3149 44.4942
0.8 11.3149 44.4942
0.9 11.3149 44.4942
1 11.3149 44.4942
1.1 11.3149 44.4942
1.2 11.3149 44.4942
1.3 11.3149 44.4941
1.4 11.3149 44.4941
1.5 11.3149 44.4941
1.6 11.3149 44.4941
1.7 11.3149 44.4941
1.8 11.315 44.4941
1.9 11.315 44.4941
2 11.315 44.4941
2.1 11.315 44.4941
2.2 11.315 44.4941
2.3 11.315 44.4941
2.4 11.315 44.4941
2.5 11.315 44.4941
2.6 11.315 44.4941
2.7 11.315 44.4941
2.8 11.315 44.4941
2.9 11.315 44.4941
3 11.315 44.4941
3.1 11.315 44.4941
3.2 11.315 44.4941
3.3 11.315 44.4941
3.4 11.315 44.4941
3.5 11.3151 44.494
3.6 11.3151 44.494
3.7 11.3151 44.494
3.8 11.3151 44.494
3.9 11.3151 44.494
4 11.3151 44.494
4.1 11.3151 44.494
4.2 11.3151 44.494
4.3 11.3151 44.494
4.4 11.3151 44.494
4.5 11.3151 44.494
4.6 11.3151 44.494
4.7 11.3151 44.494
4.8 11.3151 44.494
4.9 11.3151 44.494
5 11.3151 44.494
5.1 11.3151 44.494
5.2 11.3151 44.494
5.3 11.3151 44.494
5.4 11.3151 44.494
5.5 11.3151 44.494
5.6 11.3151 44.494
5.7 11.3151 44.4939
5.8 11.3151 44.4939
5.9 11.3151 44.4939
6 11.3151 44.4939
6.1 11.3151 44.4939
6.2 11.3151 44.4939
6.3 11.3151 44.4939
6.4 11.3151 44.4939
6.5 11.3151 44.4939
6.6 11.3151 44.4939
6.7 11.3151 44.4939
6.8 11.3151 44.4939
6.9 11.3151 44.4939
7 11.3151 44.4939
7.1 11.3151 44.4939
7.2 11.3151 44.4939
7.3 11.315 44.4939
7.4 11.315 44.4939
7.5 11.315 44.4939
7.6 11.315 44.4939
7.7 11.315 44.4939
7.8 11.315 44.4939
7.9 11.315 44.4939
8 11.315 44.4938
8.1 11.315 44.4938
8.2 11.315 44.4938
8.3 11.315 44.4938
8.4 11.315 44.4938
8.5 11.315 44.4938
8.6 11.315 44.4938
8.7 11.315 44.4938
8.8 11.315 44.4938
8.9 11.315 44.4938
9 11.3149 44.4938
9.1 11.3149 44.4938
9.2 11.3149 44.4938
9.3 11.3149 44.4938
9.4 11.3149 44.4938
9.5 11.3149 44.4938
9.6 11.3149 44.4938
9.7 11.3149 44.4938
9.8 11.3149 44.4938
9.9 11.3149 44.4938
10 11.3149 44.4937
10.1 11.3149 44.4937
10.2 11.3149 44.4937
10.3 11.3149 44.4937
10.4 11.3149 44.4937
10.5 11.3149 44.4937
10.6 11.3149 44.4937
10.7 11.3149 44.4937
10.8 11.3148 44.4937
10.9 11.3148 44.4937
11 11.3148 44.4937
11.1 11.3148 44.4937
11.2 11.3148 44.4937
11.3 11.3148 44.4937
11.4 11.3148 44.4937
11.5 11.3148 44.4937
11.6 11.3148 44.4937
11.7 11.3148 44.4937
11.8 11.3148 44.4937
11.9 11.3148 44.4937
12 11.3148 44.4936
12.1 11.3148 44.4936
12.2 11.3148 44.4936
12.3 11.3148 44.4936
12.4 11.3148 44.4936
12.5 11.3148 44.4936
12.6 11.3148 44.4936
12.7 11.3147 44.4936
12.8 11.3147 44.4936
12.9 11.3147 44.4936
13 11.3147 44.4936
13.1 11.3147 44.4936
13.2 11.3147 44.4936
13.3 11.3147 44.4936
13.4 11.3147 44.4936
13.5 11.3147 44.4936
13.6 11.3147 44.4936
13.7 11.3147 44.4936
13.8 11.3147 44.4936
13.9 11.3147 44.4936
14 11.3147 44.4935
14.1 11.3147 44.4935
14.2 11.3147 44.4935
14.3 11.3147 44.4935
14.4 11.3147 44.4935
14.5 11.3147 44.4935
14.6 11.3146 44.4935
14.7 11.3146 44.4935
14.8 11.3146 44.4935
14.9 11.3146 44.4935
15 11.3146 44.4935
15.1 11.3146 44.4935
15.2 11.3146 44.4935
15.3 11.3146 44.4935
15.4 11.3146 44.4935
15.5 11.3146 44.4935
15.6 11.3146 44.4935
15.7 11.3146 44.4935
15.8 11.3146 44.4935
15.9 11.3146 44.4934
16 11.3146 44.4934
16.1 11.3146 44.4934
16.2 11.3146 44.4934
16.3 11.3146 44.4934
16.4 11.3146 44.4934
16.5 11.3146 44.4934
16.6 11.3146 44.4934
16.7 11.3146 44.4934
16.8 11.3145 44.4934
16.9 11.3145 44.4934
17 11.3145 44.4934
17.1 11.3145 44.4934
17.2 11.3145 44.4934
17.3 11.3145 44.4934
17.4 11.3145 44.4934
17.5 11.3145 44.4934
17.6 11.3145 44.4933
17.7 11.3145 44.4933
17.8 11.3145 44.4933
17.9 11.3145 44.4933
18 11.3145 44.4933
18.1 11.3145 44.4933
18.2 11.3145 44.4933
18.3 11.3145 44.4933
18.4 11.3145 44.4933
18.5 11.3145 44.4933
18.6 11.3145 44.4933
18.7 11.3145 44.4933
18.8 11.3145 44.4933
18.9 11.3145 44.4933
19 11.3145 44.4933
19.1 11.3145 44.4933
19.2 11.3145 44.4933
19.3 11.3145 44.4933
19.4 11.3144 44.4932
19.5 11.3144 44.4932
19.6 11.3144 44.4932
19.7 11.3144 44.4932
19.8 11.3144 44.4932
19.9 11.3144 44.4932
20 11.3144 44.4932
20.1 11.3144 44.4932
20.2 11.3144 44.4932
20.3 11.3144 44.4932
20.4 11.3144 44.4932
20.5 11.3144 44.4932
20.6 11.3143 44.4932
20.7 11.3143 44.4932
20.8 11.3143 44.4932
20.9 11.3143 44.4932
21 11.3143 44.4932
21.1 11.3143 44.4932
21.2 11.3143 44.4932
21.3 11.3143 44.4932
21.4 11.3143 44.4932
21.5 11.3143 44.4932
21.6 11.3143 44.4932
21.7 11.3142 44.4932
21.8 11.3142 44.4932
21.9 11.3142 44.4932
22 11.3142 44.4932
22.1 11.3142 44.4932
22.2 11.3142 44.4932
22.3 11.3142 44.4932
22.4 11.3142 44.4932
22.5 11.3142 44.4932
22.6 11.3142 44.4932
22.7 11.3142 44.4932
22.8 11.3141 44.4932
22.9 11.3141 44.4932
23 11.3141 44.4932
23.1 11.3141 44.4932
23.2 11.3141 44.4932
23.3 11.3141 44.4932
23.4 11.3141 44.4932
23.5 11.3141 44.4932
23.6 11.3141 44.4932
23.7 11.3141 44.4932
23.8 11.3141 44.4932
23.9 11.3141 44.4932
24 11.314 44.4932
24.1 11.314 44.4932
24.2 11.314 44.4932
24.3 11.314 44.4932
24.4 11.314 44.4932
24.5 11.314 44.4932
24.6 11.314 44.4932
24.7 11.314 44.4932
24.8 11.314 44.4932
24.9 11.314 44.4932
25 11.314 44.4932
25.1 11.3139 44.4932
25.2 11.3139 44.4932
25.3 11.3139 44.4932
25.4 11.3139 44.4932
25.5 11.3139 44.4932
25.6 11.3139 44.4932
25.7 11.3139 44.4932
25.8 11.3139 44.4932
25.9 11.3139 44.4932
26 11.3139 44.4932
26.1 11.3139 44.4932
26.2 11.3138 44.4932
26.3 11.3138 44.4932
26.4 11.3138 44.4932
26.5 11.3138 44.4932
26.6 11.3138 44.4932
26.7 11.3138 44.4932
26.8 11.3138 44.4932
26.9 11.3138 44.4932
27 11.3138 44.4932
27.1 11.3138 44.4932
27.2 11.3138 44.4932
27.3 11.3138 44.4932
27.4 11.3137 44.4932
27.5 11.3137 44.4932
27.6 11.3137 44.4932
27.7 11.3137 44.4932
27.8 11.3137 44.4932
27.9 11.3137 44.4932
28 11.3137 44.4932
28.1 11.3137 44.4932
28.2 11.3137 44.4932
28.3 11.3137 44.4932
28.4 11.3137 44.4932
28.5 11.3136 44.4932
28.6 11.3136 44.4932
28.7 11.3136 44.4932
28.8 11.3136 44.4932
28.9 11.3136 44.4932
29 11.3136 44.4932
29.1 11.3136 44.4932
29.2 11.3136 44.4932
29.3 11.3136 44.4932
29.4 11.3136 44.4932
29.5 11.3136 44.4932
29.6 11.3135 44.4932
29.7 11.3135 44.4932
29.8 11.3135 44.4932
29.9 11.3135 44.4932
30 11.3135 44.4932
30.1 11.3135 44.4932
30.2 11.3135 44.4932
30.3 11.3135 44.4932
30.4 11.3135 44.4932
30.5 11.3135 44.4932
30.6 11.3135 44.4932
30.7 11.3135 44.4932
30.8 11.3134 44.4932
30.9 11.3134 44.4932
31 11.3134 44.4932
31.1 11.3134 44.4932
31.2 11.3134 44.4932
31.3 11.3134 44.4932
31.4 11.3134 44.4932
31.5 11.3134 44.4932
31.6 11.3134 44.4931
31.7 11.3134 44.4931
31.8 11.3134 44.4931
31.9 11.3133 44.4931
32 11.3133 44.4931
32.1 11.3133 44.4931
32.2 11.3133 44.4931
32.3 11.3133 44.4931
32.4 11.3133 44.4931
32.5 11.3133 44.4931
32.6 11.3133 44.4931
32.7 11.3133 44.4931
32.8 11.3133 44.4931
32.9 11.3133 44.4931
33 11.3132 44.4931
33.1 11.3132 44.4931
33.2 11.3132 44.4931
33.3 11.3132 44.4931
33.4 11.3132 44.4931
33.5 11.3132 44.4931
33.6 11.3132 44.4931
33.7 11.3132 44.4931
33.8 11.3132 44.4931
33.9 11.3132 44.4931
34 11.3132 44.4931
34.1 11.3132 44.4931
34.2 11.3131 44.4931
34.3 11.3131 44.4931
34.4 11.3131 44.4931
34.5 11.3131 44.4931
34.6 11.3131 44.4931
34.7 11.3131 44.4931
34.8 11.3131 44.4931
34.9 11.3131 44.4931
35 11.3131 44.4931
35.1 11.3131 44.4931
35.2 11.3131 44.4931
35.3 11.313 44.4931
35.4 11.313 44.4931
35.5 11.313 44.4931
35.6 11.313 44.4931
35.7 11.313 44.4931
35.8 11.313 44.4931
35.9 11.313 44.4931
36 11.313 44.4931
36.1 11.313 44.4931
36.2 11.313 44.4931
36.3 11.313 44.4931
36.4 11.3129 44.4931
36.5 11.3129 44.4931
36.6 11.3129 44.4931
36.7 11.3129 44.4931
36.8 11.3129 44.4931
36.9 11.3129 44.4931
37 11.3129 44.4931
37.1 11.3129 44.4931
37.2 11.3129 44.4931
37.3 11.3129 44.4931
37.4 11.3129 44.4931
37.5 11.3129 44.4931
37.6 11.3128 44.4931
37.7 11.3128 44.4931
37.8 11.3128 44.4931
37.9 11.3128 44.4931
38 11.3128 44.4931
38.1 11.3128 44.4931
38.2 11.3128 44.4931
38.3 11.3128 44.4931
38.4 11.3128 44.4931
38.5 11.3128 44.4931
38.6 11.3128 44.4931
38.7 11.3127 44.4931
38.8 11.3127 44.4931
38.9 11.3127 44.4931
39 11.3127 44.4931
39.1 11.3127 44.4931
39.2 11.3127 44.4931
39.3 11.3127 44.4931
39.4 11.3127 44.4931
39.5 11.3127 44.4931
39.6 11.3127 44.4931
39.7 11.3127 44.4931
39.8 11.3126 44.4931
39.9 11.3126 44.4931
40 11.3126 44.4931
40.1 11.3126 44.4931
40.2 11.3126 44.4931
40.3 11.3126 44.4931
40.4 11.3126 44.4931
40.5 11.3126 44.4931
40.6 11.3126 44.4931
40.7 11.3126 44.4931
40.8 11.3126 44.4931
40.9 11.3126 44.4931
41 11.3125 44.4931
41.1 11.3125 44.4931
41.2 11.3125 44.4931
41.3 11.3125 44.4931
41.4 11.3125 44.4931
41.5 11.3125 44.4931
41.6 11.3125 44.4931
41.7 11.3125 44.4931
41.8 11.3125 44.4931
41.9 11.3125 44.4931
42 11.3125 44.4931
42.1 11.3124 44.4931
42.2 11.3124 44.4931
42.3 11.3124 44.4931
42.4 11.3124 44.4931
42.5 11.3124 44.4931
42.6 11.3124 44.4931
42.7 11.3124 44.4931
42.8 11.3124 44.4931
42.9 11.3124 44.4931
43 11.3124 44.4931
43.1 11.3124 44.4931
43.2 11.3123 44.4931
43.3 11.3123 44.4931
43.4 11.3123 44.4931
43.5 11.3123 44.4931
43.6 11.3123 44.4931
43.7 11.3123 44.4931
43.8 11.3123 44.4931
43.9 11.3123 44.4931
44 11.3123 44.4931
44.1 11.3123 44.4931
44.2 11.3123 44.4931
44.3 11.3123 44.4931
44.4 11.3122 44.4931
44.5 11.3122 44.4931
44.6 11.3122 44.4931
44.7 11.3122 44.4931
44.8 11.3122 44.4931
44.9 11.3122 44.4931
45 11.3122 44.4931
45.1 11.3122 44.4931
45.2 11.3122 44.4931
45.3 11.3122 44.4931
45.4 11.3122 44.493
45.5 11.3121 44.493
45.6 11.3121 44.493
45.7 11.3121 44.493
45.8 11.3121 44.493
45.9 11.3121 44.493
46 11.3121 44.493
46.1 11.3121 44.493
46.2 11.3121 44.493
46.3 11.3121 44.493
46.4 11.3121 44.493
46.5 11.3121 44.493
46.6 11.312 44.493
46.7 11.312 44.493
46.8 11.312 44.493
46.9 11.312 44.493
47 11.312 44.493
47.1 11.312 44.493
47.2 11.312 44.493
47.3 11.312 44.493
47.4 11.312 44.493
47.5 11.312 44.493
47.6 11.312 44.4931
47.7 11.312 44.4931
47.8 11.312 44.4931
47.9 11.312 44.4931
48 11.312 44.4931
48.1 11.312 44.4931
48.2 11.312 44.4931
48.3 11.312 44.4931
48.4 11.312 44.4931
48.5 11.312 44.4931
48.6 11.312 44.4931
48.7 11.312 44.4931
48.8 11.312 44.4931
48.9 11.312 44.4931
49 11.312 44.4931
49.1 11.312 44.4931
49.2 11.312 44.4931
49.3 11.312 44.4931
49.4 11.312 44.4932
49.5 11.312 44.4932
49.6 11.312 44.4932
49.7 11.312 44.4932
49.8 11.3119 44.4932
49.9 11.3119 44.4932
50 11.3119 44.4932
50.1 11.3119 44.4932
50.2 11.3119 44.4932
50.3 11.3119 44.4932
50.4 11.3119 44.4932
50.5 11.3119 44.4932
50.6 11.3119 44.4932
50.7 11.3119 44.4933
50.8 11.3119 44.4933
50.9 11.3119 44.4933
51 11.3119 44.4933
51.1 11.3119 44.4933
51.2 11.3119 44.4933
51.3 11.3119 44.4933
51.4 11.3119 44.4933
51.5 11.3119 44.4933
51.6 11.3119 44.4933
51.7 11.3119 44.4934
51.8 11.3119 44.4934
51.9 11.3119 44.4934
52 11.3119 44.4934
52.1 11.3119 44.4934
52.2 11.3119 44.4934
52.3 11.3119 44.4934
52.4 11.3119 44.4934
52.5 11.3119 44.4934
52.6 11.3119 44.4935
52.7 11.3119 44.4935
52.8 11.3119 44.4935
52.9 11.3119 44.4935
53 11.3119 44.4935
53.1 11.3119 44.4935
53.2 11.3119 44.4935
53.3 11.3119 44.4935
53.4 11.3119 44.4935
53.5 11.3119 44.4935
53.6 11.3119 44.4936
53.7 11.3119 44.4936
53.8 11.3119 44.4936
53.9 11.3119 44.4936
54 11.3119 44.4936
54.1 11.3119 44.4936
54.2 11.3119 44.4936
54.3 11.3119 44.4936
54.4 11.3119 44.4936
54.5 11.3119 44.4937
54.6 11.3119 44.4937
54.7 11.3119 44.4937
54.8 11.3119 44.4937
54.9 11.3119 44.4937
55 11.3119 44.4937
55.1 11.3119 44.4937
55.2 11.3119 44.4937
55.3 11.3119 44.4937
55.4 11.3119 44.4937
55.5 11.3119 44.4938
55.6 11.3119 44.4938
55.7 11.3119 44.4938
55.8 11.3119 44.4938
55.9 11.3119 44.4938
56 11.3119 44.4938
56.1 11.3119 44.4938
56.2 11.3119 44.4938
56.3 11.3119 44.4938
56.4 11.3119 44.4939
56.5 11.3118 44.4939
56.6 11.3118 44.4939
56.7 11.3118 44.4939
56.8 11.3118 44.4939
56.9 11.3118 44.4939
57 11.3118 44.4939
57.1 11.3118 44.4939
57.2 11.3118 44.4939
57.3 11.3118 44.4939
57.4 11.3118 44.494
57.5 11.3118 44.494
57.6 11.3118 44.494
57.7 11.3118 44.494
57.8 11.3118 44.494
57.9 11.3118 44.494
58 11.3118 44.494
58.1 11.3118 44.494
58.2 11.3118 44.494
58.3 11.3118 44.494
58.4 11.3118 44.494
58.5 11.3118 44.494
58.6 11.3118 44.494
58.7 11.3118 44.494
58.8 11.3118 44.494
58.9 11.3118 44.494
59 11.3118 44.494
59.1 11.3118 44.494
59.2 11.3118 44.494
59.3 11.3118 44.4941
59.4 11.3118 44.4941
59.5 11.3118 44.4941
59.6 11.3118 44.4941
59.7 11.3118 44.4941
59.8 11.3118 44.4941
59.9 11.3118 44.4941
60 11.3118 44.4941
60.1 11.3118 44.4941
60.2 11.3118 44.4941
60.3 11.3118 44.4941
60.4 11.3118 44.4941
60.5 11.3118 44.4941
60.6 11.3118 44.4941
60.7 11.3118 44.4941
60.8 11.3118 44.4941
60.9 11.3118 44.4941
61 11.3118 44.4941
61.1 11.3118 44.4941
61.2 11.3118 44.4941
61.3 11.3118 44.4941
61.4 11.3118 44.4941
61.5 11.3118 44.4941
61.6 11.3118 44.4941
61.7 11.3118 44.4941
61.8 11.3118 44.4941
61.9 11.3118 44.4941
62 11.3118 44.4941
62.1 11.3118 44.4941
62.2 11.3118 44.4941
62.3 11.3118 44.4941
62.4 11.3118 44.4941
62.5 11.3117 44.4941
62.6 11.3117 44.4941
62.7 11.3117 44.4941
62.8 11.3117 44.4941
62.9 11.3117 44.4941
63 11.3117 44.4941
63.1 11.3117 44.4941
63.2 11.3117 44.4941
63.3 11.3117 44.4941
63.4 11.3117 44.4941
63.5 11.3117 44.4941
63.6 11.3116 44.4941
63.7 11.3116 44.4941
63.8 11.3116 44.4941
63.9 11.3116 44.4941
64 11.3116 44.4941
64.1 11.3116 44.4941
64.2 11.3116 44.4941
64.3 11.3116 44.4941
64.4 11.3115 44.4941
64.5 11.3115 44.4941
64.6 11.3115 44.4941
64.7 11.3115 44.4941
64.8 11.3115 44.4941
64.9 11.3115 44.4941
65 11.3115 44.4941
65.1 11.3115 44.4941
65.2 11.3114 44.4941
65.3 11.3114 44.4941
65.4 11.3114 44.4941
65.5 11.3114 44.4941
65.6 11.3114 44.4941
65.7 11.3114 44.4941
65.8 11.3113 44.4941
65.9 11.3113 44.4941
66 11.3113 44.4941
66.1 11.3113 44.4941
66.2 11.3113 44.4941
66.3 11.3113 44.4941
66.4 11.3112 44.4941
66.5 11.3112 44.4941
66.6 11.3112 44.4941
66.7 11.3112 44.4941
66.8 11.3112 44.4941
66.9 11.3112 44.4941
67 11.3111 44.4941
67.1 11.3111 44.494
67.2 11.3111 44.494
67.3 11.3111 44.494
67.4 11.3111 44.494
67.5 11.3111 44.494
67.6 11.3111 44.494
67.7 11.3111 44.494
67.8 11.311 44.494
67.9 11.311 44.494
68 11.311 44.494
68.1 11.311 44.494
68.2 11.311 44.494
68.3 11.311 44.494
68.4 11.311 44.494
68.5 11.311 44.494
68.6 11.311 44.494
68.7 11.311 44.494
68.8 11.311 44.494
68.9 11.311 44.494
69 11.3109 44.494
69.1 11.3109 44.494
69.2 11.3109 44.494
69.3 11.3109 44.494
69.4 11.3109 44.494
69.5 11.3109 44.494
69.6 11.3109 44.494
69.7 11.3109 44.494
69.8 11.3109 44.494
69.9 11.3109 44.494
70 11.3109 44.494
70.1 11.3109 44.494
70.2 11.3109 44.494
70.3 11.3109 44.494
70.4 11.3109 44.494
70.5 11.3109 44.494
70.6 11.3109 44.4941
70.7 11.3109 44.4941
70.8 11.3109 44.4941
70.9 11.3109 44.4941
71 11.3109 44.4941
71.1 11.3109 44.4941
71.2 11.3109 44.4941
71.3 11.3109 44.4941
71.4 11.3109 44.4941
71.5 11.3109 44.4941
71.6 11.3109 44.4941
71.7 11.3109 44.4941
71.8 11.3109 44.4941
71.9 11.3109 44.4941
72 11.3109 44.4941
72.1 11.3109 44.4941
72.2 11.3109 44.4941
72.3 11.3109 44.4942
72.4 11.3109 44.4942
72.5 11.3109 44.4942
72.6 11.3109 44.4942
72.7 11.3109 44.4942
72.8 11.3109 44.4942
72.9 11.3109 44.4942
73 11.3109 44.4942
73.1 11.3109 44.4942
73.2 11.3109 44.4942
73.3 11.3109 44.4942
73.4 11.3109 44.4942
73.5 11.3109 44.4942
73.6 11.3109 44.4942
73.7 11.3109 44.4942
73.8 11.3109 44.4942
73.9 11.3109 44.4943
74 11.3109 44.4943
74.1 11.3108 44.4943
74.2 11.3108 44.4943
74.3 11.3108 44.4943
74.4 11.3108 44.4943
74.5 11.3108 44.4943
74.6 11.3108 44.4943
74.7 11.3108 44.4943
74.8 11.3108 44.4943
74.9 11.3108 44.4943
75 11.3108 44.4943
75.1 11.3108 44.4943
75.2 11.3108 44.4943
75.3 11.3108 44.4943
75.4 11.3108 44.4944
75.5 11.3108 44.4944
75.6 11.3108 44.4944
75.7 11.3108 44.4944
75.8 11.3108 44.4944
75.9 11.3108 44.4944
76 11.3108 44.4944
76.1 11.3108 44.4944
76.2 11.3108 44.4944
76.3 11.3108 44.4944
76.4 11.3108 44.4944
76.5 11.3108 44.4944
76.6 11.3108 44.4944
76.7 11.3108 44.4944
76.8 11.3108 44.4944
76.9 11.3108 44.4944
77 11.3108 44.4945
77.1 11.3108 44.4945
77.2 11.3108 44.4945
77.3 11.3108 44.4945
77.4 11.3108 44.4945
77.5 11.3108 44.4945
77.6 11.3108 44.4945
77.7 11.3108 44.4945
77.8 11.3108 44.4945
77.9 11.3108 44.4945
78 11.3108 44.4945
78.1 11.3108 44.4945
78.2 11.3108 44.4945
78.3 11.3108 44.4945
78.4 11.3108 44.4945
78.5 11.3108 44.4945
78.6 11.3108 44.4946
78.7 11.3108 44.4946
78.8 11.3108 44.4946
78.9 11.3108 44.4946
79 11.3108 44.4946
79.1 11.3108 44.4946
79.2 11.3108 44.4946
79.3 11.3108 44.4946
79.4 11.3108 44.4946
79.5 11.3108 44.4946
79.6 11.3108 44.4946
79.7 11.3108 44.4946
79.8 11.3108 44.4946
79.9 11.3108 44.4946
80 11.3108 44.4946
80.1 11.3108 44.4946
80.2 11.3108 44.4947
80.3 11.3108 44.4947
80.4 11.3108 44.4947
80.5 11.3108 44.4947
80.6 11.3108 44.4947
80.7 11.3108 44.4947
80.8 11.3108 44.4947
80.9 11.3108 44.4947
81 11.3108 44.4947
81.1 11.3108 44.4947
81.2 11.3108 44.4947
81.3 11.3108 44.4947
81.4 11.3108 44.4947
81.5 11.3108 44.4947
81.6 11.3108 44.4947
81.7 11.3108 44.4947
81.8 11.3108 44.4948
81.9 11.3108 44.4948
82 11.3108 44.4948
82.1 11.3108 44.4948
82.2 11.3108 44.4948
82.3 11.3108 44.4948
82.4 11.3108 44.4948
82.5 11.3108 44.4948
82.6 11.3108 44.4948
82.7 11.3108 44.4948
82.8 11.3108 44.4948
82.9 11.3108 44.4948
83 11.3108 44.4948
83.1 11.3108 44.4948
83.2 11.3108 44.4948
83.3 11.3108 44.4949
83.4 11.3108 44.4949
83.5 11.3108 44.4949
83.6 11.3108 44.4949
83.7 11.3108 44.4949
83.8 11.3107 44.4949
83.9 11.3107 44.4949
84 11.3107 44.4949
84.1 11.3107 44.4949
84.2 11.3107 44.4949
84.3 11.3107 44.4949
84.4 11.3107 44.4949
84.5 11.3107 44.4949
84.6 11.3107 44.4949
84.7 11.3107 44.4949
84.8 11.3107 44.4949
84.9 11.3107 44.495
85 11.3107 44.495
85.1 11.3107 44.495
85.2 11.3107 44.495
85.3 11.3107 44.495
85.4 11.3107 44.495
85.5 11.3107 44.495
85.6 11.3107 44.495
85.7 11.3107 44.495
85.8 11.3107 44.495
85.9 11.3107 44.495
86 11.3107 44.495
86.1 11.3107 44.495
86.2 11.3107 44.495
86.3 11.3107 44.495
86.4 11.3107 44.495
86.5 11.3107 44.4951
86.6 11.3107 44.4951
86.7 11.3107 44.4951
86.8 11.3107 44.4951
86.9 11.3107 44.4951
87 11.3107 44.4951
87.1 11.3107 44.4951
87.2 11.3107 44.4951
87.3 11.3107 44.4951
87.4 11.3107 44.4951
87.5 11.3107 44.4951
87.6 11.3107 44.4951
87.7 11.3107 44.4951
87.8 11.3107 44.4951
87.9 11.3107 44.4951
88 11.3107 44.4951
88.1 11.3107 44.4952
88.2 11.3107 44.4952
88.3 11.3107 44.4952
88.4 11.3107 44.4952
88.5 11.3107 44.4952
88.6 11.3107 44.4952
88.7 11.3107 44.4952
88.8 11.3107 44.4952
88.9 11.3107 44.4952
89 11.3107 44.4952
89.1 11.3107 44.4952
89.2 11.3107 44.4952
89.3 11.3107 44.4952
89.4 11.3107 44.4952
89.5 11.3107 44.4952
89.6 11.3107 44.4952
89.7 11.3107 44.4953
89.8 11.3107 44.4953
89.9 11.3107 44.4953
