0 11.3128 44.4943
0.1 11.3128 44.4943
0.2 11.3128 44.4943
0.3 11.3128 44.4943
0.4 11.3128 44.4943
0.5 11.3128 44.4943
0.6 11.3128 44.4943
0.7 11.3128 44.4943
0.8 11.3128 44.4943
0.9 11.3128 44.4943
1 11.3128 44.4943
1.1 11.3128 44.4943
1.2 11.3128 44.4943
1.3 11.3128 44.4943
1.4 11.3128 44.4943
1.5 11.3128 44.4943
1.6 11.3128 44.4943
1.7 11.3128 44.4943
1.8 11.3128 44.4943
1.9 11.3128 44.4943
2 11.3128 44.4943
2.1 11.3128 44.4943
2.2 11.3128 44.4943
2.3 11.3129 44.4943
2.4 11.3129 44.4943
2.5 11.3129 44.4943
2.6 11.3129 44.4943
2.7 11.3129 44.4943
2.8 11.3129 44.4943
2.9 11.3129 44.4943
3 11.3129 44.4943
3.1 11.3129 44.4943
3.2 11.3129 44.4943
3.3 11.3129 44.4943
3.4 11.3129 44.4944
3.5 11.3129 44.4944
3.6 11.3129 44.4944
3.7 11.3129 44.4944
3.8 11.3129 44.4944
3.9 11.3129 44.4944
4 11.3129 44.4944
4.1 11.3129 44.4944
4.2 11.3129 44.4944
4.3 11.3129 44.4944
4.4 11.3129 44.4944
4.5 11.3129 44.4944
4.6 11.3129 44.4944
4.7 11.3129 44.4944
4.8 11.3129 44.4944
4.9 11.3129 44.4944
5 11.3129 44.4945
5.1 11.3129 44.4945
5.2 11.3129 44.4945
5.3 11.3129 44.4945
5.4 11.3129 44.4945
5.5 11.3129 44.4945
5.6 11.3129 44.4945
5.7 11.3129 44.4945
5.8 11.3129 44.4945
5.9 11.3129 44.4945
6 11.3129 44.4945
6.1 11.3129 44.4945
6.2 11.3129 44.4945
6.3 11.3129 44.4945
6.4 11.3129 44.4945
6.5 11.3129 44.4946
6.6 11.3129 44.4946
6.7 11.3129 44.4946
6.8 11.3129 44.4946
6.9 11.3129 44.4946
7 11.3129 44.4946
7.1 11.3129 44.4946
7.2 11.3129 44.4946
7.3 11.3129 44.4946
7.4 11.3129 44.4946
7.5 11.3129 44.4946
7.6 11.3129 44.4946
7.7 11.3129 44.4946
7.8 11.3129 44.4946
7.9 11.3129 44.4947
8 11.3128 44.4947
8.1 11.3128 44.4947
8.2 11.3128 44.4947
8.3 11.3128 44.4947
8.4 11.3128 44.4947
8.5 11.3128 44.4947
8.6 11.3128 44.4947
8.7 11.3128 44.4947
8.8 11.3128 44.4947
8.9 11.3128 44.4947
9 11.3128 44.4947
9.1 11.3128 44.4947
9.2 11.3128 44.4947
9.3 11.3128 44.4948
9.4 11.3128 44.4948
9.5 11.3128 44.4948
9.6 11.3128 44.4948
9.7 11.3128 44.4948
9.8 11.3128 44.4948
9.9 11.3128 44.4948
10 11.3128 44.4948
10.1 11.3128 44.4948
10.2 11.3128 44.4948
10.3 11.3128 44.4948
10.4 11.3128 44.4948
10.5 11.3128 44.4948
10.6 11.3128 44.4948
10.7 11.3128 44.4949
10.8 11.3128 44.4949
10.9 11.3128 44.4949
11 11.3128 44.4949
11.1 11.3128 44.4949
11.2 11.3128 44.4949
11.3 11.3128 44.4949
11.4 11.3128 44.4949
11.5 11.3128 44.4949
11.6 11.3128 44.4949
11.7 11.3128 44.4949
11.8 11.3128 44.4949
11.9 11.3128 44.4949
12 11.3128 44.4949
12.1 11.3128 44.4949
12.2 11.3128 44.495
12.3 11.3128 44.495
12.4 11.3128 44.495
12.5 11.3128 44.495
12.6 11.3128 44.495
12.7 11.3128 44.495
12.8 11.3128 44.495
12.9 11.3128 44.495
13 11.3128 44.495
13.1 11.3128 44.495
13.2 11.3128 44.495
13.3 11.3128 44.495
13.4 11.3128 44.495
13.5 11.3128 44.495
13.6 11.3128 44.4951
13.7 11.3128 44.4951
13.8 11.3128 44.4951
13.9 11.3128 44.4951
14 11.3128 44.4951
14.1 11.3128 44.4951
14.2 11.3128 44.4951
14.3 11.3128 44.4951
14.4 11.3128 44.4951
14.5 11.3128 44.4951
14.6 11.3128 44.4951
14.7 11.3128 44.4951
14.8 11.3128 44.4951
14.9 11.3128 44.4951
15 11.3128 44.4951
15.1 11.3128 44.4951
15.2 11.3128 44.4952
15.3 11.3128 44.4952
15.4 11.3128 44.4952
15.5 11.3128 44.4952
15.6 11.3128 44.4952
15.7 11.3128 44.4952
15.8 11.3128 44.4952
15.9 11.3128 44.4952
16 11.3128 44.4952
16.1 11.3128 44.4952
16.2 11.3128 44.4952
16.3 11.3128 44.4952
16.4 11.3128 44.4952
16.5 11.3128 44.4952
16.6 11.3128 44.4952
16.7 11.3128 44.4952
16.8 11.3128 44.4952
16.9 11.3128 44.4952
17 11.3128 44.4953
17.1 11.3128 44.4953
17.2 11.3128 44.4953
17.3 11.3128 44.4953
17.4 11.3128 44.4953
17.5 11.3128 44.4953
17.6 11.3128 44.4953
17.7 11.3129 44.4953
17.8 11.3129 44.4953
17.9 11.3129 44.4953
18 11.3129 44.4953
18.1 11.3129 44.4953
18.2 11.3129 44.4953
18.3 11.3129 44.4953
18.4 11.3129 44.4953
18.5 11.3129 44.4953
18.6 11.3129 44.4953
18.7 11.313 44.4953
18.8 11.313 44.4953
18.9 11.313 44.4953
19 11.313 44.4953
19.1 11.313 44.4953
19.2 11.313 44.4953
19.3 11.313 44.4953
19.4 11.313 44.4953
19.5 11.313 44.4953
19.6 11.313 44.4953
19.7 11.313 44.4953
19.8 11.3131 44.4953
19.9 11.3131 44.4953
20 11.3131 44.4953
20.1 11.3131 44.4953
20.2 11.3131 44.4953
20.3 11.3131 44.4953
20.4 11.3131 44.4953
20.5 11.3131 44.4953
20.6 11.3131 44.4953
20.7 11.3131 44.4953
20.8 11.3132 44.4953
20.9 11.3132 44.4953
21 11.3132 44.4953
21.1 11.3132 44.4953
21.2 11.3132 44.4953
21.3 11.3132 44.4953
21.4 11.3132 44.4953
21.5 11.3132 44.4953
21.6 11.3132 44.4953
21.7 11.3132 44.4953
21.8 11.3133 44.4953
21.9 11.3133 44.4953
22 11.3133 44.4953
22.1 11.3133 44.4953
22.2 11.3133 44.4953
22.3 11.3133 44.4953
22.4 11.3133 44.4953
22.5 11.3133 44.4953
22.6 11.3133 44.4953
22.7 11.3133 44.4953
22.8 11.3133 44.4953
22.9 11.3134 44.4953
23 11.3134 44.4953
23.1 11.3134 44.4953
23.2 11.3134 44.4953
23.3 11.3134 44.4953
23.4 11.3134 44.4953
23.5 11.3134 44.4953
23.6 11.3134 44.4953
23.7 11.3134 44.4953
23.8 11.3134 44.4953
23.9 11.3135 44.4953
24 11.3135 44.4953
24.1 11.3135 44.4953
24.2 11.3135 44.4954
24.3 11.3135 44.4954
24.4 11.3135 44.4954
24.5 11.3135 44.4954
24.6 11.3135 44.4954
24.7 11.3135 44.4954
24.8 11.3135 44.4954
24.9 11.3136 44.4954
25 11.3136 44.4954
25.1 11.3136 44.4954
25.2 11.3136 44.4954
25.3 11.3136 44.4954
25.4 11.3136 44.4954
25.5 11.3136 44.4954
25.6 11.3136 44.4954
25.7 11.3136 44.4954
25.8 11.3136 44.4954
25.9 11.3136 44.4954
26 11.3137 44.4954
26.1 11.3137 44.4954
26.2 11.3137 44.4954
26.3 11.3137 44.4954
26.4 11.3137 44.4954
26.5 11.3137 44.4954
26.6 11.3137 44.4954
26.7 11.3137 44.4954
26.8 11.3137 44.4954
26.9 11.3137 44.4954
27 11.3138 44.4954
27.1 11.3138 44.4954
27.2 11.3138 44.4954
27.3 11.3138 44.4954
27.4 11.3138 44.4954
27.5 11.3138 44.4954
27.6 11.3138 44.4954
27.7 11.3138 44.4954
27.8 11.3138 44.4954
27.9 11.3138 44.4954
28 11.3139 44.4954
28.1 11.3139 44.4954
28.2 11.3139 44.4954
28.3 11.3139 44.4954
28.4 11.3139 44.4954
28.5 11.3139 44.4954
28.6 11.3139 44.4954
28.7 11.3139 44.4954
28.8 11.3139 44.4954
28.9 11.3139 44.4954
29 11.3139 44.4954
29.1 11.314 44.4954
29.2 11.314 44.4954
29.3 11.314 44.4954
29.4 11.314 44.4954
29.5 11.314 44.4954
29.6 11.314 44.4954
29.7 11.314 44.4954
29.8 11.314 44.4954
29.9 11.314 44.4954
30 11.314 44.4954
30.1 11.3141 44.4954
30.2 11.3141 44.4954
30.3 11.3141 44.4954
30.4 11.3141 44.4954
30.5 11.3141 44.4954
30.6 11.3141 44.4954
30.7 11.3141 44.4954
30.8 11.3141 44.4954
30.9 11.3141 44.4954
31 11.3141 44.4954
31.1 11.3142 44.4954
31.2 11.3142 44.4954
31.3 11.3142 44.4954
31.4 11.3142 44.4954
31.5 11.3142 44.4954
31.6 11.3142 44.4954
31.7 11.3142 44.4954
31.8 11.3142 44.4955
31.9 11.3142 44.4955
32 11.3142 44.4955
32.1 11.3142 44.4955
32.2 11.3143 44.4955
32.3 11.3143 44.4955
32.4 11.3143 44.4955
32.5 11.3143 44.4955
32.6 11.3143 44.4955
32.7 11.3143 44.4955
32.8 11.3143 44.4955
32.9 11.3143 44.4955
33 11.3143 44.4955
33.1 11.3143 44.4955
33.2 11.3144 44.4955
33.3 11.3144 44.4955
33.4 11.3144 44.4955
33.5 11.3144 44.4955
33.6 11.3144 44.4955
33.7 11.3144 44.4955
33.8 11.3144 44.4955
33.9 11.3144 44.4955
34 11.3144 44.4955
34.1 11.3144 44.4955
34.2 11.3144 44.4955
34.3 11.3145 44.4955
34.4 11.3145 44.4955
34.5 11.3145 44.4955
34.6 11.3145 44.4955
34.7 11.3145 44.4955
34.8 11.3145 44.4955
34.9 11.3145 44.4955
35 11.3145 44.4955
35.1 11.3145 44.4955
35.2 11.3145 44.4955
35.3 11.3145 44.4955
35.4 11.3145 44.4955
35.5 11.3145 44.4955
35.6 11.3146 44.4955
35.7 11.3146 44.4955
35.8 11.3146 44.4955
35.9 11.3146 44.4955
36 11.3146 44.4955
36.1 11.3146 44.4955
36.2 11.3146 44.4955
36.3 11.3146 44.4955
36.4 11.3146 44.4955
36.5 11.3146 44.4955
36.6 11.3146 44.4955
36.7 11.3146 44.4955
36.8 11.3146 44.4955
36.9 11.3146 44.4955
37 11.3146 44.4955
37.1 11.3146 44.4955
37.2 11.3146 44.4955
37.3 11.3146 44.4955
37.4 11.3147 44.4955
37.5 11.3147 44.4955
37.6 11.3147 44.4955
37.7 11.3147 44.4955
37.8 11.3147 44.4955
37.9 11.3147 44.4955
38 11.3147 44.4955
38.1 11.3147 44.4955
38.2 11.3147 44.4955
38.3 11.3147 44.4955
38.4 11.3147 44.4955
38.5 11.3147 44.4955
38.6 11.3147 44.4955
38.7 11.3147 44.4955
38.8 11.3147 44.4955
38.9 11.3147 44.4955
39 11.3147 44.4955
39.1 11.3147 44.4955
39.2 11.3147 44.4955
39.3 11.3147 44.4955
39.4 11.3147 44.4955
39.5 11.3147 44.4955
39.6 11.3147 44.4955
39.7 11.3147 44.4955
39.8 11.3147 44.4955
39.9 11.3147 44.4955
40 11.3147 44.4955
40.1 11.3147 44.4955
40.2 11.3147 44.4955
40.3 11.3147 44.4955
40.4 11.3147 44.4955
40.5 11.3147 44.4955
40.6 11.3147 44.4955
40.7 11.3147 44.4955
40.8 11.3147 44.4955
40.9 11.3147 44.4955
41 11.3147 44.4955
41.1 11.3147 44.4955
41.2 11.3147 44.4955
41.3 11.3147 44.4955
41.4 11.3147 44.4955
41.5 11.3147 44.4955
41.6 11.3147 44.4955
41.7 11.3147 44.4955
41.8 11.3147 44.4955
41.9 11.3147 44.4955
42 11.3147 44.4955
42.1 11.3147 44.4955
42.2 11.3147 44.4955
42.3 11.3147 44.4955
42.4 11.3147 44.4955
42.5 11.3147 44.4955
42.6 11.3147 44.4955
42.7 11.3147 44.4955
42.8 11.3147 44.4955
42.9 11.3147 44.4955
43 11.3147 44.4955
43.1 11.3147 44.4955
43.2 11.3147 44.4955
43.3 11.3147 44.4955
43.4 11.3147 44.4955
43.5 11.3147 44.4955
43.6 11.3147 44.4955
43.7 11.3147 44.4955
43.8 11.3147 44.4955
43.9 11.3147 44.4955
44 11.3147 44.4955
44.1 11.3147 44.4955
44.2 11.3147 44.4955
44.3 11.3147 44.4955
44.4 11.3147 44.4955
44.5 11.3147 44.4955
44.6 11.3147 44.4955
44.7 11.3147 44.4955
44.8 11.3147 44.4955
44.9 11.3147 44.4955
45 11.3147 44.4955
45.1 11.3147 44.4955
45.2 11.3147 44.4955
45.3 11.3147 44.4955
45.4 11.3147 44.4955
45.5 11.3147 44.4955
45.6 11.3147 44.4955
45.7 11.3147 44.4955
45.8 11.3147 44.4955
45.9 11.3147 44.4955
46 11.3148 44.4955
46.1 11.3148 44.4955
46.2 11.3148 44.4955
46.3 11.3148 44.4955
46.4 11.3148 44.4955
46.5 11.3148 44.4955
46.6 11.3148 44.4955
46.7 11.3148 44.4955
46.8 11.3148 44.4955
46.9 11.3148 44.4955
47 11.3148 44.4955
47.1 11.3148 44.4955
47.2 11.3148 44.4955
47.3 11.3148 44.4955
47.4 11.3148 44.4955
47.5 11.3149 44.4955
47.6 11.3149 44.4956
47.7 11.3149 44.4956
47.8 11.3149 44.4956
47.9 11.3149 44.4956
48 11.3149 44.4956
48.1 11.3149 44.4956
48.2 11.3149 44.4956
48.3 11.3149 44.4956
48.4 11.3149 44.4956
48.5 11.3149 44.4956
48.6 11.3149 44.4956
48.7 11.315 44.4956
48.8 11.315 44.4956
48.9 11.315 44.4956
49 11.315 44.4956
49.1 11.315 44.4956
49.2 11.315 44.4956
49.3 11.315 44.4956
49.4 11.315 44.4957
49.5 11.315 44.4957
49.6 11.315 44.4957
49.7 11.315 44.4957
49.8 11.315 44.4957
49.9 11.315 44.4957
50 11.315 44.4957
50.1 11.315 44.4957
50.2 11.315 44.4957
50.3 11.315 44.4957
50.4 11.3151 44.4958
50.5 11.3151 44.4958
50.6 11.3151 44.4958
50.7 11.3151 44.4958
50.8 11.3151 44.4958
50.9 11.3151 44.4958
51 11.3151 44.4958
51.1 11.3151 44.4958
51.2 11.3151 44.4958
51.3 11.3151 44.4958
51.4 11.3151 44.4959
51.5 11.3151 44.4959
51.6 11.3151 44.4959
51.7 11.3151 44.4959
51.8 11.3152 44.4959
51.9 11.3152 44.4959
52 11.3152 44.4959
52.1 11.3152 44.4959
52.2 11.3152 44.4959
52.3 11.3152 44.496
52.4 11.3152 44.496
52.5 11.3152 44.496
52.6 11.3152 44.496
52.7 11.3152 44.496
52.8 11.3152 44.496
52.9 11.3152 44.496
53 11.3152 44.496
53.1 11.3152 44.496
53.2 11.3152 44.496
53.3 11.3152 44.496
53.4 11.3152 44.496
53.5 11.3152 44.4961
53.6 11.3152 44.4961
53.7 11.3153 44.4961
53.8 11.3153 44.4961
53.9 11.3153 44.4961
54 11.3153 44.4961
54.1 11.3153 44.4961
54.2 11.3153 44.4961
54.3 11.3153 44.4961
54.4 11.3153 44.4961
54.5 11.3153 44.4961
54.6 11.3153 44.4961
54.7 11.3153 44.4961
54.8 11.3153 44.4961
54.9 11.3153 44.4961
55 11.3153 44.4961
55.1 11.3153 44.4962
55.2 11.3153 44.4962
55.3 11.3153 44.4962
55.4 11.3153 44.4962
55.5 11.3153 44.4962
55.6 11.3153 44.4962
55.7 11.3153 44.4962
55.8 11.3153 44.4962
55.9 11.3153 44.4962
56 11.3153 44.4962
56.1 11.3153 44.4962
56.2 11.3154 44.4962
56.3 11.3154 44.4962
56.4 11.3154 44.4962
56.5 11.3154 44.4962
56.6 11.3154 44.4962
56.7 11.3154 44.4963
56.8 11.3154 44.4963
56.9 11.3154 44.4963
57 11.3154 44.4963
57.1 11.3154 44.4963
57.2 11.3154 44.4963
57.3 11.3154 44.4963
57.4 11.3154 44.4963
57.5 11.3154 44.4963
57.6 11.3154 44.4963
57.7 11.3154 44.4963
57.8 11.3154 44.4964
57.9 11.3154 44.4964
58 11.3154 44.4964
58.1 11.3155 44.4964
58.2 11.3155 44.4964
58.3 11.3155 44.4964
58.4 11.3155 44.4964
58.5 11.3155 44.4964
58.6 11.3155 44.4964
58.7 11.3155 44.4965
58.8 11.3155 44.4965
58.9 11.3155 44.4965
59 11.3155 44.4965
59.1 11.3155 44.4965
59.2 11.3155 44.4965
59.3 11.3155 44.4965
59.4 11.3155 44.4965
59.5 11.3155 44.4965
59.6 11.3156 44.4966
59.7 11.3156 44.4966
59.8 11.3156 44.4966
59.9 11.3156 44.4966
60 11.3156 44.4966
60.1 11.3156 44.4966
60.2 11.3156 44.4966
60.3 11.3156 44.4967
60.4 11.3156 44.4967
60.5 11.3156 44.4967
60.6 11.3156 44.4967
60.7 11.3156 44.4967
60.8 11.3157 44.4967
60.9 11.3157 44.4967
61 11.3157 44.4967
61.1 11.3157 44.4968
61.2 11.3157 44.4968
61.3 11.3157 44.4968
61.4 11.3157 44.4968
61.5 11.3157 44.4968
61.6 11.3157 44.4968
61.7 11.3157 44.4968
61.8 11.3157 44.4968
61.9 11.3157 44.4968
62 11.3157 44.4968
62.1 11.3157 44.4968
62.2 11.3157 44.4969
62.3 11.3157 44.4969
62.4 11.3157 44.4969
62.5 11.3157 44.4969
62.6 11.3158 44.4969
62.7 11.3158 44.4969
62.8 11.3158 44.4969
62.9 11.3158 44.4969
63 11.3158 44.4969
63.1 11.3158 44.4969
63.2 11.3158 44.4969
63.3 11.3158 44.4969
63.4 11.3158 44.4969
63.5 11.3158 44.4969
63.6 11.3158 44.4969
63.7 11.3158 44.4969
63.8 11.3157 44.4969
63.9 11.3157 44.4969
64 11.3157 44.4969
64.1 11.3157 44.4969
64.2 11.3157 44.4969
64.3 11.3157 44.4969
64.4 11.3157 44.4969
64.5 11.3157 44.4969
64.6 11.3157 44.4969
64.7 11.3157 44.4969
64.8 11.3157 44.4969
64.9 11.3157 44.4969
65 11.3157 44.4969
65.1 11.3157 44.4969
65.2 11.3156 44.4969
65.3 11.3156 44.4969
65.4 11.3156 44.4969
65.5 11.3156 44.4969
65.6 11.3156 44.4969
65.7 11.3156 44.4969
65.8 11.3156 44.4969
65.9 11.3156 44.4969
66 11.3156 44.4969
66.1 11.3156 44.4969
66.2 11.3156 44.4969
66.3 11.3155 44.4969
66.4 11.3155 44.4969
66.5 11.3155 44.4969
66.6 11.3155 44.4969
66.7 11.3155 44.4969
66.8 11.3155 44.4969
66.9 11.3155 44.4969
67 11.3155 44.4969
67.1 11.3155 44.4969
67.2 11.3154 44.4969
67.3 11.3154 44.4969
67.4 11.3154 44.4969
67.5 11.3154 44.4969
67.6 11.3154 44.4969
67.7 11.3154 44.4969
67.8 11.3154 44.4969
67.9 11.3153 44.4969
68 11.3153 44.4969
68.1 11.3153 44.4969
68.2 11.3153 44.4969
68.3 11.3153 44.4969
68.4 11.3153 44.4969
68.5 11.3152 44.4969
68.6 11.3152 44.4969
68.7 11.3152 44.4969
68.8 11.3152 44.4969
68.9 11.3152 44.4969
69 11.3152 44.4969
69.1 11.3151 44.4969
69.2 11.3151 44.4969
69.3 11.3151 44.4969
69.4 11.3151 44.4969
69.5 11.3151 44.4969
69.6 11.3151 44.4969
69.7 11.315 44.4969
69.8 11.315 44.4969
69.9 11.315 44.4969
70 11.315 44.4969
70.1 11.315 44.4969
70.2 11.315 44.4969
70.3 11.3149 44.4969
70.4 11.3149 44.4969
70.5 11.3149 44.4969
70.6 11.3149 44.4969
70.7 11.3149 44.4969
70.8 11.3149 44.4969
70.9 11.3148 44.4969
71 11.3148 44.4969
71.1 11.3148 44.4969
71.2 11.3148 44.4969
71.3 11.3148 44.4969
71.4 11.3148 44.4969
71.5 11.3147 44.4969
71.6 11.3147 44.4969
71.7 11.3147 44.4969
71.8 11.3147 44.4969
71.9 11.3147 44.4969
72 11.3147 44.4969
72.1 11.3147 44.4969
72.2 11.3146 44.4969
72.3 11.3146 44.4969
72.4 11.3146 44.4969
72.5 11.3146 44.4969
72.6 11.3146 44.4969
72.7 11.3146 44.4969
72.8 11.3145 44.4969
72.9 11.3145 44.4969
73 11.3145 44.4969
73.1 11.3145 44.4969
73.2 11.3145 44.4969
73.3 11.3145 44.4969
73.4 11.3144 44.4969
73.5 11.3144 44.4969
73.6 11.3144 44.4969
73.7 11.3144 44.4969
73.8 11.3144 44.4969
73.9 11.3144 44.4969
74 11.3143 44.4969
74.1 11.3143 44.4969
74.2 11.3143 44.4969
74.3 11.3143 44.4969
74.4 11.3143 44.4969
74.5 11.3143 44.4969
74.6 11.3142 44.4969
74.7 11.3142 44.4969
74.8 11.3142 44.4969
74.9 11.3142 44.4969
75 11.3142 44.4969
75.1 11.3142 44.4969
75.2 11.3141 44.4969
75.3 11.3141 44.4969
75.4 11.3141 44.4969
75.5 11.3141 44.4969
75.6 11.3141 44.4969
75.7 11.3141 44.4969
75.8 11.314 44.4969
75.9 11.314 44.4969
76 11.314 44.4969
76.1 11.314 44.4969
76.2 11.314 44.4969
76.3 11.314 44.4969
76.4 11.3139 44.4969
76.5 11.3139 44.4969
76.6 11.3139 44.4969
76.7 11.3139 44.4969
76.8 11.3139 44.4969
76.9 11.3139 44.4969
77 11.3138 44.4969
77.1 11.3138 44.4969
77.2 11.3138 44.4969
77.3 11.3138 44.4969
77.4 11.3138 44.4969
77.5 11.3138 44.4969
77.6 11.3137 44.4969
77.7 11.3137 44.4969
77.8 11.3137 44.4969
77.9 11.3137 44.4969
78 11.3137 44.4969
78.1 11.3137 44.4969
78.2 11.3136 44.4969
78.3 11.3136 44.4969
78.4 11.3136 44.4969
78.5 11.3136 44.4969
78.6 11.3136 44.4969
78.7 11.3136 44.4969
78.8 11.3135 44.4969
78.9 11.3135 44.4969
79 11.3135 44.4969
79.1 11.3135 44.4969
79.2 11.3135 44.4969
79.3 11.3135 44.4969
79.4 11.3134 44.4969
79.5 11.3134 44.4969
79.6 11.3134 44.4969
79.7 11.3134 44.4969
79.8 11.3134 44.4969
79.9 11.3134 44.4969
80 11.3133 44.4969
80.1 11.3133 44.4969
80.2 11.3133 44.4969
80.3 11.3133 44.4969
80.4 11.3133 44.4969
80.5 11.3133 44.4969
80.6 11.3132 44.4969
80.7 11.3132 44.4969
80.8 11.3132 44.4969
80.9 11.3132 44.4969
81 11.3132 44.4969
81.1 11.3132 44.4969
81.2 11.3131 44.4969
81.3 11.3131 44.4969
81.4 11.3131 44.4969
81.5 11.3131 44.4969
81.6 11.3131 44.4969
81.7 11.3131 44.4969
81.8 11.3131 44.4969
81.9 11.313 44.4969
82 11.313 44.4969
82.1 11.313 44.4969
82.2 11.313 44.4969
82.3 11.313 44.4969
82.4 11.313 44.4969
82.5 11.3129 44.4969
82.6 11.3129 44.4969
82.7 11.3129 44.4969
82.8 11.3129 44.4969
82.9 11.3129 44.4969
83 11.3129 44.4969
83.1 11.3128 44.4969
83.2 11.3128 44.4969
83.3 11.3128 44.4969
83.4 11.3128 44.4969
83.5 11.3128 44.4969
83.6 11.3128 44.4969
83.7 11.3127 44.4969
83.8 11.3127 44.4969
83.9 11.3127 44.4969
84 11.3127 44.4969
84.1 11.3127 44.4969
84.2 11.3127 44.4969
84.3 11.3126 44.4969
84.4 11.3126 44.4969
84.5 11.3126 44.4969
84.6 11.3126 44.4969
84.7 11.3126 44.4969
84.8 11.3126 44.4969
84.9 11.3125 44.4969
85 11.3125 44.4969
85.1 11.3125 44.4969
85.2 11.3125 44.4969
85.3 11.3125 44.4969
85.4 11.3125 44.4969
85.5 11.3124 44.4969
85.6 11.3124 44.4969
85.7 11.3124 44.4969
85.8 11.3124 44.4969
85.9 11.3124 44.4969
86 11.3124 44.4969
86.1 11.3123 44.4969
86.2 11.3123 44.4969
86.3 11.3123 44.4969
86.4 11.3123 44.4969
86.5 11.3123 44.4969
86.6 11.3123 44.4969
86.7 11.3122 44.4969
86.8 11.3122 44.4969
86.9 11.3122 44.4969
87 11.3122 44.4969
87.1 11.3122 44.4969
87.2 11.3122 44.4969
87.3 11.3121 44.4969
87.4 11.3121 44.4969
87.5 11.3121 44.4969
87.6 11.3121 44.4969
87.7 11.3121 44.4969
87.8 11.3121 44.4969
87.9 11.312 44.4969
88 11.312 44.4969
88.1 11.312 44.4969
88.2 11.312 44.4969
88.3 11.312 44.4969
88.4 11.312 44.4969
88.5 11.3119 44.4969
88.6 11.3119 44.4969
88.7 11.3119 44.4969
88.8 11.3119 44.4969
88.9 11.3119 44.4969
89 11.3119 44.4969
89.1 11.3118 44.4969
89.2 11.3118 44.4969
89.3 11.3118 44.4969
89.4 11.3118 44.4969
89.5 11.3118 44.4969
89.6 11.3118 44.4969
89.7 11.3117 44.4969
89.8 11.3117 44.4969
89.9 11.3117 44.4969
