0 11.3179 44.4938
0.1 11.3179 44.4938
0.2 11.3179 44.4938
0.3 11.3179 44.4938
0.4 11.3179 44.4938
0.5 11.3179 44.4938
0.6 11.3179 44.4938
0.7 11.3179 44.4938
0.8 11.3179 44.4938
0.9 11.3179 44.4938
1 11.3179 44.4938
1.1 11.3179 44.4938
1.2 11.3179 44.4939
1.3 11.3179 44.4939
1.4 11.3179 44.4939
1.5 11.3179 44.4939
1.6 11.3179 44.4939
1.7 11.3179 44.4939
1.8 11.3179 44.4939
1.9 11.3179 44.4939
2 11.3179 44.4939
2.1 11.3179 44.4939
2.2 11.3179 44.4939
2.3 11.3179 44.4939
2.4 11.3179 44.4939
2.5 11.3179 44.4939
2.6 11.3179 44.4939
2.7 11.3179 44.4939
2.8 11.3179 44.4939
2.9 11.3179 44.494
3 11.3179 44.494
3.1 11.3179 44.494
3.2 11.3179 44.494
3.3 11.3179 44.494
3.4 11.3179 44.494
3.5 11.3179 44.494
3.6 11.3179 44.494
3.7 11.3179 44.494
3.8 11.3179 44.494
3.9 11.3179 44.494
4 11.3179 44.494
4.1 11.3179 44.494
4.2 11.3179 44.494
4.3 11.3179 44.494
4.4 11.3179 44.494
4.5 11.3179 44.4941
4.6 11.3179 44.4941
4.7 11.3179 44.4941
4.8 11.3179 44.4941
4.9 11.3179 44.4941
5 11.3179 44.4941
5.1 11.3179 44.4941
5.2 11.3179 44.4941
5.3 11.3179 44.4941
5.4 11.3179 44.4941
5.5 11.3179 44.4941
5.6 11.3179 44.4941
5.7 11.3179 44.4941
5.8 11.3179 44.4941
5.9 11.3179 44.4941
6 11.3179 44.4941
6.1 11.3179 44.4942
6.2 11.3179 44.4942
6.3 11.3179 44.4942
6.4 11.3179 44.4942
6.5 11.3179 44.4942
6.6 11.3179 44.4942
6.7 11.3179 44.4942
6.8 11.3179 44.4942
6.9 11.3179 44.4942
7 11.3179 44.4942
7.1 11.3179 44.4942
7.2 11.3179 44.4942
7.3 11.3179 44.4942
7.4 11.3179 44.4942
7.5 11.3179 44.4942
7.6 11.3179 44.4942
7.7 11.3179 44.4942
7.8 11.3179 44.4943
7.9 11.3179 44.4943
8 11.3179 44.4943
8.1 11.3179 44.4943
8.2 11.3179 44.4943
8.3 11.3179 44.4943
8.4 11.3179 44.4943
8.5 11.3179 44.4943
8.6 11.3179 44.4943
8.7 11.3179 44.4943
8.8 11.3179 44.4943
8.9 11.3179 44.4943
9 11.3179 44.4943
9.1 11.3179 44.4943
9.2 11.3179 44.4943
9.3 11.3179 44.4943
9.4 11.3179 44.4944
9.5 11.3179 44.4944
9.6 11.3179 44.4944
9.7 11.3179 44.4944
9.8 11.3179 44.4944
9.9 11.3179 44.4944
10 11.3179 44.4944
10.1 11.3179 44.4944
10.2 11.3179 44.4944
10.3 11.3179 44.4944
10.4 11.3179 44.4944
10.5 11.3179 44.4944
10.6 11.3179 44.4944
10.7 11.3179 44.4944
10.8 11.3179 44.4944
10.9 11.3179 44.4944
11 11.3179 44.4945
11.1 11.3179 44.4945
11.2 11.3179 44.4945
11.3 11.3179 44.4945
11.4 11.3179 44.4945
11.5 11.3179 44.4945
11.6 11.3179 44.4945
11.7 11.3179 44.4945
11.8 11.3179 44.4945
11.9 11.3179 44.4945
12 11.3179 44.4945
12.1 11.3179 44.4945
12.2 11.3179 44.4945
12.3 11.3179 44.4945
12.4 11.3179 44.4945
12.5 11.3179 44.4945
12.6 11.3179 44.4946
12.7 11.3179 44.4946
12.8 11.3179 44.4946
12.9 11.3179 44.4946
13 11.3179 44.4946
13.1 11.3179 44.4946
13.2 11.3179 44.4946
13.3 11.3179 44.4946
13.4 11.3179 44.4946
13.5 11.3179 44.4946
13.6 11.3179 44.4946
13.7 11.3179 44.4946
13.8 11.3179 44.4946
13.9 11.3179 44.4946
14 11.3179 44.4946
14.1 11.3179 44.4946
14.2 11.3179 44.4947
14.3 11.3179 44.4947
14.4 11.3179 44.4947
14.5 11.3179 44.4947
14.6 11.3179 44.4947
14.7 11.3179 44.4947
14.8 11.3179 44.4947
14.9 11.3179 44.4947
15 11.3179 44.4947
15.1 11.3179 44.4947
15.2 11.3179 44.4947
15.3 11.3179 44.4947
15.4 11.3179 44.4947
15.5 11.3179 44.4947
15.6 11.3179 44.4947
15.7 11.3179 44.4947
15.8 11.3179 44.4947
15.9 11.3179 44.4948
16 11.3179 44.4948
16.1 11.3179 44.4948
16.2 11.3179 44.4948
16.3 11.3179 44.4948
16.4 11.3179 44.4948
16.5 11.3179 44.4948
16.6 11.3179 44.4948
16.7 11.3179 44.4948
16.8 11.3179 44.4948
16.9 11.3179 44.4948
17 11.3179 44.4948
17.1 11.3179 44.4948
17.2 11.3179 44.4948
17.3 11.3179 44.4948
17.4 11.3179 44.4948
17.5 11.3179 44.4949
17.6 11.3179 44.4949
17.7 11.3179 44.4949
17.8 11.3179 44.4949
17.9 11.3179 44.4949
18 11.3179 44.4949
18.1 11.3179 44.4949
18.2 11.3179 44.4949
18.3 11.3179 44.4949
18.4 11.3179 44.4949
18.5 11.3179 44.4949
18.6 11.3179 44.4949
18.7 11.3179 44.4949
18.8 11.3179 44.4949
18.9 11.3179 44.4949
19 11.3179 44.4949
19.1 11.3179 44.495
19.2 11.3179 44.495
19.3 11.3179 44.495
19.4 11.3179 44.495
19.5 11.3179 44.495
19.6 11.3179 44.495
19.7 11.3179 44.495
19.8 11.3179 44.495
19.9 11.3179 44.495
20 11.3179 44.495
20.1 11.3179 44.495
20.2 11.3179 44.495
20.3 11.3179 44.495
20.4 11.3179 44.495
20.5 11.3179 44.495
20.6 11.3179 44.495
20.7 11.3179 44.4951
20.8 11.3179 44.4951
20.9 11.3179 44.4951
21 11.3179 44.4951
21.1 11.3179 44.4951
21.2 11.3179 44.4951
21.3 11.3179 44.4951
21.4 11.3179 44.4951
21.5 11.3179 44.4951
21.6 11.3179 44.4951
21.7 11.3179 44.4951
21.8 11.3179 44.4951
21.9 11.3179 44.4951
22 11.3179 44.4951
22.1 11.3179 44.4951
22.2 11.3179 44.4951
22.3 11.3179 44.4951
22.4 11.3179 44.4952
22.5 11.3179 44.4952
22.6 11.3179 44.4952
22.7 11.3179 44.4952
22.8 11.3179 44.4952
22.9 11.3179 44.4952
23 11.3179 44.4952
23.1 11.3179 44.4952
23.2 11.318 44.4952
23.3 11.318 44.4952
23.4 11.318 44.4952
23.5 11.318 44.4952
23.6 11.318 44.4952
23.7 11.318 44.4952
23.8 11.318 44.4952
23.9 11.318 44.4952
24 11.318 44.4952
24.1 11.318 44.4952
24.2 11.318 44.4952
24.3 11.318 44.4952
24.4 11.318 44.4952
24.5 11.318 44.4952
24.6 11.318 44.4952
24.7 11.3181 44.4952
24.8 11.3181 44.4952
24.9 11.3181 44.4952
25 11.3181 44.4952
25.1 11.3181 44.4952
25.2 11.3181 44.4952
25.3 11.3181 44.4952
25.4 11.3181 44.4952
25.5 11.3181 44.4952
25.6 11.3181 44.4952
25.7 11.3182 44.4952
25.8 11.3182 44.4952
25.9 11.3182 44.4952
26 11.3182 44.4952
26.1 11.3182 44.4952
26.2 11.3182 44.4952
26.3 11.3182 44.4952
26.4 11.3182 44.4952
26.5 11.3182 44.4952
26.6 11.3183 44.4952
26.7 11.3183 44.4952
26.8 11.3183 44.4952
26.9 11.3183 44.4952
27 11.3183 44.4952
27.1 11.3183 44.4952
27.2 11.3183 44.4952
27.3 11.3184 44.4952
27.4 11.3184 44.4952
27.5 11.3184 44.4952
27.6 11.3184 44.4952
27.7 11.3184 44.4952
27.8 11.3184 44.4952
27.9 11.3185 44.4952
28 11.3185 44.4952
28.1 11.3185 44.4952
28.2 11.3185 44.4952
28.3 11.3185 44.4952
28.4 11.3185 44.4952
28.5 11.3186 44.4952
28.6 11.3186 44.4952
28.7 11.3186 44.4952
28.8 11.3186 44.4953
28.9 11.3186 44.4953
29 11.3186 44.4953
29.1 11.3187 44.4953
29.2 11.3187 44.4953
29.3 11.3187 44.4953
29.4 11.3187 44.4953
29.5 11.3187 44.4953
29.6 11.3188 44.4953
29.7 11.3188 44.4953
29.8 11.3188 44.4953
29.9 11.3188 44.4953
30 11.3188 44.4953
30.1 11.3189 44.4953
30.2 11.3189 44.4953
30.3 11.3189 44.4953
30.4 11.3189 44.4953
30.5 11.3189 44.4953
30.6 11.319 44.4953
30.7 11.319 44.4953
30.8 11.319 44.4953
30.9 11.319 44.4953
31 11.319 44.4953
31.1 11.3191 44.4953
31.2 11.3191 44.4953
31.3 11.3191 44.4953
31.4 11.3191 44.4953
31.5 11.3191 44.4953
31.6 11.3192 44.4953
31.7 11.3192 44.4953
31.8 11.3192 44.4953
31.9 11.3192 44.4953
32 11.3192 44.4953
32.1 11.3193 44.4953
32.2 11.3193 44.4953
32.3 11.3193 44.4953
32.4 11.3193 44.4953
32.5 11.3193 44.4953
32.6 11.3193 44.4953
32.7 11.3194 44.4953
32.8 11.3194 44.4953
32.9 11.3194 44.4953
33 11.3194 44.4953
33.1 11.3194 44.4953
33.2 11.3194 44.4953
33.3 11.3194 44.4953
33.4 11.3195 44.4953
33.5 11.3195 44.4953
33.6 11.3195 44.4953
33.7 11.3195 44.4953
33.8 11.3195 44.4953
33.9 11.3195 44.4953
34 11.3195 44.4953
34.1 11.3195 44.4953
34.2 11.3195 44.4953
34.3 11.3195 44.4953
34.4 11.3195 44.4953
34.5 11.3195 44.4953
34.6 11.3196 44.4953
34.7 11.3196 44.4953
34.8 11.3196 44.4953
34.9 11.3196 44.4953
35 11.3196 44.4953
35.1 11.3196 44.4953
35.2 11.3196 44.4953
35.3 11.3196 44.4953
35.4 11.3196 44.4953
35.5 11.3196 44.4953
35.6 11.3196 44.4953
35.7 11.3196 44.4953
35.8 11.3196 44.4953
35.9 11.3196 44.4953
36 11.3196 44.4953
36.1 11.3196 44.4953
36.2 11.3196 44.4953
36.3 11.3196 44.4953
36.4 11.3196 44.4953
36.5 11.3196 44.4953
36.6 11.3196 44.4953
36.7 11.3197 44.4953
36.8 11.3197 44.4953
36.9 11.3197 44.4953
37 11.3197 44.4953
37.1 11.3197 44.4953
37.2 11.3197 44.4953
37.3 11.3197 44.4953
37.4 11.3197 44.4953
37.5 11.3197 44.4953
37.6 11.3197 44.4953
37.7 11.3197 44.4953
37.8 11.3197 44.4953
37.9 11.3198 44.4953
38 11.3198 44.4953
38.1 11.3198 44.4953
38.2 11.3198 44.4953
38.3 11.3198 44.4953
38.4 11.3198 44.4953
38.5 11.3198 44.4953
38.6 11.3198 44.4953
38.7 11.3198 44.4953
38.8 11.3199 44.4953
38.9 11.3199 44.4953
39 11.3199 44.4953
39.1 11.3199 44.4953
39.2 11.3199 44.4953
39.3 11.3199 44.4953
39.4 11.3199 44.4953
39.5 11.32 44.4953
39.6 11.32 44.4953
39.7 11.32 44.4953
39.8 11.32 44.4953
39.9 11.32 44.4953
40 11.32 44.4953
40.1 11.32 44.4953
40.2 11.3201 44.4954
40.3 11.3201 44.4954
40.4 11.3201 44.4954
40.5 11.3201 44.4954
40.6 11.3201 44.4954
40.7 11.3201 44.4954
40.8 11.3202 44.4954
40.9 11.3202 44.4954
41 11.3202 44.4954
41.1 11.3202 44.4954
41.2 11.3202 44.4954
41.3 11.3202 44.4954
41.4 11.3203 44.4954
41.5 11.3203 44.4954
41.6 11.3203 44.4954
41.7 11.3203 44.4954
41.8 11.3203 44.4954
41.9 11.3204 44.4954
42 11.3204 44.4954
42.1 11.3204 44.4954
42.2 11.3204 44.4954
42.3 11.3204 44.4954
42.4 11.3205 44.4954
42.5 11.3205 44.4954
42.6 11.3205 44.4954
42.7 11.3205 44.4954
42.8 11.3205 44.4954
42.9 11.3206 44.4954
43 11.3206 44.4954
43.1 11.3206 44.4954
43.2 11.3206 44.4954
43.3 11.3207 44.4954
43.4 11.3207 44.4954
43.5 11.3207 44.4954
43.6 11.3207 44.4954
43.7 11.3207 44.4954
43.8 11.3208 44.4954
43.9 11.3208 44.4954
44 11.3208 44.4954
44.1 11.3208 44.4954
44.2 11.3208 44.4954
44.3 11.3209 44.4954
44.4 11.3209 44.4954
44.5 11.3209 44.4954
44.6 11.3209 44.4955
44.7 11.3209 44.4955
44.8 11.321 44.4955
44.9 11.321 44.4955
45 11.321 44.4955
45.1 11.321 44.4955
45.2 11.321 44.4955
45.3 11.321 44.4955
45.4 11.321 44.4955
45.5 11.321 44.4955
45.6 11.3211 44.4955
45.7 11.3211 44.4955
45.8 11.3211 44.4955
45.9 11.3211 44.4955
46 11.3211 44.4955
46.1 11.3211 44.4955
46.2 11.3211 44.4955
46.3 11.3211 44.4955
46.4 11.3211 44.4955
46.5 11.3211 44.4955
46.6 11.3211 44.4955
46.7 11.3212 44.4955
46.8 11.3212 44.4955
46.9 11.3212 44.4955
47 11.3212 44.4955
47.1 11.3212 44.4955
47.2 11.3212 44.4954
47.3 11.3212 44.4954
47.4 11.3212 44.4954
47.5 11.3212 44.4954
47.6 11.3212 44.4954
47.7 11.3212 44.4954
47.8 11.3212 44.4954
47.9 11.3212 44.4954
48 11.3212 44.4954
48.1 11.3212 44.4954
48.2 11.3212 44.4954
48.3 11.3212 44.4954
48.4 11.3212 44.4954
48.5 11.3212 44.4954
48.6 11.3212 44.4954
48.7 11.3212 44.4954
48.8 11.3212 44.4954
48.9 11.3212 44.4954
49 11.3212 44.4954
49.1 11.3212 44.4954
49.2 11.3212 44.4953
49.3 11.3212 44.4953
49.4 11.3212 44.4953
49.5 11.3212 44.4953
49.6 11.3212 44.4953
49.7 11.3212 44.4953
49.8 11.3212 44.4953
49.9 11.3212 44.4953
50 11.3211 44.4953
50.1 11.3211 44.4953
50.2 11.3211 44.4953
50.3 11.3211 44.4953
50.4 11.3211 44.4953
50.5 11.3211 44.4953
50.6 11.3211 44.4953
50.7 11.3211 44.4953
50.8 11.3211 44.4953
50.9 11.3211 44.4952
51 11.3211 44.4952
51.1 11.3211 44.4952
51.2 11.3211 44.4952
51.3 11.3211 44.4952
51.4 11.3211 44.4952
51.5 11.3211 44.4952
51.6 11.3211 44.4952
51.7 11.3211 44.4952
51.8 11.3211 44.4952
51.9 11.3211 44.4952
52 11.3211 44.4952
52.1 11.3211 44.4952
52.2 11.3211 44.4952
52.3 11.3211 44.4952
52.4 11.3211 44.4952
52.5 11.3211 44.4952
52.6 11.3211 44.4951
52.7 11.3211 44.4951
52.8 11.3211 44.4951
52.9 11.3211 44.4951
53 11.3211 44.4951
53.1 11.3211 44.4951
53.2 11.3211 44.4951
53.3 11.3211 44.4951
53.4 11.3211 44.4951
53.5 11.3211 44.4951
53.6 11.3211 44.4951
53.7 11.3211 44.4951
53.8 11.321 44.4951
53.9 11.321 44.4951
54 11.321 44.4951
54.1 11.321 44.4951
54.2 11.321 44.4951
54.3 11.321 44.495
54.4 11.321 44.495
54.5 11.321 44.495
54.6 11.321 44.495
54.7 11.321 44.495
54.8 11.321 44.495
54.9 11.321 44.495
55 11.321 44.495
55.1 11.321 44.495
55.2 11.321 44.495
55.3 11.321 44.495
55.4 11.321 44.495
55.5 11.321 44.495
55.6 11.321 44.495
55.7 11.321 44.495
55.8 11.321 44.495
55.9 11.321 44.495
56 11.321 44.4949
56.1 11.321 44.4949
56.2 11.321 44.4949
56.3 11.321 44.4949
56.4 11.321 44.4949
56.5 11.321 44.4949
56.6 11.321 44.4949
56.7 11.321 44.4949
56.8 11.321 44.4949
56.9 11.321 44.4949
57 11.321 44.4949
57.1 11.321 44.4949
57.2 11.321 44.4949
57.3 11.321 44.4949
57.4 11.321 44.4949
57.5 11.321 44.4949
57.6 11.3209 44.4949
57.7 11.3209 44.4948
57.8 11.3209 44.4948
57.9 11.3209 44.4948
58 11.3209 44.4948
58.1 11.3209 44.4948
58.2 11.3209 44.4948
58.3 11.3209 44.4948
58.4 11.3209 44.4948
58.5 11.3209 44.4948
58.6 11.3209 44.4948
58.7 11.3209 44.4948
58.8 11.3209 44.4948
58.9 11.3209 44.4948
59 11.3209 44.4948
59.1 11.3209 44.4948
59.2 11.3209 44.4948
59.3 11.3209 44.4948
59.4 11.3209 44.4947
59.5 11.3209 44.4947
59.6 11.3209 44.4947
59.7 11.3209 44.4947
59.8 11.3209 44.4947
59.9 11.3209 44.4947
60 11.3209 44.4947
60.1 11.3209 44.4947
60.2 11.3209 44.4947
60.3 11.3209 44.4947
60.4 11.3209 44.4947
60.5 11.3209 44.4947
60.6 11.3209 44.4947
60.7 11.3209 44.4947
60.8 11.3209 44.4947
60.9 11.3209 44.4947
61 11.3209 44.4947
61.1 11.3209 44.4946
61.2 11.3209 44.4946
61.3 11.3209 44.4946
61.4 11.3208 44.4946
61.5 11.3208 44.4946
61.6 11.3208 44.4946
61.7 11.3208 44.4946
61.8 11.3208 44.4946
61.9 11.3208 44.4946
62 11.3208 44.4946
62.1 11.3208 44.4946
62.2 11.3208 44.4946
62.3 11.3208 44.4946
62.4 11.3208 44.4946
62.5 11.3208 44.4946
62.6 11.3208 44.4946
62.7 11.3208 44.4946
62.8 11.3208 44.4945
62.9 11.3208 44.4945
63 11.3208 44.4945
63.1 11.3208 44.4945
63.2 11.3208 44.4945
63.3 11.3208 44.4945
63.4 11.3208 44.4945
63.5 11.3208 44.4945
63.6 11.3208 44.4945
63.7 11.3208 44.4945
63.8 11.3208 44.4945
63.9 11.3208 44.4945
64 11.3208 44.4945
64.1 11.3208 44.4945
64.2 11.3208 44.4945
64.3 11.3208 44.4945
64.4 11.3208 44.4945
64.5 11.3208 44.4944
64.6 11.3208 44.4944
64.7 11.3208 44.4944
64.8 11.3208 44.4944
64.9 11.3208 44.4944
65 11.3208 44.4944
65.1 11.3208 44.4944
65.2 11.3207 44.4944
65.3 11.3207 44.4944
65.4 11.3207 44.4944
65.5 11.3207 44.4944
65.6 11.3207 44.4944
65.7 11.3207 44.4944
65.8 11.3207 44.4944
65.9 11.3207 44.4944
66 11.3207 44.4944
66.1 11.3207 44.4944
66.2 11.3207 44.4944
66.3 11.3207 44.4943
66.4 11.3207 44.4943
66.5 11.3207 44.4943
66.6 11.3207 44.4943
66.7 11.3207 44.4943
66.8 11.3207 44.4943
66.9 11.3207 44.4943
67 11.3207 44.4943
67.1 11.3207 44.4943
67.2 11.3207 44.4943
67.3 11.3207 44.4943
67.4 11.3207 44.4943
67.5 11.3207 44.4943
67.6 11.3207 44.4943
67.7 11.3207 44.4943
67.8 11.3207 44.4943
67.9 11.3207 44.4943
68 11.3207 44.4942
68.1 11.3207 44.4942
68.2 11.3207 44.4942
68.3 11.3206 44.4942
68.4 11.3206 44.4942
68.5 11.3206 44.4942
68.6 11.3206 44.4942
68.7 11.3206 44.4942
68.8 11.3206 44.4942
68.9 11.3206 44.4942
69 11.3206 44.4942
69.1 11.3206 44.4942
69.2 11.3206 44.4942
69.3 11.3206 44.4942
69.4 11.3206 44.4942
69.5 11.3206 44.4942
69.6 11.3206 44.4942
69.7 11.3206 44.4942
69.8 11.3206 44.4941
69.9 11.3206 44.4941
70 11.3206 44.4941
70.1 11.3206 44.4941
70.2 11.3206 44.4941
70.3 11.3206 44.4941
70.4 11.3206 44.4941
70.5 11.3206 44.4941
70.6 11.3206 44.4941
70.7 11.3205 44.4941
70.8 11.3205 44.4941
70.9 11.3205 44.4941
71 11.3205 44.4941
71.1 11.3205 44.4941
71.2 11.3205 44.4941
71.3 11.3205 44.4941
71.4 11.3205 44.4941
71.5 11.3205 44.4941
71.6 11.3205 44.4941
71.7 11.3205 44.4941
71.8 11.3205 44.494
71.9 11.3205 44.494
72 11.3205 44.494
72.1 11.3205 44.494
72.2 11.3205 44.494
72.3 11.3205 44.494
72.4 11.3205 44.494
72.5 11.3205 44.494
72.6 11.3205 44.494
72.7 11.3204 44.494
72.8 11.3204 44.494
72.9 11.3204 44.494
73 11.3204 44.494
73.1 11.3204 44.494
73.2 11.3204 44.494
73.3 11.3204 44.494
73.4 11.3204 44.494
73.5 11.3204 44.494
73.6 11.3204 44.494
73.7 11.3204 44.4939
73.8 11.3204 44.4939
73.9 11.3204 44.4939
74 11.3204 44.4939
74.1 11.3204 44.4939
74.2 11.3204 44.4939
74.3 11.3204 44.4939
74.4 11.3204 44.4939
74.5 11.3204 44.4939
74.6 11.3204 44.4939
74.7 11.3204 44.4939
74.8 11.3204 44.4939
74.9 11.3204 44.4939
75 11.3204 44.4939
75.1 11.3204 44.4939
75.2 11.3204 44.4939
75.3 11.3203 44.4939
75.4 11.3203 44.4939
75.5 11.3203 44.4938
75.6 11.3203 44.4938
75.7 11.3203 44.4938
75.8 11.3203 44.4938
75.9 11.3203 44.4938
76 11.3203 44.4938
76.1 11.3203 44.4938
76.2 11.3203 44.4938
76.3 11.3203 44.4938
76.4 11.3203 44.4938
76.5 11.3203 44.4938
76.6 11.3203 44.4938
76.7 11.3203 44.4938
76.8 11.3203 44.4938
76.9 11.3203 44.4938
77 11.3203 44.4938
77.1 11.3203 44.4938
77.2 11.3203 44.4937
77.3 11.3203 44.4937
77.4 11.3203 44.4937
77.5 11.3203 44.4937
77.6 11.3203 44.4937
77.7 11.3203 44.4937
77.8 11.3203 44.4937
77.9 11.3203 44.4937
78 11.3203 44.4937
78.1 11.3203 44.4937
78.2 11.3203 44.4937
78.3 11.3203 44.4937
78.4 11.3203 44.4937
78.5 11.3202 44.4937
78.6 11.3202 44.4937
78.7 11.3202 44.4937
78.8 11.3202 44.4937
78.9 11.3202 44.4937
79 11.3202 44.4936
79.1 11.3202 44.4936
79.2 11.3202 44.4936
79.3 11.3202 44.4936
79.4 11.3202 44.4936
79.5 11.3202 44.4936
79.6 11.3202 44.4936
79.7 11.3202 44.4936
79.8 11.3202 44.4936
79.9 11.3202 44.4936
80 11.3202 44.4936
80.1 11.3202 44.4936
80.2 11.3202 44.4936
80.3 11.3202 44.4936
80.4 11.3202 44.4936
80.5 11.3202 44.4936
80.6 11.3202 44.4936
80.7 11.3202 44.4935
80.8 11.3202 44.4935
80.9 11.3202 44.4935
81 11.3202 44.4935
81.1 11.3202 44.4935
81.2 11.3202 44.4935
81.3 11.3202 44.4935
81.4 11.3202 44.4935
81.5 11.3202 44.4935
81.6 11.3202 44.4935
81.7 11.3202 44.4935
81.8 11.3201 44.4935
81.9 11.3201 44.4935
82 11.3201 44.4935
82.1 11.3201 44.4935
82.2 11.3201 44.4935
82.3 11.3201 44.4935
82.4 11.3201 44.4935
82.5 11.3201 44.4934
82.6 11.3201 44.4934
82.7 11.3201 44.4934
82.8 11.3201 44.4934
82.9 11.3201 44.4934
83 11.3201 44.4934
83.1 11.3201 44.4934
83.2 11.3201 44.4934
83.3 11.3201 44.4934
83.4 11.3201 44.4934
83.5 11.3201 44.4934
83.6 11.3201 44.4934
83.7 11.3201 44.4934
83.8 11.3201 44.4934
83.9 11.3201 44.4934
84 11.3201 44.4934
84.1 11.3201 44.4934
84.2 11.3201 44.4933
84.3 11.3201 44.4933
84.4 11.3201 44.4933
84.5 11.3201 44.4933
84.6 11.3201 44.4933
84.7 11.3201 44.4933
84.8 11.3201 44.4933
84.9 11.3201 44.4933
85 11.32 44.4933
85.1 11.32 44.4933
85.2 11.32 44.4933
85.3 11.32 44.4933
85.4 11.32 44.4933
85.5 11.32 44.4933
85.6 11.32 44.4933
85.7 11.32 44.4933
85.8 11.32 44.4933
85.9 11.32 44.4932
86 11.32 44.4932
86.1 11.32 44.4932
86.2 11.32 44.4932
86.3 11.32 44.4932
86.4 11.32 44.4932
86.5 11.32 44.4932
86.6 11.32 44.4932
86.7 11.32 44.4932
86.8 11.32 44.4932
86.9 11.32 44.4932
87 11.32 44.4932
87.1 11.32 44.4932
87.2 11.32 44.4932
87.3 11.32 44.4932
87.4 11.32 44.4932
87.5 11.32 44.4932
87.6 11.32 44.4932
87.7 11.32 44.4931
87.8 11.32 44.4931
87.9 11.32 44.4931
88 11.32 44.4931
88.1 11.32 44.4931
88.2 11.3199 44.4931
88.3 11.3199 44.4931
88.4 11.3199 44.4931
88.5 11.3199 44.4931
88.6 11.3199 44.4931
88.7 11.3199 44.4931
88.8 11.3199 44.4931
88.9 11.3199 44.4931
89 11.3199 44.4931
89.1 11.3199 44.4931
89.2 11.3199 44.4931
89.3 11.3199 44.4931
89.4 11.3199 44.493
89.5 11.3199 44.493
89.6 11.3199 44.493
89.7 11.3199 44.493
89.8 11.3199 44.493
89.9 11.3199 44.493
