0 11.3127 44.4919
0.1 11.3127 44.4919
0.2 11.3127 44.4919
0.3 11.3127 44.4919
0.4 11.3127 44.4919
0.5 11.3127 44.4919
0.6 11.3127 44.4919
0.7 11.3127 44.4919
0.8 11.3127 44.4919
0.9 11.3127 44.4919
1 11.3127 44.4919
1.1 11.3127 44.4919
1.2 11.3127 44.4919
1.3 11.3127 44.4919
1.4 11.3127 44.4919
1.5 11.3127 44.4919
1.6 11.3127 44.4919
1.7 11.3127 44.4919
1.8 11.3127 44.4919
1.9 11.3127 44.4919
2 11.3127 44.4919
2.1 11.3127 44.4919
2.2 11.3127 44.4919
2.3 11.3127 44.4919
2.4 11.3127 44.4919
2.5 11.3127 44.4919
2.6 11.3127 44.4919
2.7 11.3127 44.4919
2.8 11.3127 44.4919
2.9 11.3127 44.4919
3 11.3127 44.4919
3.1 11.3127 44.4919
3.2 11.3127 44.4919
3.3 11.3127 44.4919
3.4 11.3127 44.4919
3.5 11.3127 44.4919
3.6 11.3127 44.4919
3.7 11.3127 44.4919
3.8 11.3127 44.4919
3.9 11.3127 44.4919
4 11.3127 44.4919
4.1 11.3127 44.4919
4.2 11.3127 44.4919
4.3 11.3127 44.4919
4.4 11.3127 44.4919
4.5 11.3127 44.4919
4.6 11.3127 44.4919
4.7 11.3127 44.4919
4.8 11.3127 44.4919
4.9 11.3127 44.4919
5 11.3127 44.4919
5.1 11.3127 44.4919
5.2 11.3127 44.4919
5.3 11.3127 44.4919
5.4 11.3127 44.4919
5.5 11.3127 44.4919
5.6 11.3127 44.4919
5.7 11.3127 44.4919
5.8 11.3127 44.4919
5.9 11.3127 44.4919
6 11.3127 44.4919
6.1 11.3127 44.4919
6.2 11.3127 44.4919
6.3 11.3127 44.4919
6.4 11.3127 44.4919
6.5 11.3127 44.4919
6.6 11.3127 44.4919
6.7 11.3127 44.4919
6.8 11.3127 44.4919
6.9 11.3127 44.4919
7 11.3127 44.4919
7.1 11.3127 44.4919
7.2 11.3127 44.4919
7.3 11.3127 44.4919
7.4 11.3127 44.4919
7.5 11.3127 44.4919
7.6 11.3127 44.4919
7.7 11.3127 44.4919
7.8 11.3127 44.4919
7.9 11.3127 44.4919
8 11.3127 44.4919
8.1 11.3127 44.4919
8.2 11.3127 44.4919
8.3 11.3127 44.4919
8.4 11.3127 44.4919
8.5 11.3127 44.4919
8.6 11.3127 44.4919
8.7 11.3127 44.4919
8.8 11.3127 44.4919
8.9 11.3127 44.4919
9 11.3127 44.4919
9.1 11.3127 44.4919
9.2 11.3127 44.4919
9.3 11.3127 44.4919
9.4 11.3127 44.4919
9.5 11.3127 44.4919
9.6 11.3127 44.4919
9.7 11.3127 44.4919
9.8 11.3127 44.4919
9.9 11.3127 44.4919
10 11.3127 44.4919
10.1 11.3127 44.4919
10.2 11.3127 44.4919
10.3 11.3127 44.4919
10.4 11.3127 44.4919
10.5 11.3127 44.4919
10.6 11.3127 44.4919
10.7 11.3127 44.4919
10.8 11.3127 44.4919
10.9 11.3127 44.4919
11 11.3127 44.4919
11.1 11.3127 44.4919
11.2 11.3127 44.4919
11.3 11.3127 44.4919
11.4 11.3127 44.4919
11.5 11.3127 44.4919
11.6 11.3127 44.4919
11.7 11.3127 44.4919
11.8 11.3127 44.4919
11.9 11.3127 44.4919
12 11.3127 44.4919
12.1 11.3127 44.4919
12.2 11.3127 44.4919
12.3 11.3127 44.4919
12.4 11.3127 44.4919
12.5 11.3127 44.4919
12.6 11.3127 44.4919
12.7 11.3127 44.4919
12.8 11.3127 44.4919
12.9 11.3127 44.4919
13 11.3127 44.4919
13.1 11.3127 44.4919
13.2 11.3127 44.4919
13.3 11.3127 44.4919
13.4 11.3127 44.4919
13.5 11.3127 44.4919
13.6 11.3127 44.4919
13.7 11.3127 44.4919
13.8 11.3127 44.4919
13.9 11.3127 44.4919
14 11.3127 44.4919
14.1 11.3127 44.4919
14.2 11.3127 44.4919
14.3 11.3127 44.4919
14.4 11.3127 44.4919
14.5 11.3127 44.4919
14.6 11.3127 44.4919
14.7 11.3127 44.4919
14.8 11.3127 44.4919
14.9 11.3127 44.4919
15 11.3127 44.4919
15.1 11.3127 44.4919
15.2 11.3127 44.4919
15.3 11.3127 44.4919
15.4 11.3127 44.4919
15.5 11.3127 44.4919
15.6 11.3127 44.4919
15.7 11.3127 44.4919
15.8 11.3127 44.4919
15.9 11.3127 44.4919
16 11.3127 44.4919
16.1 11.3127 44.4919
16.2 11.3127 44.4919
16.3 11.3127 44.4919
16.4 11.3127 44.4919
16.5 11.3127 44.4919
16.6 11.3127 44.4919
16.7 11.3127 44.4919
16.8 11.3127 44.4919
16.9 11.3127 44.4919
17 11.3127 44.4919
17.1 11.3127 44.4919
17.2 11.3127 44.4919
17.3 11.3127 44.4919
17.4 11.3127 44.4919
17.5 11.3127 44.4919
17.6 11.3127 44.4919
17.7 11.3127 44.4919
17.8 11.3127 44.4919
17.9 11.3127 44.4919
18 11.3127 44.4919
18.1 11.3127 44.4919
18.2 11.3127 44.4919
18.3 11.3127 44.4919
18.4 11.3127 44.4919
18.5 11.3127 44.4919
18.6 11.3127 44.4919
18.7 11.3127 44.4919
18.8 11.3127 44.4919
18.9 11.3127 44.4919
19 11.3127 44.4919
19.1 11.3127 44.4919
19.2 11.3127 44.4919
19.3 11.3127 44.4919
19.4 11.3127 44.4919
19.5 11.3127 44.4919
19.6 11.3127 44.4919
19.7 11.3127 44.4919
19.8 11.3127 44.4919
19.9 11.3127 44.4919
20 11.3127 44.4919
20.1 11.3127 44.4919
20.2 11.3127 44.4919
20.3 11.3127 44.4919
20.4 11.3127 44.4919
20.5 11.3127 44.4919
20.6 11.3127 44.4919
20.7 11.3127 44.4919
20.8 11.3127 44.4919
20.9 11.3127 44.4919
21 11.3127 44.4919
21.1 11.3127 44.4919
21.2 11.3127 44.4919
21.3 11.3127 44.4919
21.4 11.3127 44.4919
21.5 11.3127 44.4919
21.6 11.3127 44.4919
21.7 11.3127 44.4919
21.8 11.3127 44.4919
21.9 11.3127 44.4919
22 11.3127 44.4919
22.1 11.3127 44.4919
22.2 11.3127 44.4919
22.3 11.3127 44.4919
22.4 11.3127 44.4919
22.5 11.3127 44.4919
22.6 11.3127 44.4919
22.7 11.3127 44.4919
22.8 11.3127 44.4919
22.9 11.3127 44.4919
23 11.3127 44.4919
23.1 11.3127 44.4919
23.2 11.3127 44.4919
23.3 11.3127 44.4919
23.4 11.3127 44.4919
23.5 11.3127 44.4919
23.6 11.3127 44.4919
23.7 11.3127 44.4919
23.8 11.3127 44.4919
23.9 11.3127 44.4919
24 11.3127 44.4919
24.1 11.3127 44.4919
24.2 11.3127 44.4919
24.3 11.3127 44.4919
24.4 11.3127 44.4919
24.5 11.3127 44.4919
24.6 11.3127 44.4919
24.7 11.3127 44.4919
24.8 11.3127 44.4919
24.9 11.3127 44.4919
25 11.3127 44.4919
25.1 11.3127 44.4919
25.2 11.3127 44.4919
25.3 11.3127 44.4919
25.4 11.3127 44.4919
25.5 11.3127 44.4919
25.6 11.3127 44.4919
25.7 11.3127 44.4919
25.8 11.3127 44.4919
25.9 11.3127 44.4919
26 11.3127 44.4919
26.1 11.3127 44.4919
26.2 11.3127 44.4919
26.3 11.3127 44.4919
26.4 11.3127 44.4919
26.5 11.3127 44.4919
26.6 11.3127 44.4919
26.7 11.3127 44.4919
26.8 11.3127 44.4919
26.9 11.3127 44.4919
27 11.3127 44.4919
27.1 11.3127 44.4919
27.2 11.3127 44.4919
27.3 11.3127 44.4919
27.4 11.3127 44.4919
27.5 11.3127 44.4919
27.6 11.3127 44.4919
27.7 11.3127 44.4919
27.8 11.3127 44.4919
27.9 11.3127 44.4919
28 11.3127 44.4919
28.1 11.3127 44.4919
28.2 11.3127 44.4919
28.3 11.3127 44.4919
28.4 11.3127 44.4919
28.5 11.3127 44.4919
28.6 11.3127 44.4919
28.7 11.3127 44.4919
28.8 11.3127 44.4919
28.9 11.3127 44.4919
29 11.3127 44.4919
29.1 11.3127 44.4919
29.2 11.3127 44.4919
29.3 11.3127 44.4919
29.4 11.3127 44.4919
29.5 11.3127 44.4919
29.6 11.3127 44.4919
29.7 11.3127 44.4919
29.8 11.3127 44.4919
29.9 11.3127 44.4919
30 11.3127 44.4919
30.1 11.3127 44.4919
30.2 11.3127 44.4919
30.3 11.3127 44.4919
30.4 11.3127 44.4919
30.5 11.3127 44.4919
30.6 11.3127 44.4919
30.7 11.3127 44.4919
30.8 11.3127 44.4919
30.9 11.3127 44.4919
31 11.3127 44.4919
31.1 11.3127 44.4919
31.2 11.3127 44.4919
31.3 11.3127 44.4919
31.4 11.3127 44.4919
31.5 11.3127 44.4919
31.6 11.3127 44.4919
31.7 11.3127 44.4919
31.8 11.3127 44.4919
31.9 11.3127 44.4919
32 11.3127 44.4919
32.1 11.3127 44.4919
32.2 11.3127 44.4919
32.3 11.3127 44.4919
32.4 11.3127 44.4919
32.5 11.3127 44.4919
32.6 11.3127 44.4919
32.7 11.3127 44.4919
32.8 11.3127 44.4919
32.9 11.3127 44.4919
33 11.3127 44.4919
33.1 11.3127 44.4919
33.2 11.3127 44.4919
33.3 11.3127 44.4919
33.4 11.3127 44.4919
33.5 11.3127 44.4919
33.6 11.3127 44.4919
33.7 11.3127 44.4919
33.8 11.3127 44.4919
33.9 11.3127 44.4919
34 11.3127 44.4919
34.1 11.3127 44.4919
34.2 11.3127 44.4919
34.3 11.3127 44.4919
34.4 11.3127 44.4919
34.5 11.3127 44.4919
34.6 11.3127 44.4919
34.7 11.3127 44.4919
34.8 11.3127 44.4919
34.9 11.3127 44.4919
35 11.3127 44.4919
35.1 11.3127 44.4919
35.2 11.3127 44.4919
35.3 11.3127 44.4919
35.4 11.3127 44.4919
35.5 11.3127 44.4919
35.6 11.3127 44.4919
35.7 11.3127 44.4919
35.8 11.3127 44.4919
35.9 11.3127 44.4919
36 11.3127 44.4919
36.1 11.3127 44.4919
36.2 11.3127 44.4919
36.3 11.3127 44.4919
36.4 11.3127 44.4919
36.5 11.3127 44.4919
36.6 11.3127 44.4919
36.7 11.3127 44.4919
36.8 11.3126 44.4919
36.9 11.3126 44.4919
37 11.3126 44.4919
37.1 11.3126 44.4919
37.2 11.3126 44.4919
37.3 11.3126 44.4919
37.4 11.3126 44.4919
37.5 11.3126 44.4919
37.6 11.3126 44.4919
37.7 11.3126 44.4919
37.8 11.3126 44.4919
37.9 11.3126 44.4919
38 11.3126 44.4919
38.1 11.3126 44.4919
38.2 11.3126 44.4919
38.3 11.3125 44.4919
38.4 11.3125 44.4919
38.5 11.3125 44.4919
38.6 11.3125 44.4919
38.7 11.3125 44.4919
38.8 11.3125 44.4919
38.9 11.3125 44.4919
39 11.3125 44.4919
39.1 11.3125 44.4919
39.2 11.3125 44.4919
39.3 11.3125 44.4919
39.4 11.3124 44.4919
39.5 11.3124 44.4919
39.6 11.3124 44.4919
39.7 11.3124 44.4919
39.8 11.3124 44.4919
39.9 11.3124 44.4919
40 11.3124 44.4919
40.1 11.3124 44.4919
40.2 11.3124 44.4919
40.3 11.3124 44.4919
40.4 11.3123 44.4919
40.5 11.3123 44.4919
40.6 11.3123 44.4919
40.7 11.3123 44.4919
40.8 11.3123 44.4919
40.9 11.3123 44.4919
41 11.3123 44.4919
41.1 11.3123 44.4919
41.2 11.3123 44.4919
41.3 11.3123 44.4919
41.4 11.3122 44.4919
41.5 11.3122 44.4919
41.6 11.3122 44.4919
41.7 11.3122 44.4919
41.8 11.3122 44.4919
41.9 11.3122 44.4919
42 11.3122 44.4919
42.1 11.3122 44.4919
42.2 11.3122 44.4919
42.3 11.3122 44.4919
42.4 11.3122 44.4919
42.5 11.3121 44.4919
42.6 11.3121 44.4919
42.7 11.3121 44.4919
42.8 11.3121 44.4919
42.9 11.3121 44.4919
43 11.3121 44.4919
43.1 11.3121 44.4919
43.2 11.3121 44.4919
43.3 11.3121 44.4919
43.4 11.3121 44.4919
43.5 11.3121 44.4919
43.6 11.312 44.4919
43.7 11.312 44.4919
43.8 11.312 44.4919
43.9 11.312 44.4919
44 11.312 44.4919
44.1 11.312 44.4919
44.2 11.312 44.4919
44.3 11.312 44.4919
44.4 11.312 44.4919
44.5 11.312 44.4919
44.6 11.312 44.4919
44.7 11.312 44.4919
44.8 11.312 44.4919
44.9 11.312 44.4919
45 11.312 44.4919
45.1 11.312 44.4919
45.2 11.312 44.4919
45.3 11.312 44.4919
45.4 11.312 44.4919
45.5 11.312 44.4919
45.6 11.312 44.4919
45.7 11.312 44.4919
45.8 11.312 44.492
45.9 11.312 44.492
46 11.312 44.492
46.1 11.312 44.492
46.2 11.312 44.492
46.3 11.312 44.492
46.4 11.312 44.492
46.5 11.312 44.492
46.6 11.312 44.492
46.7 11.312 44.492
46.8 11.312 44.492
46.9 11.312 44.492
47 11.312 44.492
47.1 11.312 44.492
47.2 11.312 44.492
47.3 11.312 44.4921
47.4 11.312 44.4921
47.5 11.312 44.4921
47.6 11.312 44.4921
47.7 11.312 44.4921
47.8 11.312 44.4921
47.9 11.312 44.4921
48 11.312 44.4921
48.1 11.312 44.4921
48.2 11.312 44.4921
48.3 11.3119 44.4921
48.4 11.3119 44.4921
48.5 11.3119 44.4921
48.6 11.3119 44.4921
48.7 11.3119 44.4922
48.8 11.3119 44.4922
48.9 11.3119 44.4922
49 11.3119 44.4922
49.1 11.3119 44.4922
49.2 11.3119 44.4922
49.3 11.3119 44.4922
49.4 11.3119 44.4922
49.5 11.3119 44.4922
49.6 11.3119 44.4922
49.7 11.3119 44.4922
49.8 11.3119 44.4922
49.9 11.3119 44.4922
50 11.3119 44.4922
50.1 11.3119 44.4922
50.2 11.3119 44.4923
50.3 11.3119 44.4923
50.4 11.3119 44.4923
50.5 11.3119 44.4923
50.6 11.3119 44.4923
50.7 11.3119 44.4923
50.8 11.3119 44.4923
50.9 11.3119 44.4923
51 11.3119 44.4923
51.1 11.3119 44.4923
51.2 11.3119 44.4923
51.3 11.3119 44.4923
51.4 11.3119 44.4923
51.5 11.3119 44.4923
51.6 11.3119 44.4924
51.7 11.3119 44.4924
51.8 11.3119 44.4924
51.9 11.3119 44.4924
52 11.3119 44.4924
52.1 11.3119 44.4924
52.2 11.3119 44.4924
52.3 11.3119 44.4924
52.4 11.3119 44.4924
52.5 11.3119 44.4924
52.6 11.3119 44.4924
52.7 11.3119 44.4924
52.8 11.3119 44.4924
52.9 11.3119 44.4924
53 11.3119 44.4924
53.1 11.3119 44.4925
53.2 11.3119 44.4925
53.3 11.3119 44.4925
53.4 11.3119 44.4925
53.5 11.3119 44.4925
53.6 11.3119 44.4925
53.7 11.3119 44.4925
53.8 11.3119 44.4925
53.9 11.3119 44.4925
54 11.3119 44.4925
54.1 11.3119 44.4925
54.2 11.3119 44.4925
54.3 11.3119 44.4925
54.4 11.3119 44.4925
54.5 11.3119 44.4926
54.6 11.3119 44.4926
54.7 11.3119 44.4926
54.8 11.3119 44.4926
54.9 11.3119 44.4926
55 11.3119 44.4926
55.1 11.3119 44.4926
55.2 11.3119 44.4926
55.3 11.3119 44.4926
55.4 11.3119 44.4926
55.5 11.3119 44.4926
55.6 11.3119 44.4926
55.7 11.3119 44.4926
55.8 11.3119 44.4926
55.9 11.3119 44.4926
56 11.3119 44.4927
56.1 11.3119 44.4927
56.2 11.3119 44.4927
56.3 11.3119 44.4927
56.4 11.3119 44.4927
56.5 11.3118 44.4927
56.6 11.3118 44.4927
56.7 11.3118 44.4927
56.8 11.3118 44.4927
56.9 11.3118 44.4927
57 11.3118 44.4927
57.1 11.3118 44.4927
57.2 11.3118 44.4927
57.3 11.3118 44.4927
57.4 11.3118 44.4927
57.5 11.3118 44.4928
57.6 11.3118 44.4928
57.7 11.3118 44.4928
57.8 11.3118 44.4928
57.9 11.3118 44.4928
58 11.3118 44.4928
58.1 11.3118 44.4928
58.2 11.3118 44.4928
58.3 11.3118 44.4928
58.4 11.3118 44.4928
58.5 11.3118 44.4928
58.6 11.3118 44.4928
58.7 11.3118 44.4928
58.8 11.3118 44.4928
58.9 11.3118 44.4929
59 11.3118 44.4929
59.1 11.3118 44.4929
59.2 11.3118 44.4929
59.3 11.3118 44.4929
59.4 11.3118 44.4929
59.5 11.3118 44.4929
59.6 11.3118 44.4929
59.7 11.3118 44.4929
59.8 11.3118 44.4929
59.9 11.3118 44.4929
60 11.3118 44.4929
60.1 11.3118 44.4929
60.2 11.3118 44.4929
60.3 11.3118 44.4929
60.4 11.3118 44.493
60.5 11.3118 44.493
60.6 11.3118 44.493
60.7 11.3118 44.493
60.8 11.3118 44.493
60.9 11.3118 44.493
61 11.3118 44.493
61.1 11.3118 44.493
61.2 11.3118 44.493
61.3 11.3118 44.493
61.4 11.3118 44.493
61.5 11.3118 44.493
61.6 11.3119 44.493
61.7 11.3119 44.493
61.8 11.3119 44.493
61.9 11.3119 44.493
62 11.3119 44.493
62.1 11.3119 44.493
62.2 11.3119 44.493
62.3 11.3119 44.493
62.4 11.3119 44.493
62.5 11.3119 44.493
62.6 11.3119 44.493
62.7 11.3119 44.493
62.8 11.312 44.493
62.9 11.312 44.493
63 11.312 44.493
63.1 11.312 44.493
63.2 11.312 44.493
63.3 11.312 44.493
63.4 11.312 44.493
63.5 11.312 44.493
63.6 11.312 44.493
63.7 11.312 44.493
63.8 11.312 44.493
63.9 11.3121 44.493
64 11.3121 44.493
64.1 11.3121 44.493
64.2 11.3121 44.493
64.3 11.3121 44.493
64.4 11.3121 44.493
64.5 11.3121 44.493
64.6 11.3121 44.493
64.7 11.3121 44.493
64.8 11.3121 44.493
64.9 11.3122 44.493
65 11.3122 44.493
65.1 11.3122 44.493
65.2 11.3122 44.493
65.3 11.3122 44.493
65.4 11.3122 44.493
65.5 11.3122 44.493
65.6 11.3122 44.493
65.7 11.3122 44.493
65.8 11.3122 44.493
65.9 11.3122 44.493
66 11.3123 44.493
66.1 11.3123 44.493
66.2 11.3123 44.493
66.3 11.3123 44.493
66.4 11.3123 44.493
66.5 11.3123 44.493
66.6 11.3123 44.493
66.7 11.3123 44.493
66.8 11.3123 44.493
66.9 11.3123 44.493
67 11.3124 44.493
67.1 11.3124 44.493
67.2 11.3124 44.493
67.3 11.3124 44.493
67.4 11.3124 44.493
67.5 11.3124 44.493
67.6 11.3124 44.493
67.7 11.3124 44.493
67.8 11.3124 44.493
67.9 11.3124 44.493
68 11.3125 44.493
68.1 11.3125 44.493
68.2 11.3125 44.493
68.3 11.3125 44.493
68.4 11.3125 44.4931
68.5 11.3125 44.4931
68.6 11.3125 44.4931
68.7 11.3125 44.4931
68.8 11.3125 44.4931
68.9 11.3125 44.4931
69 11.3125 44.4931
69.1 11.3126 44.4931
69.2 11.3126 44.4931
69.3 11.3126 44.4931
69.4 11.3126 44.4931
69.5 11.3126 44.4931
69.6 11.3126 44.4931
69.7 11.3126 44.4931
69.8 11.3126 44.4931
69.9 11.3126 44.4931
70 11.3126 44.4931
70.1 11.3127 44.4931
70.2 11.3127 44.4931
70.3 11.3127 44.4931
70.4 11.3127 44.4931
70.5 11.3127 44.4931
70.6 11.3127 44.4931
70.7 11.3127 44.4931
70.8 11.3127 44.4931
70.9 11.3127 44.4931
71 11.3127 44.4931
71.1 11.3127 44.4931
71.2 11.3128 44.4931
71.3 11.3128 44.4931
71.4 11.3128 44.4931
71.5 11.3128 44.4931
71.6 11.3128 44.4931
71.7 11.3128 44.4931
71.8 11.3128 44.4931
71.9 11.3128 44.4931
72 11.3128 44.4931
72.1 11.3128 44.4931
72.2 11.3129 44.4931
72.3 11.3129 44.4931
72.4 11.3129 44.4931
72.5 11.3129 44.4931
72.6 11.3129 44.4931
72.7 11.3129 44.4931
72.8 11.3129 44.4931
72.9 11.3129 44.4931
73 11.3129 44.4931
73.1 11.3129 44.4931
73.2 11.313 44.4931
73.3 11.313 44.4931
73.4 11.313 44.4931
73.5 11.313 44.4931
73.6 11.313 44.4931
73.7 11.313 44.4931
73.8 11.313 44.4931
73.9 11.313 44.4931
74 11.313 44.4931
74.1 11.313 44.4931
74.2 11.313 44.4931
74.3 11.3131 44.4931
74.4 11.3131 44.4931
74.5 11.3131 44.4931
74.6 11.3131 44.4931
74.7 11.3131 44.4931
74.8 11.3131 44.4931
74.9 11.3131 44.4931
75 11.3131 44.4931
75.1 11.3131 44.4931
75.2 11.3131 44.4931
75.3 11.3132 44.4931
75.4 11.3132 44.4931
75.5 11.3132 44.4931
75.6 11.3132 44.4931
75.7 11.3132 44.4931
75.8 11.3132 44.4931
75.9 11.3132 44.4931
76 11.3132 44.4931
76.1 11.3132 44.4931
76.2 11.3132 44.4931
76.3 11.3132 44.4931
76.4 11.3133 44.4931
76.5 11.3133 44.4931
76.6 11.3133 44.4931
76.7 11.3133 44.4931
76.8 11.3133 44.4931
76.9 11.3133 44.4931
77 11.3133 44.4931
77.1 11.3133 44.4931
77.2 11.3133 44.4931
77.3 11.3133 44.4931
77.4 11.3133 44.4931
77.5 11.3134 44.4931
77.6 11.3134 44.4931
77.7 11.3134 44.4931
77.8 11.3134 44.4931
77.9 11.3134 44.4931
78 11.3134 44.4931
78.1 11.3134 44.4931
78.2 11.3134 44.4931
78.3 11.3134 44.4931
78.4 11.3134 44.4931
78.5 11.3135 44.4931
78.6 11.3135 44.4931
78.7 11.3135 44.4931
78.8 11.3135 44.4931
78.9 11.3135 44.4931
79 11.3135 44.4931
79.1 11.3135 44.4931
79.2 11.3135 44.4931
79.3 11.3135 44.4931
79.4 11.3135 44.4931
79.5 11.3136 44.4931
79.6 11.3136 44.4931
79.7 11.3136 44.4931
79.8 11.3136 44.4931
79.9 11.3136 44.4931
80 11.3136 44.4931
80.1 11.3136 44.4931
80.2 11.3136 44.4931
80.3 11.3136 44.4931
80.4 11.3136 44.4931
80.5 11.3136 44.4931
80.6 11.3137 44.4931
80.7 11.3137 44.4931
80.8 11.3137 44.4931
80.9 11.3137 44.4931
81 11.3137 44.4931
81.1 11.3137 44.4931
81.2 11.3137 44.4931
81.3 11.3137 44.4931
81.4 11.3137 44.4931
81.5 11.3137 44.4931
81.6 11.3138 44.4932
81.7 11.3138 44.4932
81.8 11.3138 44.4932
81.9 11.3138 44.4932
82 11.3138 44.4932
82.1 11.3138 44.4932
82.2 11.3138 44.4932
82.3 11.3138 44.4932
82.4 11.3138 44.4932
82.5 11.3138 44.4932
82.6 11.3138 44.4932
82.7 11.3139 44.4932
82.8 11.3139 44.4932
82.9 11.3139 44.4932
83 11.3139 44.4932
83.1 11.3139 44.4932
83.2 11.3139 44.4932
83.3 11.3139 44.4932
83.4 11.3139 44.4932
83.5 11.3139 44.4932
83.6 11.3139 44.4932
83.7 11.314 44.4932
83.8 11.314 44.4932
83.9 11.314 44.4932
84 11.314 44.4932
84.1 11.314 44.4932
84.2 11.314 44.4932
84.3 11.314 44.4932
84.4 11.314 44.4932
84.5 11.314 44.4932
84.6 11.314 44.4932
84.7 11.3141 44.4932
84.8 11.3141 44.4932
84.9 11.3141 44.4932
85 11.3141 44.4932
85.1 11.3141 44.4932
85.2 11.3141 44.4932
85.3 11.3141 44.4932
85.4 11.3141 44.4932
85.5 11.3141 44.4932
85.6 11.3141 44.4932
85.7 11.3141 44.4932
85.8 11.3142 44.4932
85.9 11.3142 44.4932
86 11.3142 44.4932
86.1 11.3142 44.4932
86.2 11.3142 44.4932
86.3 11.3142 44.4932
86.4 11.3142 44.4932
86.5 11.3142 44.4932
86.6 11.3142 44.4932
86.7 11.3142 44.4932
86.8 11.3143 44.4932
86.9 11.3143 44.4932
87 11.3143 44.4932
87.1 11.3143 44.4932
87.2 11.3143 44.4932
87.3 11.3143 44.4932
87.4 11.3143 44.4932
87.5 11.3143 44.4932
87.6 11.3143 44.4932
87.7 11.3143 44.4932
87.8 11.3143 44.4932
87.9 11.3144 44.4932
88 11.3144 44.4932
88.1 11.3144 44.4932
88.2 11.3144 44.4932
88.3 11.3144 44.4932
88.4 11.3144 44.4932
88.5 11.3144 44.4932
88.6 11.3144 44.4932
88.7 11.3144 44.4932
88.8 11.3144 44.4932
88.9 11.3144 44.4932
89 11.3145 44.4932
89.1 11.3145 44.4932
89.2 11.3145 44.4932
89.3 11.3145 44.4932
89.4 11.3145 44.4932
89.5 11.3145 44.4932
89.6 11.3145 44.4932
89.7 11.3145 44.4932
89.8 11.3145 44.4932
89.9 11.3145 44.4932
