0 11.3127 44.4931
0.1 11.3127 44.4931
0.2 11.3127 44.4931
0.3 11.3127 44.4931
0.4 11.3127 44.4931
0.5 11.3127 44.4931
0.6 11.3127 44.4931
0.7 11.3127 44.4931
0.8 11.3127 44.4931
0.9 11.3127 44.4931
1 11.3127 44.4931
1.1 11.3128 44.4931
1.2 11.3128 44.4931
1.3 11.3128 44.4931
1.4 11.3128 44.4931
1.5 11.3128 44.4931
1.6 11.3128 44.4931
1.7 11.3128 44.4931
1.8 11.3128 44.4931
1.9 11.3128 44.4931
2 11.3129 44.4931
2.1 11.3129 44.4931
2.2 11.3129 44.4931
2.3 11.3129 44.4931
2.4 11.3129 44.4931
2.5 11.3129 44.4931
2.6 11.3129 44.4931
2.7 11.3129 44.4931
2.8 11.3129 44.4931
2.9 11.3129 44.4931
3 11.313 44.4931
3.1 11.313 44.4931
3.2 11.313 44.4931
3.3 11.313 44.4931
3.4 11.313 44.4931
3.5 11.313 44.4931
3.6 11.313 44.4931
3.7 11.313 44.4931
3.8 11.313 44.4931
3.9 11.3131 44.4931
4 11.3131 44.4931
4.1 11.3131 44.4931
4.2 11.3131 44.4931
4.3 11.3131 44.4931
4.4 11.3131 44.4931
4.5 11.3131 44.4931
4.6 11.3131 44.4931
4.7 11.3131 44.4931
4.8 11.3131 44.4931
4.9 11.3132 44.4931
5 11.3132 44.4931
5.1 11.3132 44.4931
5.2 11.3132 44.4931
5.3 11.3132 44.4931
5.4 11.3132 44.4931
5.5 11.3132 44.4931
5.6 11.3132 44.4931
5.7 11.3132 44.4931
5.8 11.3132 44.4931
5.9 11.3132 44.4931
6 11.3133 44.4931
6.1 11.3133 44.4931
6.2 11.3133 44.4931
6.3 11.3133 44.4931
6.4 11.3133 44.4931
6.5 11.3133 44.4931
6.6 11.3133 44.4931
6.7 11.3133 44.4931
6.8 11.3133 44.4931
6.9 11.3133 44.4931
7 11.3134 44.4931
7.1 11.3134 44.4931
7.2 11.3134 44.4931
7.3 11.3134 44.4931
7.4 11.3134 44.4931
7.5 11.3134 44.4931
7.6 11.3134 44.4931
7.7 11.3134 44.4931
7.8 11.3134 44.4931
7.9 11.3135 44.4931
8 11.3135 44.4931
8.1 11.3135 44.4931
8.2 11.3135 44.4931
8.3 11.3135 44.4931
8.4 11.3135 44.4931
8.5 11.3135 44.4931
8.6 11.3135 44.4931
8.7 11.3135 44.4931
8.8 11.3135 44.4931
8.9 11.3136 44.4931
9 11.3136 44.4931
9.1 11.3136 44.4931
9.2 11.3136 44.4931
9.3 11.3136 44.4931
9.4 11.3136 44.4931
9.5 11.3136 44.4931
9.6 11.3136 44.4931
9.7 11.3136 44.4931
9.8 11.3137 44.4931
9.9 11.3137 44.4931
10 11.3137 44.4931
10.1 11.3137 44.4931
10.2 11.3137 44.4931
10.3 11.3137 44.4931
10.4 11.3137 44.4931
10.5 11.3137 44.4931
10.6 11.3137 44.4931
10.7 11.3137 44.4931
10.8 11.3138 44.4932
10.9 11.3138 44.4932
11 11.3138 44.4932
11.1 11.3138 44.4932
11.2 11.3138 44.4932
11.3 11.3138 44.4932
11.4 11.3138 44.4932
11.5 11.3138 44.4932
11.6 11.3138 44.4932
11.7 11.3138 44.4932
11.8 11.3139 44.4932
11.9 11.3139 44.4932
12 11.3139 44.4932
12.1 11.3139 44.4932
12.2 11.3139 44.4932
12.3 11.3139 44.4932
12.4 11.3139 44.4932
12.5 11.3139 44.4932
12.6 11.3139 44.4932
12.7 11.314 44.4932
12.8 11.314 44.4932
12.9 11.314 44.4932
13 11.314 44.4932
13.1 11.314 44.4932
13.2 11.314 44.4932
13.3 11.314 44.4932
13.4 11.314 44.4932
13.5 11.314 44.4932
13.6 11.314 44.4932
13.7 11.3141 44.4932
13.8 11.3141 44.4932
13.9 11.3141 44.4932
14 11.3141 44.4932
14.1 11.3141 44.4932
14.2 11.3141 44.4932
14.3 11.3141 44.4932
14.4 11.3141 44.4932
14.5 11.3141 44.4932
14.6 11.3142 44.4932
14.7 11.3142 44.4932
14.8 11.3142 44.4932
14.9 11.3142 44.4932
15 11.3142 44.4932
15.1 11.3142 44.4932
15.2 11.3142 44.4932
15.3 11.3142 44.4932
15.4 11.3142 44.4932
15.5 11.3142 44.4932
15.6 11.3143 44.4932
15.7 11.3143 44.4932
15.8 11.3143 44.4932
15.9 11.3143 44.4932
16 11.3143 44.4932
16.1 11.3143 44.4932
16.2 11.3143 44.4932
16.3 11.3143 44.4932
16.4 11.3143 44.4932
16.5 11.3143 44.4932
16.6 11.3143 44.4932
16.7 11.3144 44.4932
16.8 11.3144 44.4932
16.9 11.3144 44.4932
17 11.3144 44.4932
17.1 11.3144 44.4932
17.2 11.3144 44.4932
17.3 11.3144 44.4932
17.4 11.3144 44.4932
17.5 11.3144 44.4932
17.6 11.3144 44.4932
17.7 11.3145 44.4932
17.8 11.3145 44.4932
17.9 11.3145 44.4932
18 11.3145 44.4932
18.1 11.3145 44.4932
18.2 11.3145 44.4932
18.3 11.3145 44.4932
18.4 11.3145 44.4932
18.5 11.3145 44.4932
18.6 11.3146 44.4932
18.7 11.3146 44.4932
18.8 11.3146 44.4932
18.9 11.3146 44.4932
19 11.3146 44.4932
19.1 11.3146 44.4932
19.2 11.3146 44.4932
19.3 11.3146 44.4932
19.4 11.3146 44.4932
19.5 11.3146 44.4932
19.6 11.3147 44.4932
19.7 11.3147 44.4932
19.8 11.3147 44.4932
19.9 11.3147 44.4932
20 11.3147 44.4932
20.1 11.3147 44.4932
20.2 11.3147 44.4932
20.3 11.3147 44.4932
20.4 11.3147 44.4932
20.5 11.3147 44.4932
20.6 11.3148 44.4932
20.7 11.3148 44.4932
20.8 11.3148 44.4932
20.9 11.3148 44.4932
21 11.3148 44.4932
21.1 11.3148 44.4932
21.2 11.3148 44.4932
21.3 11.3148 44.4932
21.4 11.3148 44.4932
21.5 11.3149 44.4932
21.6 11.3149 44.4932
21.7 11.3149 44.4932
21.8 11.3149 44.4932
21.9 11.3149 44.4932
22 11.3149 44.4932
22.1 11.3149 44.4932
22.2 11.3149 44.4932
22.3 11.3149 44.4932
22.4 11.3149 44.4932
22.5 11.3149 44.4932
22.6 11.315 44.4932
22.7 11.315 44.4932
22.8 11.315 44.4932
22.9 11.315 44.4932
23 11.315 44.4932
23.1 11.315 44.4932
23.2 11.315 44.4932
23.3 11.315 44.4932
23.4 11.315 44.4932
23.5 11.315 44.4932
23.6 11.3151 44.4932
23.7 11.3151 44.4932
23.8 11.3151 44.4932
23.9 11.3151 44.4932
24 11.3151 44.4932
24.1 11.3151 44.4932
24.2 11.3151 44.4932
24.3 11.3151 44.4932
24.4 11.3151 44.4932
24.5 11.3152 44.4932
24.6 11.3152 44.4933
24.7 11.3152 44.4933
24.8 11.3152 44.4933
24.9 11.3152 44.4933
25 11.3152 44.4933
25.1 11.3152 44.4933
25.2 11.3152 44.4933
25.3 11.3152 44.4933
25.4 11.3152 44.4933
25.5 11.3153 44.4933
25.6 11.3153 44.4933
25.7 11.3153 44.4933
25.8 11.3153 44.4933
25.9 11.3153 44.4933
26 11.3153 44.4933
26.1 11.3153 44.4933
26.2 11.3153 44.4933
26.3 11.3153 44.4933
26.4 11.3154 44.4933
26.5 11.3154 44.4933
26.6 11.3154 44.4933
26.7 11.3154 44.4933
26.8 11.3154 44.4933
26.9 11.3154 44.4933
27 11.3154 44.4933
27.1 11.3154 44.4933
27.2 11.3154 44.4933
27.3 11.3154 44.4933
27.4 11.3155 44.4933
27.5 11.3155 44.4933
27.6 11.3155 44.4933
27.7 11.3155 44.4933
27.8 11.3155 44.4933
27.9 11.3155 44.4933
28 11.3155 44.4933
28.1 11.3155 44.4933
28.2 11.3155 44.4933
28.3 11.3155 44.4933
28.4 11.3156 44.4933
28.5 11.3156 44.4933
28.6 11.3156 44.4933
28.7 11.3156 44.4933
28.8 11.3156 44.4933
28.9 11.3156 44.4933
29 11.3156 44.4933
29.1 11.3156 44.4933
29.2 11.3156 44.4933
29.3 11.3156 44.4933
29.4 11.3156 44.4933
29.5 11.3157 44.4933
29.6 11.3157 44.4933
29.7 11.3157 44.4933
29.8 11.3157 44.4933
29.9 11.3157 44.4933
30 11.3157 44.4933
30.1 11.3157 44.4933
30.2 11.3157 44.4933
30.3 11.3157 44.4933
30.4 11.3157 44.4933
30.5 11.3157 44.4933
30.6 11.3157 44.4933
30.7 11.3157 44.4933
30.8 11.3157 44.4933
30.9 11.3157 44.4933
31 11.3157 44.4932
31.1 11.3157 44.4932
31.2 11.3157 44.4932
31.3 11.3157 44.4932
31.4 11.3157 44.4932
31.5 11.3157 44.4932
31.6 11.3157 44.4932
31.7 11.3157 44.4932
31.8 11.3157 44.4932
31.9 11.3157 44.4932
32 11.3157 44.4932
32.1 11.3157 44.4932
32.2 11.3157 44.4932
32.3 11.3157 44.4932
32.4 11.3157 44.4932
32.5 11.3157 44.4931
32.6 11.3157 44.4931
32.7 11.3157 44.4931
32.8 11.3157 44.4931
32.9 11.3157 44.4931
33 11.3157 44.4931
33.1 11.3157 44.4931
33.2 11.3157 44.4931
33.3 11.3157 44.4931
33.4 11.3157 44.4931
33.5 11.3157 44.4931
33.6 11.3157 44.4931
33.7 11.3157 44.4931
33.8 11.3157 44.493
33.9 11.3157 44.493
34 11.3157 44.493
34.1 11.3157 44.493
34.2 11.3157 44.493
34.3 11.3157 44.493
34.4 11.3157 44.493
34.5 11.3157 44.493
34.6 11.3157 44.493
34.7 11.3157 44.493
34.8 11.3157 44.493
34.9 11.3157 44.493
35 11.3157 44.493
35.1 11.3157 44.4929
35.2 11.3157 44.4929
35.3 11.3157 44.4929
35.4 11.3157 44.4929
35.5 11.3157 44.4929
35.6 11.3157 44.4929
35.7 11.3157 44.4929
35.8 11.3157 44.4929
35.9 11.3157 44.4929
36 11.3157 44.4929
36.1 11.3157 44.4929
36.2 11.3157 44.4929
36.3 11.3157 44.4929
36.4 11.3157 44.4929
36.5 11.3157 44.4928
36.6 11.3157 44.4928
36.7 11.3157 44.4928
36.8 11.3157 44.4928
36.9 11.3157 44.4928
37 11.3157 44.4928
37.1 11.3157 44.4928
37.2 11.3157 44.4928
37.3 11.3157 44.4928
37.4 11.3157 44.4928
37.5 11.3157 44.4928
37.6 11.3157 44.4928
37.7 11.3157 44.4928
37.8 11.3157 44.4927
37.9 11.3157 44.4927
38 11.3157 44.4927
38.1 11.3157 44.4927
38.2 11.3157 44.4927
38.3 11.3157 44.4927
38.4 11.3157 44.4927
38.5 11.3157 44.4927
38.6 11.3157 44.4927
38.7 11.3157 44.4927
38.8 11.3157 44.4927
38.9 11.3157 44.4927
39 11.3157 44.4927
39.1 11.3157 44.4926
39.2 11.3157 44.4926
39.3 11.3157 44.4926
39.4 11.3157 44.4926
39.5 11.3157 44.4926
39.6 11.3157 44.4926
39.7 11.3157 44.4926
39.8 11.3157 44.4926
39.9 11.3157 44.4926
40 11.3157 44.4926
40.1 11.3157 44.4926
40.2 11.3157 44.4926
40.3 11.3157 44.4926
40.4 11.3157 44.4925
40.5 11.3157 44.4925
40.6 11.3157 44.4925
40.7 11.3157 44.4925
40.8 11.3157 44.4925
40.9 11.3157 44.4925
41 11.3157 44.4925
41.1 11.3157 44.4925
41.2 11.3157 44.4925
41.3 11.3157 44.4925
41.4 11.3157 44.4925
41.5 11.3157 44.4925
41.6 11.3157 44.4925
41.7 11.3157 44.4925
41.8 11.3157 44.4924
41.9 11.3157 44.4924
42 11.3157 44.4924
42.1 11.3157 44.4924
42.2 11.3157 44.4924
42.3 11.3157 44.4924
42.4 11.3157 44.4924
42.5 11.3157 44.4924
42.6 11.3157 44.4924
42.7 11.3157 44.4924
42.8 11.3157 44.4924
42.9 11.3157 44.4924
43 11.3157 44.4924
43.1 11.3157 44.4923
43.2 11.3157 44.4923
43.3 11.3157 44.4923
43.4 11.3157 44.4923
43.5 11.3157 44.4923
43.6 11.3157 44.4923
43.7 11.3157 44.4923
43.8 11.3157 44.4923
43.9 11.3157 44.4923
44 11.3157 44.4923
44.1 11.3157 44.4923
44.2 11.3157 44.4923
44.3 11.3157 44.4923
44.4 11.3157 44.4922
44.5 11.3157 44.4922
44.6 11.3157 44.4922
44.7 11.3157 44.4922
44.8 11.3157 44.4922
44.9 11.3157 44.4922
45 11.3157 44.4922
45.1 11.3157 44.4922
45.2 11.3157 44.4922
45.3 11.3157 44.4922
45.4 11.3157 44.4922
45.5 11.3157 44.4922
45.6 11.3157 44.4922
45.7 11.3157 44.4922
45.8 11.3157 44.4922
45.9 11.3157 44.4921
46 11.3157 44.4921
46.1 11.3157 44.4921
46.2 11.3157 44.4921
46.3 11.3157 44.4921
46.4 11.3157 44.4921
46.5 11.3157 44.4921
46.6 11.3157 44.4921
46.7 11.3157 44.4921
46.8 11.3157 44.4921
46.9 11.3157 44.4921
47 11.3157 44.4921
47.1 11.3157 44.4921
47.2 11.3157 44.4921
47.3 11.3157 44.4921
47.4 11.3157 44.4921
47.5 11.3157 44.4921
47.6 11.3157 44.4921
47.7 11.3156 44.4921
47.8 11.3156 44.4921
47.9 11.3156 44.4921
48 11.3156 44.4921
48.1 11.3156 44.4921
48.2 11.3156 44.4921
48.3 11.3156 44.4921
48.4 11.3156 44.4921
48.5 11.3156 44.4921
48.6 11.3156 44.4921
48.7 11.3155 44.4921
48.8 11.3155 44.4921
48.9 11.3155 44.4921
49 11.3155 44.4921
49.1 11.3155 44.4921
49.2 11.3155 44.4921
49.3 11.3155 44.4921
49.4 11.3155 44.4921
49.5 11.3155 44.4921
49.6 11.3155 44.4921
49.7 11.3154 44.4921
49.8 11.3154 44.4921
49.9 11.3154 44.4921
50 11.3154 44.4921
50.1 11.3154 44.4921
50.2 11.3154 44.4921
50.3 11.3154 44.4921
50.4 11.3154 44.4921
50.5 11.3154 44.4921
50.6 11.3153 44.4921
50.7 11.3153 44.4921
50.8 11.3153 44.4921
50.9 11.3153 44.4921
51 11.3153 44.4921
51.1 11.3153 44.4921
51.2 11.3153 44.4921
51.3 11.3153 44.4921
51.4 11.3153 44.4921
51.5 11.3153 44.4921
51.6 11.3152 44.4921
51.7 11.3152 44.4921
51.8 11.3152 44.4921
51.9 11.3152 44.4921
52 11.3152 44.4921
52.1 11.3152 44.4921
52.2 11.3152 44.4921
52.3 11.3152 44.4921
52.4 11.3152 44.4921
52.5 11.3152 44.4921
52.6 11.3151 44.4921
52.7 11.3151 44.4921
52.8 11.3151 44.4921
52.9 11.3151 44.4921
53 11.3151 44.4921
53.1 11.3151 44.4921
53.2 11.3151 44.4921
53.3 11.3151 44.4921
53.4 11.3151 44.4921
53.5 11.3151 44.4921
53.6 11.3151 44.4921
53.7 11.3151 44.4921
53.8 11.315 44.4921
53.9 11.315 44.4921
54 11.315 44.4921
54.1 11.315 44.4921
54.2 11.315 44.4921
54.3 11.315 44.4921
54.4 11.315 44.4921
54.5 11.315 44.4921
54.6 11.315 44.4921
54.7 11.315 44.4921
54.8 11.315 44.4921
54.9 11.315 44.4921
55 11.315 44.4921
55.1 11.315 44.4921
55.2 11.315 44.4921
55.3 11.315 44.4921
55.4 11.315 44.4921
55.5 11.315 44.4922
55.6 11.315 44.4922
55.7 11.315 44.4922
55.8 11.315 44.4922
55.9 11.315 44.4922
56 11.315 44.4922
56.1 11.315 44.4922
56.2 11.315 44.4922
56.3 11.315 44.4922
56.4 11.315 44.4922
56.5 11.315 44.4922
56.6 11.315 44.4922
56.7 11.315 44.4922
56.8 11.315 44.4923
56.9 11.315 44.4923
57 11.315 44.4923
57.1 11.315 44.4923
57.2 11.315 44.4923
57.3 11.315 44.4923
57.4 11.315 44.4923
57.5 11.315 44.4923
57.6 11.315 44.4923
57.7 11.315 44.4923
57.8 11.315 44.4923
57.9 11.315 44.4923
58 11.315 44.4923
58.1 11.315 44.4924
58.2 11.315 44.4924
58.3 11.315 44.4924
58.4 11.315 44.4924
58.5 11.315 44.4924
58.6 11.315 44.4924
58.7 11.315 44.4924
58.8 11.315 44.4924
58.9 11.315 44.4924
59 11.315 44.4924
59.1 11.315 44.4924
59.2 11.315 44.4924
59.3 11.315 44.4924
59.4 11.315 44.4924
59.5 11.315 44.4925
59.6 11.315 44.4925
59.7 11.315 44.4925
59.8 11.315 44.4925
59.9 11.315 44.4925
60 11.315 44.4925
60.1 11.315 44.4925
60.2 11.315 44.4925
60.3 11.315 44.4925
60.4 11.315 44.4925
60.5 11.315 44.4925
60.6 11.315 44.4925
60.7 11.315 44.4925
60.8 11.315 44.4926
60.9 11.315 44.4926
61 11.315 44.4926
61.1 11.315 44.4926
61.2 11.315 44.4926
61.3 11.315 44.4926
61.4 11.315 44.4926
61.5 11.315 44.4926
61.6 11.315 44.4926
61.7 11.315 44.4926
61.8 11.315 44.4926
61.9 11.315 44.4926
62 11.315 44.4926
62.1 11.315 44.4927
62.2 11.315 44.4927
62.3 11.315 44.4927
62.4 11.315 44.4927
62.5 11.315 44.4927
62.6 11.315 44.4927
62.7 11.315 44.4927
62.8 11.315 44.4927
62.9 11.315 44.4927
63 11.315 44.4927
63.1 11.315 44.4927
63.2 11.315 44.4927
63.3 11.315 44.4927
63.4 11.315 44.4927
63.5 11.315 44.4928
63.6 11.315 44.4928
63.7 11.315 44.4928
63.8 11.315 44.4928
63.9 11.315 44.4928
64 11.315 44.4928
64.1 11.315 44.4928
64.2 11.315 44.4928
64.3 11.315 44.4928
64.4 11.315 44.4928
64.5 11.315 44.4928
64.6 11.315 44.4928
64.7 11.315 44.4928
64.8 11.315 44.4929
64.9 11.315 44.4929
65 11.315 44.4929
65.1 11.315 44.4929
65.2 11.315 44.4929
65.3 11.315 44.4929
65.4 11.315 44.4929
65.5 11.315 44.4929
65.6 11.315 44.4929
65.7 11.315 44.4929
65.8 11.315 44.4929
65.9 11.315 44.4929
66 11.315 44.4929
66.1 11.315 44.493
66.2 11.315 44.493
66.3 11.315 44.493
66.4 11.315 44.493
66.5 11.315 44.493
66.6 11.315 44.493
66.7 11.315 44.493
66.8 11.315 44.493
66.9 11.315 44.493
67 11.315 44.493
67.1 11.315 44.493
67.2 11.315 44.493
67.3 11.315 44.493
67.4 11.315 44.4931
67.5 11.315 44.4931
67.6 11.315 44.4931
67.7 11.315 44.4931
67.8 11.315 44.4931
67.9 11.315 44.4931
68 11.315 44.4931
68.1 11.315 44.4931
68.2 11.315 44.4931
68.3 11.315 44.4931
68.4 11.315 44.4931
68.5 11.315 44.4931
68.6 11.315 44.4931
68.7 11.315 44.4931
68.8 11.315 44.4931
68.9 11.315 44.4932
69 11.315 44.4932
69.1 11.315 44.4932
69.2 11.315 44.4932
69.3 11.315 44.4932
69.4 11.315 44.4932
69.5 11.315 44.4932
69.6 11.315 44.4932
69.7 11.315 44.4932
69.8 11.315 44.4932
69.9 11.315 44.4932
70 11.315 44.4932
70.1 11.315 44.4932
70.2 11.315 44.4932
70.3 11.315 44.4932
70.4 11.315 44.4932
70.5 11.315 44.4932
70.6 11.315 44.4932
70.7 11.315 44.4932
70.8 11.3151 44.4932
70.9 11.3151 44.4932
71 11.3151 44.4932
71.1 11.3151 44.4932
71.2 11.3151 44.4932
71.3 11.3151 44.4932
71.4 11.3151 44.4932
71.5 11.3151 44.4932
71.6 11.3151 44.4932
71.7 11.3151 44.4932
71.8 11.3151 44.4932
71.9 11.3152 44.4932
72 11.3152 44.4932
72.1 11.3152 44.4933
72.2 11.3152 44.4933
72.3 11.3152 44.4933
72.4 11.3152 44.4933
72.5 11.3152 44.4933
72.6 11.3152 44.4933
72.7 11.3152 44.4933
72.8 11.3153 44.4933
72.9 11.3153 44.4933
73 11.3153 44.4933
73.1 11.3153 44.4933
73.2 11.3153 44.4933
73.3 11.3153 44.4933
73.4 11.3153 44.4933
73.5 11.3153 44.4933
73.6 11.3153 44.4933
73.7 11.3153 44.4933
73.8 11.3154 44.4933
73.9 11.3154 44.4933
74 11.3154 44.4933
74.1 11.3154 44.4933
74.2 11.3154 44.4933
74.3 11.3154 44.4933
74.4 11.3154 44.4933
74.5 11.3154 44.4933
74.6 11.3154 44.4933
74.7 11.3155 44.4933
74.8 11.3155 44.4933
74.9 11.3155 44.4933
75 11.3155 44.4933
75.1 11.3155 44.4933
75.2 11.3155 44.4933
75.3 11.3155 44.4933
75.4 11.3155 44.4933
75.5 11.3155 44.4933
75.6 11.3155 44.4933
75.7 11.3156 44.4933
75.8 11.3156 44.4933
75.9 11.3156 44.4933
76 11.3156 44.4933
76.1 11.3156 44.4933
76.2 11.3156 44.4933
76.3 11.3156 44.4933
76.4 11.3156 44.4933
76.5 11.3156 44.4933
76.6 11.3156 44.4933
76.7 11.3156 44.4933
76.8 11.3157 44.4933
76.9 11.3157 44.4933
77 11.3157 44.4933
77.1 11.3157 44.4933
77.2 11.3157 44.4933
77.3 11.3157 44.4933
77.4 11.3157 44.4933
77.5 11.3157 44.4933
77.6 11.3157 44.4933
77.7 11.3157 44.4933
77.8 11.3157 44.4933
77.9 11.3157 44.4933
78 11.3157 44.4933
78.1 11.3157 44.4933
78.2 11.3157 44.4933
78.3 11.3157 44.4934
78.4 11.3157 44.4934
78.5 11.3157 44.4934
78.6 11.3157 44.4934
78.7 11.3157 44.4934
78.8 11.3157 44.4934
78.9 11.3157 44.4934
79 11.3157 44.4934
79.1 11.3157 44.4934
79.2 11.3157 44.4934
79.3 11.3157 44.4934
79.4 11.3157 44.4934
79.5 11.3157 44.4934
79.6 11.3157 44.4934
79.7 11.3157 44.4934
79.8 11.3157 44.4935
79.9 11.3157 44.4935
80 11.3157 44.4935
80.1 11.3157 44.4935
80.2 11.3157 44.4935
80.3 11.3157 44.4935
80.4 11.3157 44.4935
80.5 11.3157 44.4935
80.6 11.3157 44.4935
80.7 11.3157 44.4935
80.8 11.3157 44.4935
80.9 11.3157 44.4935
81 11.3157 44.4935
81.1 11.3156 44.4935
81.2 11.3156 44.4936
81.3 11.3156 44.4936
81.4 11.3156 44.4936
81.5 11.3156 44.4936
81.6 11.3156 44.4936
81.7 11.3156 44.4936
81.8 11.3156 44.4936
81.9 11.3156 44.4936
82 11.3156 44.4936
82.1 11.3156 44.4936
82.2 11.3156 44.4936
82.3 11.3156 44.4936
82.4 11.3156 44.4936
82.5 11.3156 44.4936
82.6 11.3156 44.4936
82.7 11.3156 44.4936
82.8 11.3156 44.4937
82.9 11.3155 44.4937
83 11.3155 44.4937
83.1 11.3155 44.4937
83.2 11.3155 44.4937
83.3 11.3155 44.4937
83.4 11.3155 44.4937
83.5 11.3155 44.4937
83.6 11.3155 44.4937
83.7 11.3155 44.4937
83.8 11.3155 44.4937
83.9 11.3155 44.4937
84 11.3155 44.4937
84.1 11.3155 44.4937
84.2 11.3155 44.4937
84.3 11.3155 44.4937
84.4 11.3154 44.4937
84.5 11.3154 44.4938
84.6 11.3154 44.4938
84.7 11.3154 44.4938
84.8 11.3154 44.4938
84.9 11.3154 44.4938
85 11.3154 44.4938
85.1 11.3154 44.4938
85.2 11.3154 44.4938
85.3 11.3154 44.4938
85.4 11.3154 44.4938
85.5 11.3154 44.4938
85.6 11.3154 44.4938
85.7 11.3154 44.4938
85.8 11.3153 44.4938
85.9 11.3153 44.4938
86 11.3153 44.4938
86.1 11.3153 44.4938
86.2 11.3153 44.4938
86.3 11.3153 44.4939
86.4 11.3153 44.4939
86.5 11.3153 44.4939
86.6 11.3153 44.4939
86.7 11.3153 44.4939
86.8 11.3153 44.4939
86.9 11.3153 44.4939
87 11.3153 44.4939
87.1 11.3153 44.4939
87.2 11.3152 44.4939
87.3 11.3152 44.4939
87.4 11.3152 44.4939
87.5 11.3152 44.4939
87.6 11.3152 44.4939
87.7 11.3152 44.4939
87.8 11.3152 44.4939
87.9 11.3152 44.4939
88 11.3152 44.4939
88.1 11.3152 44.4939
88.2 11.3152 44.4939
88.3 11.3152 44.4939
88.4 11.3152 44.4939
88.5 11.3152 44.4939
88.6 11.3152 44.4939
88.7 11.3152 44.4939
88.8 11.3151 44.4939
88.9 11.3151 44.4939
89 11.3151 44.4939
89.1 11.3151 44.4939
89.2 11.3151 44.4939
89.3 11.3151 44.4939
89.4 11.3151 44.4939
89.5 11.3151 44.4939
89.6 11.3151 44.4939
89.7 11.3151 44.4939
89.8 11.3151 44.4939
89.9 11.3151 44.4939
